recurse
P0	1 T0 9 
P1	2 T1 14 
P2	4 T2 29 
P-1	6 T3 9 
P3	7 T4 78 
P-1	9 T5 19 
P-1	11 T6 30 
P-1	13 T7 67 
P-1	14 T8 24 
P-1	14 T9 24 
P-1	14 T10 26 
P0	16 T11 36 
P1	18 T12 22 
P-1	18 T13 25 
P-1	20 T14 81 
P1	23 T15 39 
P2	31 T16 42 
P0	37 T17 56 
P-1	38 T18 59 
P-1	39 T19 43 
P-1	40 T20 50 
P-1	41 T21 54 
P-1	43 T22 53 
P1	46 T23 69 
P2	47 T24 63 
P-1	53 T25 60 
P-1	57 T26 73 
P-1	58 T27 77 
P0	59 T28 73 
P-1	61 T29 62 
P2	67 T30 72 
P1	70 T31 76 
P0	74 T32 75 
NMec = 2020
Viable Sol. = 423179144
Profit = 48388
T = 33
P = 4
Profits not ignored
Solution time = 5.092585e+02
Task data
00    1   9  2318
01    2  14  1678
02    4  29  3828
03    6   9   358
04    7  78 12507
05    9  19  1342
06   11  30  2090
07   13  67  6406
08   14  24  2192
09   14  24  1648
10   14  26  1262
11   16  36  5383
12   18  22   674
13   18  25  1735
14   20  81  7475
15   23  39  2411
16   31  42  1662
17   37  56  3828
18   38  59  3105
19   39  43   824
20   40  50  2095
21   41  54  1968
22   43  53  1573
23   46  69  4833
24   47  63  4240
25   53  60  1369
26   57  73   851
27   58  77  1545
28   59  73  2625
29   61  62   195
30   67  72   630
31   70  76  1398
32   74  75   373
End
