P0	3 T0 20 
P-1	7 T1 33 
P-1	11 T2 30 
P1	12 T3 129 
P-1	22 T4 140 
P0	29 T5 39 
P-1	35 T6 60 
P-1	38 T7 55 
P-1	44 T8 67 
P-1	47 T9 63 
P0	48 T10 57 
P-1	51 T11 79 
P-1	52 T12 67 
P-1	53 T13 63 
P-1	53 T14 68 
P-1	55 T15 73 
P0	60 T16 79 
P-1	76 T17 93 
P-1	79 T18 85 
P-1	100 T19 103 
P0	101 T20 118 
P-1	102 T21 126 
P-1	110 T22 124 
P-1	110 T23 125 
P-1	111 T24 127 
P-1	116 T25 126 
P-1	117 T26 134 
P0	119 T27 138 
P-1	125 T28 129 
P0	143 T29 146 
P0	147 T30 148 
NMec = 2020
Viable Sol. = 1976496
Profit = 53476
T = 31
P = 2
Profits not ignored
Solution time = 3.209e-02
Task data
00    3  20  3696
01    7  33  3067
02   11  30  1470
03   12 129 32784
04   22 140 15620
05   29  39  2053
06   35  60  3139
07   38  55  1334
08   44  67  2443
09   47  63  3621
10   48  57  2028
11   51  79  2241
12   52  67  1937
13   53  63  2629
14   53  68  3993
15   55  73  2565
16   60  79  3472
17   76  93  1284
18   79  85   547
19  100 103   488
20  101 118  4082
21  102 126  4299
22  110 124  3212
23  110 125  2356
24  111 127  2006
25  116 126  1432
26  117 134  1983
27  119 138  4185
28  125 129   598
29  143 146   813
30  147 148   363
End
