P0	0 T0 4 
P1	1 T1 14 
P2	2 T2 17 
P3	3 T3 9 
P-1	3 T4 17 
P-1	3 T5 18 
P4	3 T6 21 
P0	6 T7 19 
P5	6 T8 19 
P-1	7 T9 16 
P6	8 T10 16 
P-1	8 T11 30 
P7	9 T12 18 
P8	9 T13 25 
P-1	10 T14 15 
P3	10 T15 30 
P-1	11 T16 29 
P-1	12 T17 33 
P1	16 T18 28 
P-1	17 T19 22 
P-1	17 T20 25 
P6	17 T21 32 
P-1	17 T22 32 
P-1	18 T23 33 
P2	18 T24 35 
P0	20 T25 25 
P5	20 T26 33 
P7	21 T27 33 
P4	25 T28 33 
P0	26 T29 34 
P8	28 T30 34 
P1	32 T31 35 
NMec = 2020
Viable Sol. = -2075873900
Profit = 48305
T = 32
P = 9
Profits not ignored
Solution time = 2.689e+01
Task data
00    0   4  1169
01    1  14  2265
02    2  17  2592
03    3   9   551
04    3  17  1227
05    3  18  1117
06    3  21  3531
07    6  19  2496
08    6  19  1731
09    7  16  1378
10    8  16  1973
11    8  30  3198
12    9  18  1721
13    9  25  3795
14   10  15   765
15   10  30  4403
16   11  29  2794
17   12  33  2706
18   16  28  2565
19   17  22   659
20   17  25   870
21   17  32  3666
22   17  32  1821
23   18  33  1266
24   18  35  4871
25   20  25   748
26   20  33  1682
27   21  33  3037
28   25  33  1532
29   26  34  1932
30   28  34  1161
31   32  35   884
End
