P-1	5 T0 11 
P0	9 T1 20 
P-1	20 T2 28 
P-1	26 T3 43 
P0	26 T4 297 
P-1	30 T5 49 
P-1	30 T6 50 
P-1	48 T7 318 
P-1	57 T8 76 
P-1	88 T9 95 
P-1	93 T10 120 
P-1	107 T11 241 
P-1	120 T12 135 
P-1	131 T13 145 
P-1	140 T14 156 
P-1	142 T15 152 
P-1	152 T16 171 
P-1	166 T17 186 
P-1	185 T18 194 
P-1	198 T19 204 
P-1	198 T20 224 
P-1	202 T21 221 
P-1	204 T22 209 
P-1	215 T23 222 
P-1	216 T24 228 
P-1	226 T25 233 
P-1	248 T26 257 
P-1	272 T27 281 
P-1	282 T28 297 
P-1	293 T29 310 
P-1	294 T30 308 
P0	300 T31 312 
P0	313 T32 320 
NMec = 2020
Viable Sol. = 2301716
Profit = 54970
T = 33
P = 1
Profits not ignored
Solution time = 4.764e-02
Task data
00    5  11   868
01    9  20  3137
02   20  28   680
03   26  43  1892
04   26 297 49653
05   30  49  3834
06   30  50  4136
07   48 318 18679
08   57  76  2365
09   88  95  1275
10   93 120  2405
11  107 241 20625
12  120 135  2933
13  131 145  2031
14  140 156  4040
15  142 152  1720
16  152 171  1934
17  166 186  2903
18  185 194  1695
19  198 204   788
20  198 224  3266
21  202 221  2341
22  204 209   762
23  215 222   991
24  216 228   732
25  226 233  1426
26  248 257  1009
27  272 281  2160
28  282 297  1417
29  293 310  2678
30  294 308  3987
31  300 312  1105
32  313 320  1075
End
