P0	2 T0 14 
P1	2 T1 16 
P-1	4 T2 13 
P-1	4 T3 164 
P-1	5 T4 14 
P-1	11 T5 17 
P-1	13 T6 15 
P-1	13 T7 67 
P-1	14 T8 24 
P0	15 T9 23 
P1	18 T10 162 
P0	29 T11 36 
P-1	35 T12 41 
P0	47 T13 66 
P-1	57 T14 68 
P-1	61 T15 72 
P-1	69 T16 85 
P0	70 T17 85 
P-1	72 T18 83 
P-1	73 T19 96 
P-1	78 T20 109 
P-1	83 T21 89 
P0	90 T22 102 
P-1	94 T23 108 
P0	105 T24 119 
P-1	106 T25 110 
P-1	110 T26 130 
P-1	115 T27 133 
P-1	118 T28 125 
P0	121 T29 140 
P-1	123 T30 137 
P-1	129 T31 143 
P0	143 T32 150 
NMec = 2020
Viable Sol. = 19763899
Profit = 66141
T = 33
P = 2
Profits not ignored
Solution time = 2.639e-01
Task data
00    2  14  1582
01    2  16  2786
02    4  13   925
03    4 164 21403
04    5  14   875
05   11  17  1053
06   13  15   395
07   13  67  5779
08   14  24  2227
09   15  23  2510
10   18 162 40418
11   29  36  1756
12   35  41   468
13   47  66  3060
14   57  68  1209
15   61  72  2098
16   69  85  1568
17   70  85  4009
18   72  83  1369
19   73  96  4381
20   78 109  7122
21   83  89  1777
22   90 102  1791
23   94 108  1643
24  105 119  3385
25  106 110  1113
26  110 130  3900
27  115 133  2891
28  118 125  1156
29  121 140  3948
30  123 137  2369
31  129 143  1238
32  143 150   896
End
