P0	0 T0 2 
P0	4 T1 19 
P1	5 T2 90 
P2	5 T3 97 
P-1	9 T4 33 
P-1	11 T5 25 
P-1	16 T6 18 
P-1	19 T7 39 
P0	21 T8 23 
P-1	21 T9 48 
P-1	22 T10 23 
P0	29 T11 40 
P-1	30 T12 35 
P0	42 T13 89 
P-1	44 T14 49 
P-1	45 T15 59 
P-1	48 T16 55 
P-1	50 T17 68 
P-1	55 T18 81 
P-1	58 T19 69 
P-1	59 T20 66 
P-1	60 T21 71 
P-1	68 T22 74 
P-1	70 T23 92 
P-1	76 T24 82 
P-1	81 T25 87 
P-1	81 T26 91 
P-1	86 T27 112 
P-1	89 T28 106 
P-1	94 T29 106 
P0	95 T30 101 
P-1	96 T31 98 
P1	97 T32 111 
P2	101 T33 103 
NMec = 2020
Viable Sol. = 533169682
Profit = 50425
T = 34
P = 3
Profits not ignored
Solution time = 6.586e+00
Task data
00    0   2   501
01    4  19  2734
02    5  90 12738
03    5  97 18209
04    9  33  3446
05   11  25   870
06   16  18   253
07   19  39  3439
08   21  23   296
09   21  48  4195
10   22  23   266
11   29  40  1931
12   30  35  1144
13   42  89 11539
14   44  49   467
15   45  59  1698
16   48  55  1708
17   50  68  2562
18   55  81  5466
19   58  69   935
20   59  66   636
21   60  71   900
22   68  74  1722
23   70  92  2060
24   76  82   668
25   81  87  1815
26   81  91  2920
27   86 112  2291
28   89 106  1324
29   94 106   809
30   95 101   968
31   96  98   339
32   97 111   873
33  101 103   636
End
