P0	1 T0 16 
P1	1 T1 63 
P2	3 T2 11 
P-1	3 T3 54 
P-1	4 T4 14 
P3	5 T5 17 
P-1	6 T6 30 
P-1	9 T7 21 
P-1	9 T8 30 
P-1	10 T9 18 
P4	11 T10 61 
P-1	14 T11 23 
P2	16 T12 27 
P0	18 T13 23 
P3	18 T14 34 
P-1	20 T15 41 
P-1	21 T16 35 
P-1	22 T17 27 
P-1	22 T18 42 
P-1	26 T19 46 
P0	27 T20 48 
P2	28 T21 66 
P-1	30 T22 38 
P-1	30 T23 45 
P-1	33 T24 36 
P-1	35 T25 41 
P3	35 T26 55 
P-1	38 T27 52 
P-1	40 T28 46 
P-1	43 T29 57 
P-1	44 T30 61 
P-1	46 T31 50 
P0	54 T32 66 
P3	57 T33 64 
NMec = 2020
Viable Sol. = 699677504
Profit = 49982
T = 34
P = 5
Profits not ignored
Solution time = 7.334e+00
Task data
00    1  16  2867
01    1  63  9292
02    3  11  1252
03    3  54  7450
04    4  14  1015
05    5  17  1309
06    6  30  3790
07    9  21   989
08    9  30  4582
09   10  18  1264
10   11  61  9801
11   14  23  1329
12   16  27  1914
13   18  23  1647
14   18  34  4375
15   20  41  1794
16   21  35  1660
17   22  27  1320
18   22  42  1508
19   26  46  2417
20   27  48  6269
21   28  66  5419
22   30  38  1647
23   30  45  1366
24   33  36   803
25   35  41   592
26   35  55  2171
27   38  52  1415
28   40  46  1346
29   43  57  1973
30   44  61  2145
31   46  50   470
32   54  66  2040
33   57  64  1626
End
