P0	0 T0 11 
P1	0 T1 22 
P2	2 T2 22 
P3	2 T3 23 
P4	2 T4 27 
P5	3 T5 8 
P-1	3 T6 20 
P6	4 T7 13 
P-1	4 T8 20 
P-1	4 T9 20 
P-1	4 T10 29 
P-1	4 T11 30 
P7	5 T12 12 
P8	6 T13 19 
P-1	8 T14 28 
P-1	10 T15 19 
P-1	12 T16 29 
P0	12 T17 36 
P5	13 T18 25 
P7	13 T19 29 
P-1	13 T20 37 
P-1	15 T21 26 
P-1	18 T22 30 
P6	19 T23 37 
P8	21 T24 31 
P-1	24 T25 32 
P1	24 T26 33 
P2	25 T27 32 
P3	25 T28 33 
P5	26 T29 37 
P4	29 T30 37 
P7	31 T31 36 
P8	32 T32 37 
P1	34 T33 35 
NMec = 2020
Viable Sol. = 1486744290
Profit = 48085
T = 34
P = 9
Profits not ignored
Solution time = 6.721e+01
Task data
00    0  11  1141
01    0  22  4373
02    2  22  4968
03    2  23  2860
04    2  27  3135
05    3   8   921
06    3  20  1637
07    4  13  1008
08    4  20  1516
09    4  20  1248
10    4  29  2980
11    4  30  2104
12    5  12   929
13    6  19  1993
14    8  28  3087
15   10  19  1331
16   12  29  2237
17   12  36  3841
18   13  25  2192
19   13  29  3220
20   13  37  2216
21   15  26  1364
22   18  30  1092
23   19  37  2334
24   21  31  2741
25   24  32   896
26   24  33  2074
27   25  32  1674
28   25  33  2498
29   26  37  2368
30   29  37  1146
31   31  36  1176
32   32  37  1244
33   34  35   249
End
