P0	1 T0 25 
P1	2 T1 11 
P2	2 T2 20 
P3	5 T3 41 
P4	6 T4 16 
P5	6 T5 21 
P6	7 T6 27 
P-1	8 T7 14 
P-1	8 T8 21 
P-1	8 T9 26 
P-1	10 T10 24 
P-1	10 T11 25 
P-1	11 T12 19 
P-1	12 T13 21 
P-1	13 T14 20 
P1	13 T15 31 
P-1	13 T16 32 
P7	14 T17 34 
P8	14 T18 39 
P-1	15 T19 19 
P-1	16 T20 29 
P-1	17 T21 26 
P-1	17 T22 34 
P-1	18 T23 27 
P-1	18 T24 29 
P-1	18 T25 29 
P4	20 T26 31 
P-1	20 T27 32 
P2	21 T28 29 
P-1	22 T29 27 
P-1	22 T30 35 
P5	24 T31 37 
P-1	25 T32 29 
P-1	25 T33 31 
P0	26 T34 33 
P2	30 T35 37 
P6	31 T36 40 
NMec = 2020
Viable Sol. = -1076671316
Profit = 54579
T = 37
P = 9
Profits not ignored
Solution time = 1.172e+02
Task data
00    1  25  3821
01    2  11  1436
02    2  20  4226
03    5  41  8583
04    6  16  1691
05    6  21  3315
06    7  27  4355
07    8  14   988
08    8  21  1898
09    8  26  2050
10   10  24  2298
11   10  25  1204
12   11  19   776
13   12  21  1609
14   13  20   464
15   13  31  4898
16   13  32  1558
17   14  34  5462
18   14  39  6035
19   15  19   298
20   16  29   996
21   17  26  1165
22   17  34  1791
23   18  27  1259
24   18  29  1596
25   18  29  2566
26   20  31  3289
27   20  32  2110
28   21  29  1698
29   22  27   639
30   22  35  1266
31   24  37  1818
32   25  29   454
33   25  31  1111
34   26  33  1499
35   30  37  1037
36   31  40  1416
End
