P0	1 T0 18 
P-1	4 T1 23 
P-1	63 T2 79 
P-1	69 T3 81 
P-1	70 T4 84 
P-1	72 T5 77 
P-1	75 T6 82 
P0	76 T7 93 
P-1	81 T8 90 
P-1	85 T9 87 
P-1	89 T10 91 
P-1	94 T11 98 
P0	94 T12 114 
P-1	105 T13 126 
P0	124 T14 141 
P-1	129 T15 147 
P-1	149 T16 164 
P0	158 T17 170 
P-1	160 T18 166 
P0	178 T19 327 
P-1	186 T20 192 
P-1	187 T21 189 
P-1	206 T22 215 
P-1	216 T23 224 
P-1	222 T24 230 
P-1	226 T25 241 
P-1	243 T26 251 
P-1	246 T27 262 
P-1	250 T28 261 
P-1	255 T29 262 
P-1	295 T30 316 
P-1	307 T31 326 
P-1	310 T32 323 
P-1	319 T33 321 
P0	339 T34 365 
P-1	340 T35 361 
P-1	355 T36 368 
P-1	365 T37 376 
NMec = 2020
Viable Sol. = 28330848
Profit = 49629
T = 38
P = 1
Profits not ignored
Solution time = 3.586e-01
Task data
00    1  18  2011
01    4  23  1640
02   63  79  1440
03   69  81  1397
04   70  84  1146
05   72  77  1116
06   75  82  1338
07   76  93  3571
08   81  90  1390
09   85  87   293
10   89  91   445
11   94  98   987
12   94 114  3681
13  105 126  3004
14  124 141  3265
15  129 147  2031
16  149 164  1794
17  158 170  2976
18  160 166   521
19  178 327 27578
20  186 192  1166
21  187 189   344
22  206 215  1067
23  216 224  2351
24  222 230  2530
25  226 241  1704
26  243 251   730
27  246 262  3563
28  250 261   989
29  255 262  1898
30  295 316  2009
31  307 326  2780
32  310 323  1182
33  319 321   444
34  339 365  6547
35  340 361  3109
36  355 368  1964
37  365 376   871
End
