P-1	0 T0 12 
P0	0 T1 14 
P1	0 T2 43 
P2	1 T3 21 
P-1	1 T4 52 
P3	2 T5 18 
P-1	2 T6 20 
P4	3 T7 12 
P-1	3 T8 22 
P-1	3 T9 26 
P5	4 T10 51 
P-1	5 T11 10 
P-1	5 T12 12 
P-1	5 T13 13 
P6	5 T14 47 
P-1	7 T15 27 
P-1	10 T16 21 
P-1	12 T17 20 
P-1	12 T18 22 
P4	13 T19 37 
P-1	14 T20 22 
P0	18 T21 26 
P3	20 T22 31 
P-1	21 T23 43 
P-1	22 T24 26 
P2	22 T25 46 
P-1	24 T26 43 
P-1	29 T27 34 
P-1	29 T28 42 
P-1	30 T29 40 
P0	31 T30 45 
P3	33 T31 46 
P4	39 T32 53 
P-1	41 T33 44 
P-1	41 T34 50 
P0	46 T35 50 
P1	46 T36 52 
P2	47 T37 48 
NMec = 2020
Viable Sol. = 1912512603
Profit = 50543
T = 38
P = 7
Profits not ignored
Solution time = 3.548e+02
Task data
00    0  12  1256
01    0  14  3386
02    0  43  6155
03    1  21  4136
04    1  52  5534
05    2  18  3085
06    2  20  1777
07    3  12  1868
08    3  22  1733
09    3  26  1308
10    4  51  8751
11    5  10  1037
12    5  12  1448
13    5  13  1152
14    5  47  6079
15    7  27  2658
16   10  21  1388
17   12  20  1477
18   12  22  2011
19   13  37  2066
20   14  22  1293
21   18  26   861
22   20  31  2154
23   21  43  1801
24   22  26   723
25   22  46  3723
26   24  43  1705
27   29  34   535
28   29  42  1272
29   30  40  1123
30   31  45  1842
31   33  46  2361
32   39  53  2271
33   41  44   479
34   41  50  1044
35   46  50  1005
36   46  52   575
37   47  48   225
End
