P0	1 T0 12 
P-1	3 T1 25 
P-1	3 T2 70 
P-1	3 T3 72 
P-1	5 T4 26 
P-1	7 T5 26 
P1	11 T6 25 
P-1	11 T7 71 
P0	14 T8 25 
P2	17 T9 31 
P3	19 T10 32 
P-1	31 T11 52 
P0	32 T12 37 
P1	32 T13 38 
P-1	32 T14 63 
P2	33 T15 40 
P-1	34 T16 50 
P-1	36 T17 52 
P-1	38 T18 55 
P0	40 T19 54 
P1	43 T20 58 
P2	44 T21 47 
P3	45 T22 49 
P-1	45 T23 63 
P2	51 T24 52 
P3	52 T25 65 
P2	53 T26 63 
P0	59 T27 72 
P1	61 T28 71 
NMec = 98475
Viable Sol. = 22439438
Profit = 17
T = 29
P = 4
Profits ignored
Solution time = 2.530e-01
Task data
00    1  12     1
01    3  25     1
02    3  70     1
03    3  72     1
04    5  26     1
05    7  26     1
06   11  25     1
07   11  71     1
08   14  25     1
09   17  31     1
10   19  32     1
11   31  52     1
12   32  37     1
13   32  38     1
14   32  63     1
15   33  40     1
16   34  50     1
17   36  52     1
18   38  55     1
19   40  54     1
20   43  58     1
21   44  47     1
22   45  49     1
23   45  63     1
24   51  52     1
25   52  65     1
26   53  63     1
27   59  72     1
28   61  71     1
End
