P0	16 T0 21 
P-1	2 T1 23 
P-1	7 T2 24 
P-1	10 T3 24 
P-1	11 T4 26 
P-1	16 T5 33 
P0	59 T6 62 
P0	100 T7 106 
P-1	101 T8 110 
P0	129 T9 140 
P-1	49 T10 144 
P-1	130 T11 145 
P0	145 T12 156 
P-1	152 T13 166 
P0	171 T14 172 
P0	173 T15 175 
P-1	169 T16 176 
P-1	163 T17 177 
P0	183 T18 194 
P-1	193 T19 204 
P0	206 T20 217 
P-1	71 T21 225 
P0	226 T22 228 
P-1	160 T23 233 
P-1	210 T24 233 
P0	235 T25 248 
P-1	0 T26 257 
P0	258 T27 269 
P-1	258 T28 282 
NMec = 98475
Viable Sol. = 0
Profit = 12
T = 29
P = 1
Profits ignored
Solution time = 3.000e-05
Task data
00   16  21     1
01    2  23     1
02    7  24     1
03   10  24     1
04   11  26     1
05   16  33     1
06   59  62     1
07  100 106     1
08  101 110     1
09  129 140     1
10   49 144     1
11  130 145     1
12  145 156     1
13  152 166     1
14  171 172     1
15  173 175     1
16  169 176     1
17  163 177     1
18  183 194     1
19  193 204     1
20  206 217     1
21   71 225     1
22  226 228     1
23  160 233     1
24  210 233     1
25  235 248     1
26    0 257     1
27  258 269     1
28  258 282     1
End
