P-1	6 T0 25 
P0	7 T1 9 
P-1	8 T2 134 
P0	13 T3 21 
P1	16 T4 31 
P0	26 T5 44 
P-1	34 T6 47 
P1	34 T7 49 
P0	47 T8 58 
P-1	50 T9 113 
P-1	51 T10 68 
P1	56 T11 74 
P0	60 T12 80 
P-1	72 T13 83 
P-1	73 T14 95 
P-1	74 T15 90 
P-1	74 T16 92 
P1	77 T17 82 
P-1	79 T18 120 
P-1	80 T19 90 
P0	82 T20 87 
P1	84 T21 87 
P-1	90 T22 105 
P-1	90 T23 106 
P0	95 T24 110 
P1	100 T25 118 
P0	114 T26 123 
P0	125 T27 141 
P1	126 T28 132 
NMec = 98475
Viable Sol. = 3463764
Profit = 16
T = 29
P = 2
Profits ignored
Solution time = 3.551e-02
Task data
00    6  25     1
01    7   9     1
02    8 134     1
03   13  21     1
04   16  31     1
05   26  44     1
06   34  47     1
07   34  49     1
08   47  58     1
09   50 113     1
10   51  68     1
11   56  74     1
12   60  80     1
13   72  83     1
14   73  95     1
15   74  90     1
16   74  92     1
17   77  82     1
18   79 120     1
19   80  90     1
20   82  87     1
21   84  87     1
22   90 105     1
23   90 106     1
24   95 110     1
25  100 118     1
26  114 123     1
27  125 141     1
28  126 132     1
End
