P-1	1 T0 54 
P0	2 T1 14 
P1	2 T2 14 
P-1	8 T3 17 
P2	13 T4 17 
P-1	14 T5 34 
P0	15 T6 20 
P-1	15 T7 27 
P1	16 T8 29 
P3	17 T9 25 
P4	17 T10 26 
P-1	18 T11 43 
P2	19 T12 30 
P-1	20 T13 34 
P0	22 T14 38 
P-1	25 T15 45 
P-1	25 T16 48 
P-1	25 T17 57 
P3	27 T18 45 
P1	30 T19 39 
P2	31 T20 36 
P4	31 T21 39 
P-1	37 T22 48 
P-1	38 T23 56 
P0	39 T24 46 
P1	40 T25 48 
P2	42 T26 57 
P4	43 T27 54 
P3	46 T28 52 
NMec = 98475
Viable Sol. = 58241890
Profit = 18
T = 29
P = 5
Profits ignored
Solution time = 6.537e-01
Task data
00    1  54     1
01    2  14     1
02    2  14     1
03    8  17     1
04   13  17     1
05   14  34     1
06   15  20     1
07   15  27     1
08   16  29     1
09   17  25     1
10   17  26     1
11   18  43     1
12   19  30     1
13   20  34     1
14   22  38     1
15   25  45     1
16   25  48     1
17   25  57     1
18   27  45     1
19   30  39     1
20   31  36     1
21   31  39     1
22   37  48     1
23   38  56     1
24   39  46     1
25   40  48     1
26   42  57     1
27   43  54     1
28   46  52     1
End
