P0	0 T0 4 
P1	0 T1 19 
P2	1 T2 19 
P-1	2 T3 28 
P-1	2 T4 31 
P3	3 T5 20 
P-1	3 T6 23 
P4	4 T7 15 
P-1	4 T8 23 
P-1	4 T9 29 
P0	6 T10 13 
P-1	6 T11 27 
P-1	7 T12 24 
P5	9 T13 21 
P6	11 T14 18 
P7	11 T15 20 
P-1	11 T16 28 
P-1	12 T17 28 
P-1	13 T18 32 
P-1	17 T19 31 
P0	19 T20 25 
P1	20 T21 26 
P2	20 T22 30 
P3	21 T23 28 
P4	21 T24 29 
P6	21 T25 30 
P5	22 T26 31 
P7	23 T27 30 
P8	23 T28 32 
NMec = 98475
Viable Sol. = 168377843
Profit = 18
T = 29
P = 9
Profits ignored
Solution time = 2.388e+00
Task data
00    0   4     1
01    0  19     1
02    1  19     1
03    2  28     1
04    2  31     1
05    3  20     1
06    3  23     1
07    4  15     1
08    4  23     1
09    4  29     1
10    6  13     1
11    6  27     1
12    7  24     1
13    9  21     1
14   11  18     1
15   11  20     1
16   11  28     1
17   12  28     1
18   13  32     1
19   17  31     1
20   19  25     1
21   20  26     1
22   20  30     1
23   21  28     1
24   21  29     1
25   21  30     1
26   22  31     1
27   23  30     1
28   23  32     1
End
