P0	0 T0 7 
P1	0 T1 8 
P2	1 T2 5 
P3	1 T3 9 
P4	3 T4 16 
P-1	3 T5 18 
P5	3 T6 20 
P0	10 T7 19 
P1	10 T8 28 
P2	11 T9 14 
P-1	11 T10 35 
P-1	13 T11 34 
P-1	14 T12 30 
P-1	15 T13 32 
P-1	15 T14 34 
P2	16 T15 18 
P3	16 T16 20 
P4	17 T17 27 
P6	18 T18 27 
P-1	20 T19 29 
P0	21 T20 24 
P-1	22 T21 32 
P2	22 T22 37 
P0	25 T23 39 
P3	26 T24 34 
P4	28 T25 38 
P5	28 T26 41 
P6	28 T27 41 
P1	29 T28 41 
NMec = 98475
Viable Sol. = 227122464
Profit = 21
T = 29
P = 7
Profits ignored
Solution time = 2.763e+00
Task data
00    0   7     1
01    0   8     1
02    1   5     1
03    1   9     1
04    3  16     1
05    3  18     1
06    3  20     1
07   10  19     1
08   10  28     1
09   11  14     1
10   11  35     1
11   13  34     1
12   14  30     1
13   15  32     1
14   15  34     1
15   16  18     1
16   16  20     1
17   17  27     1
18   18  27     1
19   20  29     1
20   21  24     1
21   22  32     1
22   22  37     1
23   25  39     1
24   26  34     1
25   28  38     1
26   28  41     1
27   28  41     1
28   29  41     1
End
