P0	0 T0 1 
P1	0 T1 6 
P2	1 T2 9 
P-1	1 T3 15 
P0	2 T4 10 
P3	2 T5 17 
P-1	2 T6 27 
P-1	4 T7 20 
P-1	7 T8 44 
P1	8 T9 25 
P4	9 T10 12 
P0	12 T11 27 
P2	12 T12 30 
P4	13 T13 26 
P5	15 T14 27 
P-1	17 T15 43 
P-1	18 T16 37 
P3	19 T17 26 
P-1	20 T18 34 
P-1	24 T19 42 
P-1	26 T20 46 
P1	27 T21 31 
P3	27 T22 46 
P0	30 T23 38 
P2	31 T24 38 
P1	32 T25 43 
P4	32 T26 44 
P5	34 T27 42 
P0	42 T28 47 
NMec = 98475
Viable Sol. = 174235912
Profit = 20
T = 29
P = 6
Profits ignored
Solution time = 1.865e+00
Task data
00    0   1     1
01    0   6     1
02    1   9     1
03    1  15     1
04    2  10     1
05    2  17     1
06    2  27     1
07    4  20     1
08    7  44     1
09    8  25     1
10    9  12     1
11   12  27     1
12   12  30     1
13   13  26     1
14   15  27     1
15   17  43     1
16   18  37     1
17   19  26     1
18   20  34     1
19   24  42     1
20   26  46     1
21   27  31     1
22   27  46     1
23   30  38     1
24   31  38     1
25   32  43     1
26   32  44     1
27   34  42     1
28   42  47     1
End
