P0	0 T0 12 
P1	0 T1 14 
P2	0 T2 17 
P3	1 T3 6 
P4	1 T4 11 
P-1	1 T5 18 
P-1	2 T6 20 
P-1	2 T7 24 
P5	3 T8 16 
P-1	3 T9 21 
P-1	3 T10 22 
P-1	3 T11 23 
P-1	3 T12 24 
P-1	4 T13 26 
P-1	5 T14 18 
P-1	6 T15 24 
P-1	8 T16 19 
P3	9 T17 29 
P6	9 T18 29 
P7	10 T19 26 
P0	13 T20 19 
P4	13 T21 23 
P8	14 T22 28 
P1	15 T23 29 
P9	16 T24 24 
P2	18 T25 20 
P5	18 T26 22 
P0	22 T27 28 
P2	24 T28 29 
NMec = 98475
Viable Sol. = 214544274
Profit = 18
T = 29
P = 10
Profits ignored
Solution time = 1.963e+00
Task data
00    0  12     1
01    0  14     1
02    0  17     1
03    1   6     1
04    1  11     1
05    1  18     1
06    2  20     1
07    2  24     1
08    3  16     1
09    3  21     1
10    3  22     1
11    3  23     1
12    3  24     1
13    4  26     1
14    5  18     1
15    6  24     1
16    8  19     1
17    9  29     1
18    9  29     1
19   10  26     1
20   13  19     1
21   13  23     1
22   14  28     1
23   15  29     1
24   16  24     1
25   18  20     1
26   18  22     1
27   22  28     1
28   24  29     1
End
