P-1	0 T0 46 
P-1	0 T1 47 
P0	1 T2 9 
P-1	1 T3 13 
P1	2 T4 13 
P2	4 T5 8 
P3	4 T6 19 
P4	5 T7 18 
P-1	7 T8 47 
P2	9 T9 20 
P5	9 T10 20 
P-1	10 T11 48 
P-1	13 T12 26 
P0	13 T13 27 
P-1	14 T14 31 
P1	16 T15 26 
P-1	16 T16 35 
P-1	18 T17 32 
P-1	18 T18 41 
P-1	20 T19 42 
P2	21 T20 38 
P3	22 T21 35 
P4	26 T22 36 
P5	26 T23 46 
P1	27 T24 45 
P0	31 T25 43 
P3	37 T26 38 
P4	37 T27 43 
P2	42 T28 49 
P0	45 T29 47 
NMec = 98475
Viable Sol. = 123131083
Profit = 19
T = 30
P = 6
Profits ignored
Solution time = 1.321e+00
Task data
00    0  46     1
01    0  47     1
02    1   9     1
03    1  13     1
04    2  13     1
05    4   8     1
06    4  19     1
07    5  18     1
08    7  47     1
09    9  20     1
10    9  20     1
11   10  48     1
12   13  26     1
13   13  27     1
14   14  31     1
15   16  26     1
16   16  35     1
17   18  32     1
18   18  41     1
19   20  42     1
20   21  38     1
21   22  35     1
22   26  36     1
23   26  46     1
24   27  45     1
25   31  43     1
26   37  38     1
27   37  43     1
28   42  49     1
29   45  47     1
End
