P0	0 T0 7 
P-1	0 T1 19 
P-1	0 T2 33 
P1	1 T3 7 
P2	2 T4 14 
P-1	2 T5 19 
P-1	2 T6 23 
P-1	2 T7 33 
P3	3 T8 9 
P4	3 T9 14 
P-1	4 T10 27 
P5	5 T11 17 
P-1	5 T12 21 
P-1	5 T13 25 
P-1	6 T14 30 
P-1	6 T15 31 
P-1	9 T16 27 
P-1	10 T17 19 
P-1	12 T18 23 
P-1	12 T19 24 
P0	13 T20 26 
P1	13 T21 26 
P2	15 T22 24 
P3	16 T23 26 
P4	16 T24 32 
P5	18 T25 29 
P6	18 T26 30 
P7	18 T27 33 
P8	19 T28 22 
P8	24 T29 29 
NMec = 98475
Viable Sol. = 195536065
Profit = 16
T = 30
P = 9
Profits ignored
Solution time = 2.404e+00
Task data
00    0   7     1
01    0  19     1
02    0  33     1
03    1   7     1
04    2  14     1
05    2  19     1
06    2  23     1
07    2  33     1
08    3   9     1
09    3  14     1
10    4  27     1
11    5  17     1
12    5  21     1
13    5  25     1
14    6  30     1
15    6  31     1
16    9  27     1
17   10  19     1
18   12  23     1
19   12  24     1
20   13  26     1
21   13  26     1
22   15  24     1
23   16  26     1
24   16  32     1
25   18  29     1
26   18  30     1
27   18  33     1
28   19  22     1
29   24  29     1
End
