P0	0 T0 10 
P1	1 T1 11 
P-1	4 T2 19 
P2	5 T3 26 
P-1	7 T4 28 
P-1	9 T5 32 
P3	10 T6 15 
P0	11 T7 16 
P4	11 T8 19 
P5	11 T9 24 
P1	13 T10 21 
P-1	14 T11 31 
P-1	14 T12 31 
P-1	15 T13 30 
P0	17 T14 28 
P-1	17 T15 33 
P-1	17 T16 35 
P-1	17 T17 35 
P3	18 T18 27 
P6	19 T19 23 
P-1	20 T20 39 
P-1	21 T21 38 
P-1	22 T22 40 
P1	24 T23 32 
P4	24 T24 41 
P5	25 T25 35 
P6	26 T26 40 
P2	27 T27 32 
P0	32 T28 41 
P3	32 T29 41 
NMec = 98475
Viable Sol. = 148984164
Profit = 18
T = 30
P = 7
Profits ignored
Solution time = 1.470e+00
Task data
00    0  10     1
01    1  11     1
02    4  19     1
03    5  26     1
04    7  28     1
05    9  32     1
06   10  15     1
07   11  16     1
08   11  19     1
09   11  24     1
10   13  21     1
11   14  31     1
12   14  31     1
13   15  30     1
14   17  28     1
15   17  33     1
16   17  35     1
17   17  35     1
18   18  27     1
19   19  23     1
20   20  39     1
21   21  38     1
22   22  40     1
23   24  32     1
24   24  41     1
25   25  35     1
26   26  40     1
27   27  32     1
28   32  41     1
29   32  41     1
End
