P-1	2 T0 87 
P-1	4 T1 81 
P-1	7 T2 26 
P-1	8 T3 21 
P0	11 T4 19 
P1	11 T5 28 
P2	19 T6 38 
P0	25 T7 31 
P-1	29 T8 86 
P1	31 T9 37 
P-1	35 T10 44 
P0	35 T11 48 
P-1	38 T12 53 
P-1	38 T13 55 
P1	42 T14 56 
P2	43 T15 53 
P-1	49 T16 71 
P0	53 T17 63 
P-1	56 T18 78 
P1	60 T19 68 
P0	64 T20 67 
P2	64 T21 77 
P-1	64 T22 78 
P-1	65 T23 85 
P-1	69 T24 78 
P-1	69 T25 82 
P0	70 T26 81 
P1	72 T27 79 
P2	78 T28 93 
P1	80 T29 91 
NMec = 98475
Viable Sol. = 13249429
Profit = 16
T = 30
P = 3
Profits ignored
Solution time = 1.301e-01
Task data
00    2  87     1
01    4  81     1
02    7  26     1
03    8  21     1
04   11  19     1
05   11  28     1
06   19  38     1
07   25  31     1
08   29  86     1
09   31  37     1
10   35  44     1
11   35  48     1
12   38  53     1
13   38  55     1
14   42  56     1
15   43  53     1
16   49  71     1
17   53  63     1
18   56  78     1
19   60  68     1
20   64  67     1
21   64  77     1
22   64  78     1
23   65  85     1
24   69  78     1
25   69  82     1
26   70  81     1
27   72  79     1
28   78  93     1
29   80  91     1
End
