P0	0 T0 13 
P1	1 T1 2 
P2	1 T2 10 
P-1	1 T3 24 
P-1	2 T4 26 
P1	3 T5 4 
P3	3 T6 12 
P1	5 T7 13 
P4	5 T8 14 
P-1	5 T9 23 
P-1	5 T10 23 
P-1	5 T11 39 
P5	8 T12 19 
P-1	10 T13 32 
P-1	10 T14 33 
P-1	12 T15 32 
P0	14 T16 22 
P1	15 T17 25 
P-1	15 T18 30 
P2	18 T19 25 
P-1	18 T20 34 
P3	20 T21 28 
P4	22 T22 28 
P5	22 T23 29 
P6	22 T24 30 
P0	24 T25 35 
P1	26 T26 36 
P2	26 T27 44 
P3	30 T28 36 
P4	30 T29 41 
P0	37 T30 43 
NMec = 98475
Viable Sol. = 510892808
Profit = 21
T = 31
P = 7
Profits ignored
Solution time = 4.413e+00
Task data
00    0  13     1
01    1   2     1
02    1  10     1
03    1  24     1
04    2  26     1
05    3   4     1
06    3  12     1
07    5  13     1
08    5  14     1
09    5  23     1
10    5  23     1
11    5  39     1
12    8  19     1
13   10  32     1
14   10  33     1
15   12  32     1
16   14  22     1
17   15  25     1
18   15  30     1
19   18  25     1
20   18  34     1
21   20  28     1
22   22  28     1
23   22  29     1
24   22  30     1
25   24  35     1
26   26  36     1
27   26  44     1
28   30  36     1
29   30  41     1
30   37  43     1
End
