P0	17 T0 24 
P-1	24 T1 30 
P0	32 T2 38 
P0	56 T3 65 
P-1	58 T4 69 
P-1	61 T5 74 
P0	70 T6 85 
P-1	79 T7 88 
P-1	79 T8 91 
P0	91 T9 96 
P-1	85 T10 98 
P-1	87 T11 98 
P-1	58 T12 115 
P0	121 T13 134 
P-1	134 T14 147 
P-1	122 T15 149 
P0	152 T16 166 
P0	179 T17 182 
P-1	181 T18 190 
P0	187 T19 195 
P0	205 T20 218 
P-1	214 T21 224 
P0	227 T22 245 
P-1	235 T23 249 
P-1	240 T24 250 
P0	251 T25 271 
P-1	261 T26 275 
P0	278 T27 286 
P-1	280 T28 292 
P-1	274 T29 293 
P-1	285 T30 293 
NMec = 98475
Viable Sol. = 0
Profit = 13
T = 31
P = 1
Profits ignored
Solution time = 1.215e-05
Task data
00   17  24     1
01   24  30     1
02   32  38     1
03   56  65     1
04   58  69     1
05   61  74     1
06   70  85     1
07   79  88     1
08   79  91     1
09   91  96     1
10   85  98     1
11   87  98     1
12   58 115     1
13  121 134     1
14  134 147     1
15  122 149     1
16  152 166     1
17  179 182     1
18  181 190     1
19  187 195     1
20  205 218     1
21  214 224     1
22  227 245     1
23  235 249     1
24  240 250     1
25  251 271     1
26  261 275     1
27  278 286     1
28  280 292     1
29  274 293     1
30  285 293     1
End
