P0	17 T0 24 
P-1	24 T1 30 
P0	32 T2 38 
P-1	56 T3 65 
P-1	58 T4 69 
P0	58 T5 115 
P-1	61 T6 74 
P-1	70 T7 85 
P-1	79 T8 88 
P-1	79 T9 91 
P-1	85 T10 98 
P-1	87 T11 98 
P-1	91 T12 96 
P-1	121 T13 134 
P-1	122 T14 149 
P0	134 T15 147 
P0	152 T16 166 
P-1	179 T17 182 
P0	181 T18 190 
P-1	187 T19 195 
P-1	205 T20 218 
P0	214 T21 224 
P0	227 T22 245 
P-1	235 T23 249 
P-1	240 T24 250 
P0	251 T25 271 
P-1	261 T26 275 
P0	274 T27 293 
P-1	278 T28 286 
P-1	280 T29 292 
P-1	285 T30 293 
NMec = 98475
Viable Sol. = 1532160
Profit = 31495
T = 31
P = 1
Profits not ignored
Solution time = 2.691e-02
Task data
00   17  24  1952
01   24  30  1072
02   32  38   899
03   56  65  1164
04   58  69  1371
05   58 115  8587
06   61  74  3368
07   70  85  2065
08   79  88   847
09   79  91  2369
10   85  98  2100
11   87  98  2319
12   91  96   912
13  121 134  1337
14  122 149  1955
15  134 147  3034
16  152 166  1201
17  179 182   419
18  181 190  2372
19  187 195  1435
20  205 218  1845
21  214 224  2811
22  227 245  4723
23  235 249  1747
24  240 250  2458
25  251 271  2781
26  261 275  1638
27  274 293  3135
28  278 286   980
29  280 292  1834
30  285 293  1797
End
