P-1	1 T0 38 
P0	2 T1 13 
P-1	2 T2 18 
P-1	2 T3 25 
P1	3 T4 15 
P-1	3 T5 18 
P-1	4 T6 19 
P2	5 T7 13 
P-1	5 T8 26 
P-1	6 T9 20 
P-1	6 T10 29 
P-1	8 T11 23 
P-1	9 T12 17 
P-1	9 T13 33 
P3	10 T14 11 
P-1	10 T15 16 
P-1	10 T16 36 
P4	11 T17 17 
P3	12 T18 13 
P-1	12 T19 21 
P5	13 T20 27 
P6	13 T21 37 
P0	14 T22 22 
P2	14 T23 23 
P3	15 T24 25 
P7	15 T25 37 
P1	16 T26 33 
P4	21 T27 38 
P0	23 T28 36 
P2	25 T29 34 
P3	33 T30 38 
NMec = 98475
Viable Sol. = 193052613
Profit = 17
T = 31
P = 8
Profits ignored
Solution time = 1.839e+00
Task data
00    1  38     1
01    2  13     1
02    2  18     1
03    2  25     1
04    3  15     1
05    3  18     1
06    4  19     1
07    5  13     1
08    5  26     1
09    6  20     1
10    6  29     1
11    8  23     1
12    9  17     1
13    9  33     1
14   10  11     1
15   10  16     1
16   10  36     1
17   11  17     1
18   12  13     1
19   12  21     1
20   13  27     1
21   13  37     1
22   14  22     1
23   14  23     1
24   15  25     1
25   15  37     1
26   16  33     1
27   21  38     1
28   23  36     1
29   25  34     1
30   33  38     1
End
