P0	0 T0 13 
P1	1 T1 2 
P2	1 T2 10 
P3	1 T3 24 
P4	2 T4 26 
P1	3 T5 4 
P-1	3 T6 12 
P1	5 T7 13 
P-1	5 T8 14 
P-1	5 T9 23 
P-1	5 T10 23 
P5	5 T11 39 
P6	8 T12 19 
P-1	10 T13 32 
P-1	10 T14 33 
P2	12 T15 32 
P0	14 T16 22 
P-1	15 T17 25 
P-1	15 T18 30 
P1	18 T19 25 
P-1	18 T20 34 
P6	20 T21 28 
P-1	22 T22 28 
P-1	22 T23 29 
P-1	22 T24 30 
P0	24 T25 35 
P1	26 T26 36 
P3	26 T27 44 
P4	30 T28 36 
P6	30 T29 41 
P0	37 T30 43 
NMec = 98475
Viable Sol. = 510892808
Profit = 42814
T = 31
P = 7
Profits not ignored
Solution time = 6.421e+00
Task data
00    0  13  2829
01    1   2   221
02    1  10  2310
03    1  24  6826
04    2  26  3898
05    3   4   203
06    3  12  1732
07    5  13  2676
08    5  14  1572
09    5  23  2525
10    5  23  2516
11    5  39  4979
12    8  19  1941
13   10  32  2211
14   10  33  2452
15   12  32  2362
16   14  22  1859
17   15  25  1097
18   15  30  1141
19   18  25  2035
20   18  34  1831
21   20  28  1836
22   22  28   882
23   22  29   806
24   22  30  1259
25   24  35   973
26   26  36  1662
27   26  44  1583
28   30  36  1262
29   30  41  2600
30   37  43   759
End
