P0	1 T0 5 
P1	1 T1 26 
P2	2 T2 6 
P3	2 T3 61 
P-1	8 T4 18 
P-1	8 T5 32 
P0	10 T6 15 
P2	10 T7 16 
P-1	10 T8 21 
P-1	10 T9 23 
P-1	12 T10 19 
P-1	13 T11 29 
P4	14 T12 37 
P-1	15 T13 59 
P-1	17 T14 32 
P-1	17 T15 34 
P0	18 T16 33 
P2	19 T17 30 
P-1	23 T18 30 
P-1	24 T19 36 
P-1	25 T20 33 
P-1	27 T21 32 
P1	31 T22 40 
P2	31 T23 46 
P0	40 T24 42 
P-1	40 T25 46 
P4	40 T26 53 
P1	41 T27 49 
P-1	45 T28 53 
P0	46 T29 53 
P2	47 T30 56 
NMec = 98475
Viable Sol. = 215271896
Profit = 35142
T = 31
P = 5
Profits not ignored
Solution time = 2.645e+00
Task data
00    1   5   543
01    1  26  4985
02    2   6   549
03    2  61  5622
04    8  18   736
05    8  32  2323
06   10  15  1265
07   10  16  1447
08   10  21  1110
09   10  23  1610
10   12  19  1176
11   13  29  2708
12   14  37  4417
13   15  59  3187
14   17  32  1422
15   17  34  2829
16   18  33  3150
17   19  30  1965
18   23  30   867
19   24  36  1881
20   25  33  1504
21   27  32   875
22   31  40  2350
23   31  46  2286
24   40  42   326
25   40  46   617
26   40  53  3229
27   41  49  1029
28   45  53   643
29   46  53   924
30   47  56  1055
End
