P-1	0 T0 11 
P0	0 T1 22 
P-1	0 T2 57 
P1	3 T3 7 
P2	3 T4 8 
P3	3 T5 13 
P-1	3 T6 66 
P1	16 T7 27 
P2	19 T8 25 
P3	20 T9 24 
P-1	23 T10 40 
P-1	23 T11 46 
P0	24 T12 37 
P-1	27 T13 75 
P-1	29 T14 48 
P-1	32 T15 49 
P-1	33 T16 54 
P1	34 T17 36 
P2	35 T18 48 
P3	35 T19 48 
P-1	36 T20 56 
P0	38 T21 55 
P1	42 T22 54 
P-1	46 T23 63 
P2	49 T24 61 
P3	50 T25 65 
P0	57 T26 71 
P1	61 T27 66 
P2	63 T28 68 
P1	67 T29 77 
P3	68 T30 75 
NMec = 98475
Viable Sol. = 102953294
Profit = 20
T = 31
P = 4
Profits ignored
Solution time = 8.483e-01
Task data
00    0  11     1
01    0  22     1
02    0  57     1
03    3   7     1
04    3   8     1
05    3  13     1
06    3  66     1
07   16  27     1
08   19  25     1
09   20  24     1
10   23  40     1
11   23  46     1
12   24  37     1
13   27  75     1
14   29  48     1
15   32  49     1
16   33  54     1
17   34  36     1
18   35  48     1
19   35  48     1
20   36  56     1
21   38  55     1
22   42  54     1
23   46  63     1
24   49  61     1
25   50  65     1
26   57  71     1
27   61  66     1
28   63  68     1
29   67  77     1
30   68  75     1
End
