P0	0 T0 3 
P1	0 T1 4 
P2	1 T2 17 
P3	1 T3 26 
P4	3 T4 18 
P-1	4 T5 25 
P-1	5 T6 19 
P0	6 T7 12 
P1	6 T8 13 
P5	7 T9 28 
P6	8 T10 16 
P7	8 T11 19 
P-1	10 T12 17 
P-1	10 T13 25 
P-1	10 T14 28 
P-1	11 T15 22 
P8	12 T16 31 
P0	13 T17 26 
P-1	14 T18 32 
P1	16 T19 22 
P-1	16 T20 28 
P-1	19 T21 25 
P2	19 T22 30 
P4	20 T23 30 
P-1	22 T24 28 
P6	22 T25 33 
P-1	23 T26 27 
P1	23 T27 30 
P7	23 T28 31 
P-1	24 T29 29 
P0	27 T30 34 
NMec = 98475
Viable Sol. = 991916696
Profit = 44794
T = 31
P = 9
Profits not ignored
Solution time = 9.264e+00
Task data
00    0   3  1028
01    0   4   473
02    1  17  2488
03    1  26  4941
04    3  18  4403
05    4  25  2312
06    5  19  1359
07    6  12  1567
08    6  13   865
09    7  28  4569
10    8  16  1996
11    8  19  2464
12   10  17  1532
13   10  25  1531
14   10  28  2564
15   11  22  1208
16   12  31  4362
17   13  26  2699
18   14  32  1867
19   16  22  1360
20   16  28  2273
21   19  25   828
22   19  30  1831
23   20  30  2459
24   22  28   865
25   22  33  2285
26   23  27   918
27   23  30  1536
28   23  31  2337
29   24  29  1152
30   27  34  1131
End
