P0	4 T0 20 
P-1	10 T1 19 
P-1	12 T2 33 
P-1	12 T3 33 
P1	14 T4 95 
P2	17 T5 44 
P-1	19 T6 27 
P0	21 T7 69 
P-1	33 T8 42 
P-1	33 T9 50 
P-1	48 T10 63 
P2	48 T11 67 
P-1	51 T12 62 
P-1	52 T13 66 
P-1	54 T14 61 
P-1	54 T15 70 
P-1	57 T16 58 
P-1	61 T17 69 
P-1	61 T18 84 
P-1	62 T19 71 
P-1	63 T20 80 
P-1	67 T21 82 
P2	68 T22 76 
P0	70 T23 88 
P-1	75 T24 81 
P2	78 T25 94 
P-1	80 T26 88 
P-1	83 T27 94 
P0	91 T28 103 
P-1	92 T29 95 
P-1	94 T30 95 
NMec = 98475
Viable Sol. = 33891265
Profit = 49949
T = 31
P = 3
Profits not ignored
Solution time = 4.527e-01
Task data
00    4  20  3666
01   10  19  1232
02   12  33  2178
03   12  33  2593
04   14  95 16722
05   17  44  4666
06   19  27   933
07   21  69  9307
08   33  42  1225
09   33  50  2870
10   48  63   950
11   48  67  5039
12   51  62  1787
13   52  66  1619
14   54  61  1296
15   54  70  2555
16   57  58   172
17   61  69  1435
18   61  84  3432
19   62  71  1013
20   63  80  1728
21   67  82  1818
22   68  76  1853
23   70  88  3538
24   75  81  1235
25   78  94  2812
26   80  88   994
27   83  94  1350
28   91 103  2346
29   92  95   503
30   94  95   203
End
