P0	0 T0 9 
P-1	0 T1 15 
P-1	1 T2 12 
P1	1 T3 15 
P2	1 T4 26 
P3	1 T5 26 
P4	2 T6 11 
P-1	2 T7 19 
P5	2 T8 20 
P6	2 T9 25 
P7	3 T10 18 
P-1	4 T11 10 
P8	4 T12 13 
P-1	4 T13 17 
P-1	5 T14 8 
P-1	5 T15 25 
P-1	6 T16 7 
P9	6 T17 24 
P-1	7 T18 10 
P-1	7 T19 17 
P-1	7 T20 18 
P-1	9 T21 20 
P0	10 T22 19 
P-1	13 T23 19 
P-1	13 T24 22 
P4	13 T25 22 
P8	15 T26 28 
P1	16 T27 23 
P0	20 T28 26 
P5	21 T29 30 
P4	23 T30 30 
NMec = 98475
Viable Sol. = 863450736
Profit = 40078
T = 31
P = 10
Profits not ignored
Solution time = 7.233e+00
Task data
00    0   9  2537
01    0  15  1167
02    1  12   999
03    1  15  3556
04    1  26  4137
05    1  26  4307
06    2  11  1471
07    2  19  1731
08    2  20  2235
09    2  25  4068
10    3  18  3824
11    4  10   983
12    4  13  1637
13    4  17  2135
14    5   8   436
15    5  25  2160
16    6   7   277
17    6  24  3857
18    7  10   333
19    7  17   874
20    7  18  1931
21    9  20   813
22   10  19  1392
23   13  19  1203
24   13  22  1145
25   13  22  1374
26   15  28  2729
27   16  23   583
28   20  26   510
29   21  30  1131
30   23  30   730
End
