P-1	0 T0 36 
P-1	2 T1 47 
P0	4 T2 13 
P1	4 T3 25 
P2	6 T4 10 
P3	7 T5 16 
P2	13 T6 20 
P-1	14 T7 26 
P0	15 T8 24 
P4	16 T9 20 
P-1	18 T10 36 
P-1	18 T11 42 
P-1	19 T12 34 
P3	20 T13 23 
P2	22 T14 34 
P4	23 T15 31 
P3	24 T16 31 
P0	25 T17 28 
P1	26 T18 44 
P-1	30 T19 52 
P-1	31 T20 47 
P-1	31 T21 54 
P0	32 T22 42 
P3	33 T23 49 
P2	36 T24 40 
P-1	36 T25 59 
P2	41 T26 48 
P0	46 T27 63 
P1	47 T28 50 
P4	47 T29 57 
P2	49 T30 62 
P3	50 T31 61 
NMec = 98475
Viable Sol. = 491309639
Profit = 22
T = 32
P = 5
Profits ignored
Solution time = 5.006e+00
Task data
00    0  36     1
01    2  47     1
02    4  13     1
03    4  25     1
04    6  10     1
05    7  16     1
06   13  20     1
07   14  26     1
08   15  24     1
09   16  20     1
10   18  36     1
11   18  42     1
12   19  34     1
13   20  23     1
14   22  34     1
15   23  31     1
16   24  31     1
17   25  28     1
18   26  44     1
19   30  52     1
20   31  47     1
21   31  54     1
22   32  42     1
23   33  49     1
24   36  40     1
25   36  59     1
26   41  48     1
27   46  63     1
28   47  50     1
29   47  57     1
30   49  62     1
31   50  61     1
End
