P0	0 T0 9 
P-1	1 T1 39 
P-1	2 T2 15 
P-1	2 T3 18 
P-1	3 T4 29 
P-1	4 T5 16 
P-1	5 T6 27 
P-1	6 T7 16 
P1	7 T8 16 
P-1	7 T9 23 
P-1	7 T10 31 
P-1	7 T11 41 
P2	9 T12 15 
P3	9 T13 16 
P4	9 T14 16 
P0	11 T15 21 
P5	14 T16 24 
P6	15 T17 20 
P-1	16 T18 28 
P1	18 T19 32 
P2	19 T20 22 
P3	20 T21 21 
P4	20 T22 45 
P6	21 T23 45 
P0	22 T24 30 
P2	23 T25 26 
P3	25 T26 35 
P5	26 T27 28 
P2	28 T28 31 
P5	29 T29 33 
P0	32 T30 43 
P1	37 T31 45 
NMec = 98475
Viable Sol. = 879209550
Profit = 21
T = 32
P = 7
Profits ignored
Solution time = 7.655e+00
Task data
00    0   9     1
01    1  39     1
02    2  15     1
03    2  18     1
04    3  29     1
05    4  16     1
06    5  27     1
07    6  16     1
08    7  16     1
09    7  23     1
10    7  31     1
11    7  41     1
12    9  15     1
13    9  16     1
14    9  16     1
15   11  21     1
16   14  24     1
17   15  20     1
18   16  28     1
19   18  32     1
20   19  22     1
21   20  21     1
22   20  45     1
23   21  45     1
24   22  30     1
25   23  26     1
26   25  35     1
27   26  28     1
28   28  31     1
29   29  33     1
30   32  43     1
31   37  45     1
End
