P0	4 T0 8 
P0	15 T1 23 
P-1	19 T2 27 
P0	39 T3 43 
P-1	44 T4 276 
P0	53 T5 58 
P-1	64 T6 78 
P-1	69 T7 76 
P0	71 T8 83 
P-1	73 T9 87 
P-1	83 T10 94 
P0	86 T11 112 
P0	131 T12 197 
P-1	148 T13 158 
P-1	152 T14 162 
P-1	167 T15 168 
P-1	188 T16 212 
P0	201 T17 204 
P0	210 T18 213 
P0	241 T19 248 
P0	252 T20 266 
P-1	253 T21 260 
P-1	262 T22 265 
P-1	264 T23 287 
P-1	267 T24 287 
P0	269 T25 287 
P-1	273 T26 283 
P-1	274 T27 280 
P-1	279 T28 281 
P0	300 T29 301 
P-1	302 T30 314 
P0	305 T31 319 
NMec = 98475
Viable Sol. = 3760272
Profit = 32778
T = 32
P = 1
Profits not ignored
Solution time = 5.568e-02
Task data
00    4   8   990
01   15  23   835
02   19  27   741
03   39  43   310
04   44 276 26000
05   53  58   555
06   64  78   811
07   69  76   923
08   71  83  2847
09   73  87  2861
10   83  94  1678
11   86 112  5953
12  131 197  9951
13  148 158  1121
14  152 162  1271
15  167 168   361
16  188 212  6068
17  201 204   508
18  210 213   986
19  241 248  1464
20  252 266  2668
21  253 260  1656
22  262 265   522
23  264 287  2419
24  267 287  3019
25  269 287  3769
26  273 283  1510
27  274 280   919
28  279 281   402
29  300 301   313
30  302 314  1476
31  305 319  1629
End
