P-1	0 T0 16 
P0	0 T1 16 
P-1	0 T2 23 
P-1	0 T3 31 
P-1	1 T4 35 
P1	2 T5 10 
P2	5 T6 10 
P-1	5 T7 30 
P-1	6 T8 24 
P3	9 T9 18 
P4	9 T10 19 
P-1	9 T11 22 
P-1	9 T12 23 
P-1	9 T13 33 
P5	10 T14 12 
P6	10 T15 16 
P-1	10 T16 30 
P-1	11 T17 28 
P-1	13 T18 35 
P1	14 T19 21 
P2	15 T20 23 
P5	15 T21 24 
P7	15 T22 34 
P8	16 T23 31 
P0	17 T24 25 
P3	19 T25 31 
P6	19 T26 34 
P4	20 T27 30 
P1	24 T28 28 
P2	25 T29 35 
P0	26 T30 29 
P5	26 T31 33 
NMec = 98475
Viable Sol. = 1023777362
Profit = 20
T = 32
P = 9
Profits ignored
Solution time = 1.037e+01
Task data
00    0  16     1
01    0  16     1
02    0  23     1
03    0  31     1
04    1  35     1
05    2  10     1
06    5  10     1
07    5  30     1
08    6  24     1
09    9  18     1
10    9  19     1
11    9  22     1
12    9  23     1
13    9  33     1
14   10  12     1
15   10  16     1
16   10  30     1
17   11  28     1
18   13  35     1
19   14  21     1
20   15  23     1
21   15  24     1
22   15  34     1
23   16  31     1
24   17  25     1
25   19  31     1
26   19  34     1
27   20  30     1
28   24  28     1
29   25  35     1
30   26  29     1
31   26  33     1
End
