P0	0 T0 9 
P1	1 T1 39 
P2	2 T2 15 
P-1	2 T3 18 
P-1	3 T4 29 
P3	4 T5 16 
P-1	5 T6 27 
P4	6 T7 16 
P-1	7 T8 16 
P5	7 T9 23 
P-1	7 T10 31 
P-1	7 T11 41 
P6	9 T12 15 
P-1	9 T13 16 
P-1	9 T14 16 
P0	11 T15 21 
P-1	14 T16 24 
P-1	15 T17 20 
P2	16 T18 28 
P3	18 T19 32 
P-1	19 T20 22 
P-1	20 T21 21 
P4	20 T22 45 
P6	21 T23 45 
P0	22 T24 30 
P-1	23 T25 26 
P5	25 T26 35 
P-1	26 T27 28 
P-1	28 T28 31 
P2	29 T29 33 
P0	32 T30 43 
P2	37 T31 45 
NMec = 98475
Viable Sol. = 879209550
Profit = 45613
T = 32
P = 7
Profits not ignored
Solution time = 1.140e+01
Task data
00    0   9  1021
01    1  39  7192
02    2  15  1362
03    2  18  1223
04    3  29  2424
05    4  16  2448
06    5  27  2565
07    6  16  1464
08    7  16  1274
09    7  23  2530
10    7  31  3347
11    7  41  3301
12    9  15  1632
13    9  16  1214
14    9  16   501
15   11  21  2402
16   14  24  1128
17   15  20   532
18   16  28  1882
19   18  32  4066
20   19  22   225
21   20  21   181
22   20  45  6046
23   21  45  5892
24   22  30  2182
25   23  26   539
26   25  35  2483
27   26  28   303
28   28  31  1025
29   29  33   594
30   32  43  1569
31   37  45   848
End
