P-1	0 T0 18 
P-1	0 T1 20 
P-1	1 T2 14 
P-1	1 T3 51 
P-1	2 T4 51 
P-1	3 T5 13 
P-1	5 T6 16 
P0	6 T7 15 
P-1	6 T8 53 
P-1	7 T9 19 
P1	10 T10 19 
P2	10 T11 21 
P3	10 T12 25 
P4	12 T13 33 
P5	13 T14 17 
P-1	14 T15 41 
P0	17 T16 20 
P-1	19 T17 36 
P-1	19 T18 37 
P-1	21 T19 39 
P0	23 T20 29 
P-1	24 T21 48 
P-1	24 T22 50 
P-1	28 T23 45 
P1	29 T24 46 
P0	32 T25 41 
P2	33 T26 46 
P3	34 T27 40 
P4	35 T28 50 
P5	36 T29 42 
P0	44 T30 48 
P0	50 T31 53 
NMec = 98475
Viable Sol. = 314881342
Profit = 16
T = 32
P = 6
Profits ignored
Solution time = 2.953e+00
Task data
00    0  18     1
01    0  20     1
02    1  14     1
03    1  51     1
04    2  51     1
05    3  13     1
06    5  16     1
07    6  15     1
08    6  53     1
09    7  19     1
10   10  19     1
11   10  21     1
12   10  25     1
13   12  33     1
14   13  17     1
15   14  41     1
16   17  20     1
17   19  36     1
18   19  37     1
19   21  39     1
20   23  29     1
21   24  48     1
22   24  50     1
23   28  45     1
24   29  46     1
25   32  41     1
26   33  46     1
27   34  40     1
28   35  50     1
29   36  42     1
30   44  48     1
31   50  53     1
End
