P0	1 T0 11 
P1	3 T1 5 
P2	3 T2 30 
P3	4 T3 13 
P4	4 T4 22 
P-1	5 T5 24 
P1	6 T6 10 
P-1	6 T7 13 
P5	6 T8 28 
P-1	7 T9 25 
P6	7 T10 34 
P7	9 T11 32 
P-1	10 T12 23 
P0	12 T13 15 
P1	12 T14 24 
P-1	12 T15 36 
P-1	13 T16 24 
P3	14 T17 23 
P0	16 T18 27 
P-1	16 T19 29 
P-1	16 T20 31 
P-1	17 T21 29 
P-1	19 T22 29 
P-1	21 T23 22 
P-1	21 T24 26 
P-1	21 T25 33 
P-1	23 T26 34 
P-1	23 T27 34 
P4	23 T28 36 
P3	24 T29 35 
P1	26 T30 31 
P0	36 T31 38 
NMec = 98475
Viable Sol. = 610990996
Profit = 38743
T = 32
P = 8
Profits not ignored
Solution time = 8.286e+00
Task data
00    1  11   958
01    3   5   261
02    3  30  6119
03    4  13   898
04    4  22  3731
05    5  24  1569
06    6  10  1002
07    6  13   500
08    6  28  4099
09    7  25  1822
10    7  34  3945
11    9  32  4030
12   10  23  1902
13   12  15   671
14   12  24  3464
15   12  36  3210
16   13  24  1688
17   14  23  1306
18   16  27  2584
19   16  29   925
20   16  31  1331
21   17  29  1501
22   19  29  1300
23   21  22   500
24   21  26  1242
25   21  33  2527
26   23  34  1906
27   23  34  1333
28   23  36  3259
29   24  35  1402
30   26  31   658
31   36  38   356
End
