P-1	0 T0 36 
P0	2 T1 47 
P1	4 T2 13 
P2	4 T3 25 
P3	6 T4 10 
P4	7 T5 16 
P-1	13 T6 20 
P-1	14 T7 26 
P-1	15 T8 24 
P-1	16 T9 20 
P1	18 T10 36 
P3	18 T11 42 
P4	19 T12 34 
P-1	20 T13 23 
P-1	22 T14 34 
P-1	23 T15 31 
P-1	24 T16 31 
P-1	25 T17 28 
P-1	26 T18 44 
P-1	30 T19 52 
P-1	31 T20 47 
P2	31 T21 54 
P-1	32 T22 42 
P-1	33 T23 49 
P-1	36 T24 40 
P4	36 T25 59 
P1	41 T26 48 
P3	46 T27 63 
P-1	47 T28 50 
P-1	47 T29 57 
P0	49 T30 62 
P1	50 T31 61 
NMec = 98475
Viable Sol. = 491309639
Profit = 41760
T = 32
P = 5
Profits not ignored
Solution time = 7.128e+00
Task data
00    0  36  2708
01    2  47  5817
02    4  13  1436
03    4  25  2205
04    6  10   999
05    7  16  1968
06   13  20   719
07   14  26  1328
08   15  24   810
09   16  20   469
10   18  36  4434
11   18  42  6517
12   19  34  3459
13   20  23   616
14   22  34  2362
15   23  31  1128
16   24  31  1479
17   25  28   543
18   26  44  3127
19   30  52  3307
20   31  47  2975
21   31  54  4737
22   32  42  2439
23   33  49  1244
24   36  40  1240
25   36  59  3319
26   41  48  1347
27   46  63  1691
28   47  50   859
29   47  57  1308
30   49  62  1877
31   50  61  1954
End
