P0	0 T0 7 
P1	0 T1 15 
P-1	0 T2 19 
P2	1 T3 7 
P3	1 T4 8 
P4	1 T5 15 
P-1	2 T6 22 
P-1	2 T7 22 
P-1	3 T8 24 
P-1	3 T9 24 
P5	4 T10 10 
P-1	4 T11 25 
P-1	5 T12 20 
P-1	5 T13 22 
P-1	6 T14 20 
P6	7 T15 21 
P-1	7 T16 26 
P-1	7 T17 27 
P0	8 T18 19 
P2	8 T19 19 
P-1	11 T20 24 
P3	11 T21 26 
P5	12 T22 14 
P7	13 T23 26 
P8	14 T24 29 
P1	16 T25 29 
P4	16 T26 30 
P5	16 T27 31 
P9	16 T28 31 
P0	20 T29 26 
P2	21 T30 26 
P6	22 T31 26 
NMec = 98475
Viable Sol. = 1400480035
Profit = 20
T = 32
P = 10
Profits ignored
Solution time = 1.386e+01
Task data
00    0   7     1
01    0  15     1
02    0  19     1
03    1   7     1
04    1   8     1
05    1  15     1
06    2  22     1
07    2  22     1
08    3  24     1
09    3  24     1
10    4  10     1
11    4  25     1
12    5  20     1
13    5  22     1
14    6  20     1
15    7  21     1
16    7  26     1
17    7  27     1
18    8  19     1
19    8  19     1
20   11  24     1
21   11  26     1
22   12  14     1
23   13  26     1
24   14  29     1
25   16  29     1
26   16  30     1
27   16  31     1
28   16  31     1
29   20  26     1
30   21  26     1
31   22  26     1
End
