P-1	0 T0 26 
P-1	1 T1 21 
P-1	2 T2 62 
P-1	6 T3 17 
P0	9 T4 22 
P-1	9 T5 36 
P1	10 T6 22 
P-1	10 T7 34 
P-1	11 T8 28 
P2	12 T9 20 
P-1	13 T10 24 
P3	15 T11 23 
P-1	16 T12 50 
P4	17 T13 26 
P-1	17 T14 37 
P-1	20 T15 29 
P-1	21 T16 37 
P2	22 T17 29 
P-1	22 T18 55 
P0	23 T19 25 
P1	23 T20 35 
P3	25 T21 35 
P0	26 T22 31 
P4	28 T23 46 
P2	30 T24 45 
P-1	35 T25 51 
P-1	36 T26 55 
P0	40 T27 57 
P1	42 T28 47 
P2	46 T29 60 
P3	46 T30 60 
P1	49 T31 55 
P4	51 T32 55 
NMec = 98475
Viable Sol. = 199885852
Profit = 18
T = 33
P = 5
Profits ignored
Solution time = 1.737e+00
Task data
00    0  26     1
01    1  21     1
02    2  62     1
03    6  17     1
04    9  22     1
05    9  36     1
06   10  22     1
07   10  34     1
08   11  28     1
09   12  20     1
10   13  24     1
11   15  23     1
12   16  50     1
13   17  26     1
14   17  37     1
15   20  29     1
16   21  37     1
17   22  29     1
18   22  55     1
19   23  25     1
20   23  35     1
21   25  35     1
22   26  31     1
23   28  46     1
24   30  45     1
25   35  51     1
26   36  55     1
27   40  57     1
28   42  47     1
29   46  60     1
30   46  60     1
31   49  55     1
32   51  55     1
End
