P-1	1 T0 40 
P-1	2 T1 11 
P-1	2 T2 24 
P-1	2 T3 29 
P0	3 T4 23 
P-1	3 T5 31 
P-1	4 T6 27 
P1	5 T7 17 
P2	7 T8 14 
P3	9 T9 12 
P4	9 T10 24 
P5	10 T11 12 
P6	11 T12 17 
P7	11 T13 20 
P2	15 T14 22 
P-1	15 T15 30 
P-1	16 T16 30 
P-1	17 T17 27 
P-1	17 T18 30 
P-1	17 T19 32 
P1	18 T20 23 
P3	19 T21 33 
P5	22 T22 24 
P6	22 T23 40 
P2	23 T24 28 
P0	24 T25 28 
P1	24 T26 35 
P4	26 T27 29 
P5	26 T28 30 
P7	26 T29 39 
P0	29 T30 40 
P2	33 T31 36 
P4	33 T32 41 
NMec = 98475
Viable Sol. = 2384473596
Profit = 22
T = 33
P = 8
Profits ignored
Solution time = 2.024e+01
Task data
00    1  40     1
01    2  11     1
02    2  24     1
03    2  29     1
04    3  23     1
05    3  31     1
06    4  27     1
07    5  17     1
08    7  14     1
09    9  12     1
10    9  24     1
11   10  12     1
12   11  17     1
13   11  20     1
14   15  22     1
15   15  30     1
16   16  30     1
17   17  27     1
18   17  30     1
19   17  32     1
20   18  23     1
21   19  33     1
22   22  24     1
23   22  40     1
24   23  28     1
25   24  28     1
26   24  35     1
27   26  29     1
28   26  30     1
29   26  39     1
30   29  40     1
31   33  36     1
32   33  41     1
End
