P0	0 T0 145 
P-1	1 T1 11 
P1	5 T2 13 
P1	14 T3 15 
P-1	16 T4 29 
P1	17 T5 33 
P-1	27 T6 39 
P-1	28 T7 42 
P-1	40 T8 51 
P1	41 T9 145 
P-1	44 T10 53 
P-1	46 T11 54 
P-1	54 T12 63 
P-1	55 T13 82 
P-1	59 T14 76 
P-1	64 T15 72 
P-1	71 T16 83 
P-1	75 T17 97 
P-1	76 T18 93 
P-1	82 T19 90 
P-1	87 T20 96 
P-1	91 T21 96 
P-1	95 T22 112 
P-1	103 T23 113 
P-1	109 T24 126 
P-1	114 T25 123 
P-1	115 T26 138 
P-1	116 T27 118 
P-1	120 T28 136 
P-1	125 T29 139 
P-1	133 T30 147 
P-1	135 T31 144 
P-1	144 T32 153 
NMec = 98475
Viable Sol. = 98493904
Profit = 60837
T = 33
P = 2
Profits not ignored
Solution time = 1.307e+00
Task data
00    0 145 35799
01    1  11   816
02    5  13   957
03   14  15   140
04   16  29  1771
05   17  33  3508
06   27  39  1029
07   28  42  1507
08   40  51  2388
09   41 145 20433
10   44  53  1169
11   46  54  1943
12   54  63  1531
13   55  82  5430
14   59  76  3679
15   64  72   602
16   71  83   911
17   75  97  4315
18   76  93  1320
19   82  90   696
20   87  96  1685
21   91  96   660
22   95 112  2755
23  103 113  1071
24  109 126  2507
25  114 123  1435
26  115 138  2896
27  116 118   306
28  120 136  1731
29  125 139  3015
30  133 147  1941
31  135 144   761
32  144 153  1741
End
