P0	16 T0 22 
P-1	10 T1 24 
P-1	13 T2 26 
P-1	12 T3 28 
P-1	17 T4 33 
P-1	11 T5 34 
P0	34 T6 41 
P-1	25 T7 46 
P-1	36 T8 46 
P-1	32 T9 47 
P0	70 T10 82 
P-1	74 T11 82 
P-1	64 T12 87 
P0	85 T13 89 
P-1	79 T14 97 
P-1	13 T15 136 
P0	150 T16 161 
P-1	158 T17 164 
P0	171 T18 174 
P-1	2 T19 175 
P0	218 T20 223 
P-1	212 T21 224 
P0	225 T22 237 
P0	241 T23 252 
P-1	244 T24 252 
P0	257 T25 264 
P-1	258 T26 277 
P0	277 T27 299 
P-1	288 T28 305 
P0	303 T29 316 
P-1	11 T30 326 
P-1	8 T31 327 
P0	317 T32 329 
NMec = 98475
Viable Sol. = 0
Profit = 13
T = 33
P = 1
Profits ignored
Solution time = 7.950e-06
Task data
00   16  22     1
01   10  24     1
02   13  26     1
03   12  28     1
04   17  33     1
05   11  34     1
06   34  41     1
07   25  46     1
08   36  46     1
09   32  47     1
10   70  82     1
11   74  82     1
12   64  87     1
13   85  89     1
14   79  97     1
15   13 136     1
16  150 161     1
17  158 164     1
18  171 174     1
19    2 175     1
20  218 223     1
21  212 224     1
22  225 237     1
23  241 252     1
24  244 252     1
25  257 264     1
26  258 277     1
27  277 299     1
28  288 305     1
29  303 316     1
30   11 326     1
31    8 327     1
32  317 329     1
End
