P-1	0 T0 82 
P0	1 T1 20 
P1	3 T2 12 
P-1	8 T3 32 
P1	19 T4 24 
P-1	20 T5 48 
P-1	22 T6 41 
P0	23 T7 31 
P-1	25 T8 39 
P1	25 T9 41 
P-1	26 T10 47 
P2	27 T11 34 
P3	29 T12 43 
P-1	30 T13 52 
P0	32 T14 47 
P2	41 T15 52 
P-1	43 T16 58 
P1	45 T17 55 
P3	46 T18 55 
P-1	46 T19 60 
P-1	49 T20 71 
P0	50 T21 57 
P-1	51 T22 66 
P-1	53 T23 60 
P-1	53 T24 70 
P-1	53 T25 74 
P-1	54 T26 68 
P2	54 T27 72 
P1	56 T28 68 
P0	59 T29 72 
P3	59 T30 77 
P1	69 T31 80 
P0	73 T32 80 
NMec = 98475
Viable Sol. = 151856264
Profit = 18
T = 33
P = 4
Profits ignored
Solution time = 1.303e+00
Task data
00    0  82     1
01    1  20     1
02    3  12     1
03    8  32     1
04   19  24     1
05   20  48     1
06   22  41     1
07   23  31     1
08   25  39     1
09   25  41     1
10   26  47     1
11   27  34     1
12   29  43     1
13   30  52     1
14   32  47     1
15   41  52     1
16   43  58     1
17   45  55     1
18   46  55     1
19   46  60     1
20   49  71     1
21   50  57     1
22   51  66     1
23   53  60     1
24   53  70     1
25   53  74     1
26   54  68     1
27   54  72     1
28   56  68     1
29   59  72     1
30   59  77     1
31   69  80     1
32   73  80     1
End
