P-1	0 T0 145 
P0	1 T1 11 
P1	5 T2 13 
P0	14 T3 15 
P-1	16 T4 29 
P-1	17 T5 33 
P0	27 T6 39 
P1	28 T7 42 
P-1	40 T8 51 
P-1	41 T9 145 
P0	44 T10 53 
P1	46 T11 54 
P0	54 T12 63 
P-1	55 T13 82 
P1	59 T14 76 
P0	64 T15 72 
P-1	71 T16 83 
P-1	75 T17 97 
P0	76 T18 93 
P1	82 T19 90 
P-1	87 T20 96 
P1	91 T21 96 
P0	95 T22 112 
P1	103 T23 113 
P-1	109 T24 126 
P0	114 T25 123 
P-1	115 T26 138 
P1	116 T27 118 
P-1	120 T28 136 
P0	125 T29 139 
P-1	133 T30 147 
P1	135 T31 144 
P0	144 T32 153 
NMec = 98475
Viable Sol. = 98493904
Profit = 20
T = 33
P = 2
Profits ignored
Solution time = 7.902e-01
Task data
00    0 145     1
01    1  11     1
02    5  13     1
03   14  15     1
04   16  29     1
05   17  33     1
06   27  39     1
07   28  42     1
08   40  51     1
09   41 145     1
10   44  53     1
11   46  54     1
12   54  63     1
13   55  82     1
14   59  76     1
15   64  72     1
16   71  83     1
17   75  97     1
18   76  93     1
19   82  90     1
20   87  96     1
21   91  96     1
22   95 112     1
23  103 113     1
24  109 126     1
25  114 123     1
26  115 138     1
27  116 118     1
28  120 136     1
29  125 139     1
30  133 147     1
31  135 144     1
32  144 153     1
End
