P0	0 T0 15 
P1	0 T1 52 
P2	2 T2 18 
P3	5 T3 14 
P4	6 T4 12 
P-1	9 T5 17 
P-1	10 T6 20 
P5	12 T7 23 
P-1	12 T8 26 
P-1	14 T9 32 
P3	15 T10 27 
P-1	15 T11 33 
P0	16 T12 30 
P4	17 T13 50 
P2	19 T14 35 
P-1	21 T15 22 
P-1	22 T16 24 
P-1	22 T17 28 
P-1	23 T18 29 
P-1	23 T19 29 
P-1	23 T20 42 
P5	24 T21 26 
P-1	25 T22 38 
P-1	25 T23 39 
P5	27 T24 33 
P-1	29 T25 41 
P3	30 T26 49 
P0	31 T27 42 
P5	35 T28 49 
P2	40 T29 50 
P0	43 T30 49 
P-1	44 T31 48 
P-1	47 T32 54 
NMec = 98475
Viable Sol. = 1532431726
Profit = 49793
T = 33
P = 6
Profits not ignored
Solution time = 1.917e+01
Task data
00    0  15  3077
01    0  52 10555
02    2  18  2445
03    5  14  1373
04    6  12  1104
05    9  17   743
06   10  20  1108
07   12  23  2238
08   12  26  2323
09   14  32  2393
10   15  27  2996
11   15  33  2742
12   16  30  2765
13   17  50  5436
14   19  35  4246
15   21  22   331
16   22  24   247
17   22  28   980
18   23  29   666
19   23  29   781
20   23  42  2900
21   24  26   312
22   25  38  1404
23   25  39  2046
24   27  33  1124
25   29  41   926
26   30  49  2058
27   31  42  3178
28   35  49  3574
29   40  50  1936
30   43  49  1376
31   44  48   805
32   47  54   852
End
