P0	0 T0 2 
P1	2 T1 102 
P0	6 T2 68 
P-1	11 T3 19 
P2	12 T4 20 
P-1	16 T5 21 
P2	21 T6 37 
P-1	27 T7 35 
P-1	30 T8 36 
P-1	35 T9 49 
P-1	35 T10 50 
P-1	37 T11 54 
P-1	40 T12 50 
P-1	43 T13 48 
P-1	43 T14 58 
P-1	44 T15 64 
P2	44 T16 93 
P-1	48 T17 64 
P-1	50 T18 66 
P-1	51 T19 74 
P-1	53 T20 67 
P-1	68 T21 81 
P0	69 T22 77 
P-1	74 T23 94 
P-1	77 T24 82 
P-1	77 T25 85 
P0	78 T26 93 
P-1	82 T27 99 
P-1	86 T28 97 
P-1	92 T29 108 
P-1	93 T30 109 
P0	94 T31 105 
P2	95 T32 106 
NMec = 98475
Viable Sol. = 131220210
Profit = 55389
T = 33
P = 3
Profits not ignored
Solution time = 1.836e+00
Task data
00    0   2   477
01    2 102 22697
02    6  68  8416
03   11  19  1097
04   12  20  1615
05   16  21   636
06   21  37  2423
07   27  35  2249
08   30  36  1072
09   35  49  2235
10   35  50  1517
11   37  54  1664
12   40  50  1654
13   43  48  1347
14   43  58  1842
15   44  64  3644
16   44  93 11145
17   48  64  2680
18   50  66  2674
19   51  74  1759
20   53  67  2679
21   68  81  1773
22   69  77   922
23   74  94  1277
24   77  82   846
25   77  85  1768
26   78  93  3522
27   82  99  3415
28   86  97  2335
29   92 108  2059
30   93 109  3982
31   94 105  2320
32   95 106  1852
End
