P-1	3 T0 18 
P0	3 T1 27 
P1	5 T2 13 
P2	6 T3 19 
P-1	6 T4 31 
P3	7 T5 18 
P-1	7 T6 32 
P-1	10 T7 33 
P-1	10 T8 37 
P4	11 T9 24 
P-1	13 T10 31 
P1	14 T11 28 
P5	14 T12 28 
P6	15 T13 22 
P-1	15 T14 30 
P-1	15 T15 34 
P-1	18 T16 35 
P-1	18 T17 37 
P3	19 T18 26 
P-1	20 T19 47 
P2	22 T20 31 
P-1	24 T21 44 
P-1	26 T22 35 
P-1	26 T23 38 
P4	26 T24 46 
P3	27 T25 38 
P0	28 T26 40 
P1	29 T27 30 
P5	29 T28 35 
P6	29 T29 38 
P1	34 T30 44 
P2	35 T31 46 
P5	37 T32 41 
NMec = 98475
Viable Sol. = 510397154
Profit = 19
T = 33
P = 7
Profits ignored
Solution time = 4.577e+00
Task data
00    3  18     1
01    3  27     1
02    5  13     1
03    6  19     1
04    6  31     1
05    7  18     1
06    7  32     1
07   10  33     1
08   10  37     1
09   11  24     1
10   13  31     1
11   14  28     1
12   14  28     1
13   15  22     1
14   15  30     1
15   15  34     1
16   18  35     1
17   18  37     1
18   19  26     1
19   20  47     1
20   22  31     1
21   24  44     1
22   26  35     1
23   26  38     1
24   26  46     1
25   27  38     1
26   28  40     1
27   29  30     1
28   29  35     1
29   29  38     1
30   34  44     1
31   35  46     1
32   37  41     1
End
