P-1	3 T0 18 
P-1	3 T1 27 
P0	5 T2 13 
P1	6 T3 19 
P-1	6 T4 31 
P-1	7 T5 18 
P2	7 T6 32 
P-1	10 T7 33 
P-1	10 T8 37 
P3	11 T9 24 
P-1	13 T10 31 
P-1	14 T11 28 
P0	14 T12 28 
P4	15 T13 22 
P-1	15 T14 30 
P5	15 T15 34 
P-1	18 T16 35 
P6	18 T17 37 
P-1	19 T18 26 
P1	20 T19 47 
P-1	22 T20 31 
P4	24 T21 44 
P-1	26 T22 35 
P-1	26 T23 38 
P3	26 T24 46 
P-1	27 T25 38 
P-1	28 T26 40 
P-1	29 T27 30 
P-1	29 T28 35 
P0	29 T29 38 
P2	34 T30 44 
P5	35 T31 46 
P-1	37 T32 41 
NMec = 98475
Viable Sol. = 510397154
Profit = 46268
T = 33
P = 7
Profits not ignored
Solution time = 7.090e+00
Task data
00    3  18  1249
01    3  27  2562
02    5  13   701
03    6  19  3316
04    6  31  1801
05    7  18  1382
06    7  32  4896
07   10  33  3919
08   10  37  4462
09   11  24  3914
10   13  31  3311
11   14  28  1641
12   14  28  2934
13   15  22  1979
14   15  30  3455
15   15  34  4017
16   18  35  1646
17   18  37  5146
18   19  26  1072
19   20  47  5867
20   22  31  1543
21   24  44  4075
22   26  35  1664
23   26  38  1849
24   26  46  4411
25   27  38   970
26   28  40  2010
27   29  30   348
28   29  35   893
29   29  38  1744
30   34  44  1259
31   35  46  2009
32   37  41   589
End
