P-1	2 T0 175 
P-1	8 T1 327 
P-1	10 T2 24 
P-1	11 T3 34 
P0	11 T4 326 
P-1	12 T5 28 
P-1	13 T6 26 
P-1	13 T7 136 
P-1	16 T8 22 
P-1	17 T9 33 
P-1	25 T10 46 
P-1	32 T11 47 
P-1	34 T12 41 
P-1	36 T13 46 
P-1	64 T14 87 
P-1	70 T15 82 
P-1	74 T16 82 
P-1	79 T17 97 
P-1	85 T18 89 
P-1	150 T19 161 
P-1	158 T20 164 
P-1	171 T21 174 
P-1	212 T22 224 
P-1	218 T23 223 
P-1	225 T24 237 
P-1	241 T25 252 
P-1	244 T26 252 
P-1	257 T27 264 
P-1	258 T28 277 
P-1	277 T29 299 
P-1	288 T30 305 
P-1	303 T31 316 
P-1	317 T32 329 
NMec = 98475
Viable Sol. = 632270
Profit = 76332
T = 33
P = 1
Profits not ignored
Solution time = 7.986e-03
Task data
00    2 175 26745
01    8 327 40805
02   10  24  2030
03   11  34  4861
04   11 326 76332
05   12  28  2029
06   13  26  3468
07   13 136 17009
08   16  22   711
09   17  33  2692
10   25  46  2125
11   32  47  2032
12   34  41  1143
13   36  46  1043
14   64  87  4380
15   70  82  1927
16   74  82  1045
17   79  97  2561
18   85  89   401
19  150 161  2775
20  158 164  1137
21  171 174   572
22  212 224  3503
23  218 223  1552
24  225 237  2338
25  241 252  2610
26  244 252  2128
27  257 264  1155
28  258 277  4338
29  277 299  1978
30  288 305  3910
31  303 316  1683
32  317 329  1311
End
