P0	0 T0 16 
P1	0 T1 32 
P-1	1 T2 7 
P-1	1 T3 9 
P-1	2 T4 14 
P2	2 T5 27 
P3	3 T6 8 
P-1	3 T7 13 
P4	3 T8 17 
P5	4 T9 14 
P6	5 T10 11 
P7	6 T11 31 
P-1	7 T12 11 
P-1	7 T13 12 
P8	7 T14 17 
P9	7 T15 23 
P3	10 T16 28 
P-1	11 T17 18 
P-1	11 T18 28 
P-1	12 T19 20 
P6	12 T20 21 
P-1	13 T21 23 
P-1	14 T22 17 
P-1	14 T23 20 
P5	15 T24 17 
P-1	15 T25 25 
P-1	16 T26 21 
P-1	17 T27 18 
P0	17 T28 29 
P4	18 T29 32 
P5	19 T30 29 
P8	20 T31 30 
P6	22 T32 28 
NMec = 98475
Viable Sol. = 4986810227
Profit = 42557
T = 33
P = 10
Profits not ignored
Solution time = 4.863e+01
Task data
00    0  16  2742
01    0  32  4498
02    1   7   825
03    1   9   655
04    2  14  1450
05    2  27  3923
06    3   8  1035
07    3  13  1237
08    3  17  2928
09    4  14  2732
10    5  11  1376
11    6  31  3355
12    7  11   403
13    7  12   791
14    7  17  2755
15    7  23  3769
16   10  28  3008
17   11  18   700
18   11  28  1659
19   12  20  1147
20   12  21  1155
21   13  23  1046
22   14  17   962
23   14  20   894
24   15  17   486
25   15  25  1239
26   16  21   512
27   17  18   273
28   17  29  1914
29   18  32  2451
30   19  29  2567
31   20  30   867
32   22  28   996
End
