P0	0 T0 16 
P-1	0 T1 32 
P1	1 T2 7 
P2	1 T3 9 
P3	2 T4 14 
P-1	2 T5 27 
P4	3 T6 8 
P5	3 T7 13 
P-1	3 T8 17 
P6	4 T9 14 
P7	5 T10 11 
P-1	6 T11 31 
P8	7 T12 11 
P9	7 T13 12 
P-1	7 T14 17 
P-1	7 T15 23 
P-1	10 T16 28 
P-1	11 T17 18 
P-1	11 T18 28 
P1	12 T19 20 
P2	12 T20 21 
P4	13 T21 23 
P5	14 T22 17 
P7	14 T23 20 
P3	15 T24 17 
P6	15 T25 25 
P8	16 T26 21 
P0	17 T27 18 
P9	17 T28 29 
P3	18 T29 32 
P0	19 T30 29 
P5	20 T31 30 
P1	22 T32 28 
NMec = 98475
Viable Sol. = 4986810227
Profit = 24
T = 33
P = 10
Profits ignored
Solution time = 4.640e+01
Task data
00    0  16     1
01    0  32     1
02    1   7     1
03    1   9     1
04    2  14     1
05    2  27     1
06    3   8     1
07    3  13     1
08    3  17     1
09    4  14     1
10    5  11     1
11    6  31     1
12    7  11     1
13    7  12     1
14    7  17     1
15    7  23     1
16   10  28     1
17   11  18     1
18   11  28     1
19   12  20     1
20   12  21     1
21   13  23     1
22   14  17     1
23   14  20     1
24   15  17     1
25   15  25     1
26   16  21     1
27   17  18     1
28   17  29     1
29   18  32     1
30   19  29     1
31   20  30     1
32   22  28     1
End
