P0	1 T0 7 
P1	4 T1 21 
P-1	5 T2 108 
P0	11 T3 29 
P-1	15 T4 105 
P-1	26 T5 107 
P-1	27 T6 43 
P0	33 T7 43 
P-1	34 T8 48 
P1	34 T9 51 
P-1	37 T10 62 
P2	42 T11 50 
P0	45 T12 58 
P-1	50 T13 108 
P1	55 T14 63 
P2	56 T15 79 
P0	65 T16 73 
P1	67 T17 79 
P-1	70 T18 83 
P0	79 T19 89 
P-1	79 T20 95 
P-1	81 T21 92 
P1	82 T22 93 
P2	83 T23 93 
P-1	85 T24 106 
P0	92 T25 96 
P-1	92 T26 111 
P-1	93 T27 109 
P-1	93 T28 110 
P1	94 T29 96 
P2	94 T30 105 
P0	100 T31 112 
P1	102 T32 113 
P2	109 T33 113 
NMec = 98475
Viable Sol. = 111980588
Profit = 20
T = 34
P = 3
Profits ignored
Solution time = 9.653e-01
Task data
00    1   7     1
01    4  21     1
02    5 108     1
03   11  29     1
04   15 105     1
05   26 107     1
06   27  43     1
07   33  43     1
08   34  48     1
09   34  51     1
10   37  62     1
11   42  50     1
12   45  58     1
13   50 108     1
14   55  63     1
15   56  79     1
16   65  73     1
17   67  79     1
18   70  83     1
19   79  89     1
20   79  95     1
21   81  92     1
22   82  93     1
23   83  93     1
24   85 106     1
25   92  96     1
26   92 111     1
27   93 109     1
28   93 110     1
29   94  96     1
30   94 105     1
31  100 112     1
32  102 113     1
33  109 113     1
End
