P0	2 T0 22 
P1	2 T1 63 
P2	5 T2 13 
P-1	5 T3 58 
P-1	9 T4 27 
P-1	11 T5 18 
P-1	13 T6 16 
P3	13 T7 23 
P2	14 T8 36 
P-1	14 T9 58 
P4	15 T10 44 
P-1	16 T11 29 
P-1	21 T12 36 
P-1	21 T13 36 
P-1	23 T14 26 
P0	23 T15 33 
P-1	25 T16 39 
P3	28 T17 46 
P-1	32 T18 48 
P-1	32 T19 65 
P-1	33 T20 41 
P0	35 T21 58 
P-1	37 T22 50 
P-1	39 T23 51 
P2	40 T24 52 
P-1	42 T25 54 
P-1	44 T26 65 
P3	47 T27 61 
P4	49 T28 65 
P-1	52 T29 61 
P-1	52 T30 66 
P2	56 T31 64 
P-1	57 T32 64 
P0	64 T33 66 
NMec = 98475
Viable Sol. = 860660950
Profit = 50073
T = 34
P = 5
Profits not ignored
Solution time = 1.212e+01
Task data
00    2  22  5270
01    2  63  8864
02    5  13  1040
03    5  58  5950
04    9  27  1558
05   11  18   674
06   13  16   392
07   13  23  2500
08   14  36  4721
09   14  58  5955
10   15  44  5363
11   16  29   963
12   21  36  2209
13   21  36  2719
14   23  26   776
15   23  33  2834
16   25  39  1675
17   28  46  3787
18   32  48   949
19   32  65  6754
20   33  41  2570
21   35  58  4841
22   37  50  1001
23   39  51   967
24   40  52  2558
25   42  54  1259
26   44  65  3402
27   47  61  3236
28   49  65  3158
29   52  61   802
30   52  66  2385
31   56  64  1677
32   57  64  1012
33   64  66   224
End
