P0	26 T0 39 
P-1	29 T1 39 
P0	43 T2 44 
P-1	27 T3 46 
P-1	44 T4 59 
P0	55 T5 60 
P-1	59 T6 68 
P0	65 T7 81 
P-1	76 T8 85 
P-1	71 T9 87 
P-1	78 T10 88 
P0	82 T11 101 
P-1	91 T12 105 
P-1	98 T13 105 
P0	116 T14 120 
P-1	107 T15 124 
P-1	117 T16 131 
P-1	116 T17 133 
P0	132 T18 150 
P-1	146 T19 155 
P-1	134 T20 156 
P0	173 T21 181 
P0	231 T22 240 
P0	243 T23 248 
P-1	241 T24 255 
P-1	248 T25 264 
P0	251 T26 269 
P-1	165 T27 273 
P-1	136 T28 277 
P0	270 T29 278 
P0	281 T30 291 
P-1	18 T31 299 
P-1	290 T32 306 
P0	292 T33 316 
NMec = 98475
Viable Sol. = 0
Profit = 14
T = 34
P = 1
Profits ignored
Solution time = 6.362e-06
Task data
00   26  39     1
01   29  39     1
02   43  44     1
03   27  46     1
04   44  59     1
05   55  60     1
06   59  68     1
07   65  81     1
08   76  85     1
09   71  87     1
10   78  88     1
11   82 101     1
12   91 105     1
13   98 105     1
14  116 120     1
15  107 124     1
16  117 131     1
17  116 133     1
18  132 150     1
19  146 155     1
20  134 156     1
21  173 181     1
22  231 240     1
23  243 248     1
24  241 255     1
25  248 264     1
26  251 269     1
27  165 273     1
28  136 277     1
29  270 278     1
30  281 291     1
31   18 299     1
32  290 306     1
33  292 316     1
End
