P-1	2 T0 25 
P-1	3 T1 55 
P-1	5 T2 13 
P-1	5 T3 14 
P0	7 T4 15 
P1	7 T5 18 
P2	10 T6 17 
P3	10 T7 20 
P4	11 T8 24 
P5	12 T9 24 
P-1	13 T10 30 
P-1	13 T11 41 
P-1	17 T12 43 
P-1	20 T13 30 
P-1	22 T14 32 
P0	23 T15 32 
P1	25 T16 38 
P2	25 T17 41 
P-1	25 T18 49 
P3	27 T19 39 
P4	28 T20 37 
P5	29 T21 39 
P-1	31 T22 46 
P-1	33 T23 53 
P0	35 T24 42 
P-1	36 T25 46 
P-1	39 T26 48 
P1	41 T27 50 
P3	41 T28 54 
P2	42 T29 45 
P4	42 T30 52 
P0	43 T31 54 
P5	45 T32 56 
P2	48 T33 53 
NMec = 98475
Viable Sol. = 2775263833
Profit = 20
T = 34
P = 6
Profits ignored
Solution time = 2.878e+01
Task data
00    2  25     1
01    3  55     1
02    5  13     1
03    5  14     1
04    7  15     1
05    7  18     1
06   10  17     1
07   10  20     1
08   11  24     1
09   12  24     1
10   13  30     1
11   13  41     1
12   17  43     1
13   20  30     1
14   22  32     1
15   23  32     1
16   25  38     1
17   25  41     1
18   25  49     1
19   27  39     1
20   28  37     1
21   29  39     1
22   31  46     1
23   33  53     1
24   35  42     1
25   36  46     1
26   39  48     1
27   41  50     1
28   41  54     1
29   42  45     1
30   42  52     1
31   43  54     1
32   45  56     1
33   48  53     1
End
