P0	1 T0 15 
P1	2 T1 8 
P-1	2 T2 19 
P-1	6 T3 10 
P2	7 T4 23 
P-1	8 T5 14 
P3	8 T6 75 
P1	9 T7 23 
P-1	10 T8 15 
P-1	12 T9 34 
P-1	13 T10 34 
P-1	14 T11 31 
P0	20 T12 41 
P-1	23 T13 38 
P1	25 T14 30 
P-1	26 T15 84 
P2	30 T16 40 
P1	34 T17 38 
P1	40 T18 56 
P2	41 T19 45 
P-1	43 T20 59 
P-1	44 T21 55 
P0	48 T22 51 
P-1	49 T23 57 
P2	51 T24 72 
P-1	52 T25 70 
P-1	55 T26 59 
P0	55 T27 73 
P1	62 T28 67 
P-1	64 T29 72 
P-1	64 T30 74 
P-1	68 T31 78 
P1	72 T32 84 
P0	75 T33 83 
NMec = 98475
Viable Sol. = 1357533388
Profit = 49392
T = 34
P = 4
Profits not ignored
Solution time = 1.719e+01
Task data
00    1  15  1206
01    2   8  1519
02    2  19  1020
03    6  10   783
04    7  23  2729
05    8  14   809
06    8  75 16005
07    9  23  2034
08   10  15   865
09   12  34  1336
10   13  34  2450
11   14  31  2457
12   20  41  4475
13   23  38  2306
14   25  30  1505
15   26  84  6675
16   30  40  2502
17   34  38   609
18   40  56  3716
19   41  45   453
20   43  59  2220
21   44  55  1567
22   48  51   532
23   49  57  1407
24   51  72  4276
25   52  70  2139
26   55  59   728
27   55  73  4385
28   62  67   834
29   64  72   809
30   64  74  1262
31   68  78  1166
32   72  84  1693
33   75  83   919
End
