P0	18 T0 299 
P-1	26 T1 39 
P-1	27 T2 46 
P-1	29 T3 39 
P-1	43 T4 44 
P-1	44 T5 59 
P-1	55 T6 60 
P-1	59 T7 68 
P-1	65 T8 81 
P-1	71 T9 87 
P-1	76 T10 85 
P-1	78 T11 88 
P-1	82 T12 101 
P-1	91 T13 105 
P-1	98 T14 105 
P-1	107 T15 124 
P-1	116 T16 120 
P-1	116 T17 133 
P-1	117 T18 131 
P-1	132 T19 150 
P-1	134 T20 156 
P-1	136 T21 277 
P-1	146 T22 155 
P-1	165 T23 273 
P-1	173 T24 181 
P-1	231 T25 240 
P-1	241 T26 255 
P-1	243 T27 248 
P-1	248 T28 264 
P-1	251 T29 269 
P-1	270 T30 278 
P-1	281 T31 291 
P-1	290 T32 306 
P-1	292 T33 316 
NMec = 98475
Viable Sol. = 1778401
Profit = 51368
T = 34
P = 1
Profits not ignored
Solution time = 2.422e-02
Task data
00   18 299 51368
01   26  39  1261
02   27  46  4350
03   29  39  1582
04   43  44   165
05   44  59  2452
06   55  60   785
07   59  68  2617
08   65  81  2299
09   71  87  2104
10   76  85  1263
11   78  88  1378
12   82 101  4590
13   91 105  1468
14   98 105  1686
15  107 124  3354
16  116 120   685
17  116 133  3726
18  117 131  3165
19  132 150  3033
20  134 156  5849
21  136 277 17939
22  146 155  1677
23  165 273 12332
24  173 181  1205
25  231 240  1513
26  241 255  2416
27  243 248  1672
28  248 264  2991
29  251 269  4419
30  270 278  2140
31  281 291  2834
32  290 306  1718
33  292 316  3410
End
