P0	0 T0 12 
P1	0 T1 17 
P-1	0 T2 33 
P2	1 T3 3 
P3	3 T4 23 
P2	4 T5 7 
P4	4 T6 13 
P5	7 T7 17 
P-1	7 T8 18 
P-1	8 T9 19 
P-1	8 T10 25 
P2	9 T11 11 
P6	11 T12 21 
P7	11 T13 28 
P2	12 T14 25 
P-1	12 T15 27 
P-1	13 T16 24 
P0	13 T17 31 
P4	15 T18 25 
P-1	15 T19 29 
P1	19 T20 27 
P-1	19 T21 30 
P5	20 T22 23 
P-1	23 T23 31 
P6	23 T24 33 
P-1	25 T25 26 
P3	25 T26 31 
P-1	25 T27 31 
P5	25 T28 40 
P2	26 T29 31 
P1	28 T30 42 
P4	29 T31 40 
P0	34 T32 39 
P2	36 T33 41 
NMec = 98475
Viable Sol. = 7362747504
Profit = 40222
T = 34
P = 8
Profits not ignored
Solution time = 9.250e+01
Task data
00    0  12  1128
01    0  17  1952
02    0  33  2385
03    1   3   377
04    3  23  2925
05    4   7   316
06    4  13  1956
07    7  17  1714
08    7  18  1328
09    8  19   925
10    8  25  1404
11    9  11   766
12   11  21  2136
13   11  28  3906
14   12  25  3144
15   12  27  1738
16   13  24  1431
17   13  31  3289
18   15  25  2305
19   15  29  1147
20   19  27  1551
21   19  30  1444
22   20  23   709
23   23  31   975
24   23  33  1793
25   25  26   233
26   25  31   887
27   25  31   535
28   25  40  2809
29   26  31  1539
30   28  42  2611
31   29  40  1239
32   34  39   801
33   36  41   369
End
