P-1	0 T0 37 
P-1	0 T1 37 
P0	2 T2 10 
P1	3 T3 19 
P-1	3 T4 36 
P2	4 T5 12 
P3	4 T6 17 
P-1	4 T7 21 
P-1	4 T8 24 
P-1	5 T9 22 
P-1	5 T10 27 
P4	6 T11 14 
P5	6 T12 16 
P6	7 T13 9 
P-1	7 T14 25 
P7	8 T15 10 
P8	8 T16 18 
P-1	9 T17 32 
P-1	10 T18 22 
P-1	11 T19 21 
P0	13 T20 23 
P2	14 T21 20 
P-1	14 T22 30 
P4	15 T23 26 
P6	16 T24 33 
P5	17 T25 27 
P7	17 T26 35 
P3	18 T27 30 
P8	19 T28 33 
P1	20 T29 28 
P2	22 T30 32 
P0	24 T31 30 
P4	27 T32 37 
P1	30 T33 37 
NMec = 98475
Viable Sol. = 3228581404
Profit = 22
T = 34
P = 9
Profits ignored
Solution time = 3.035e+01
Task data
00    0  37     1
01    0  37     1
02    2  10     1
03    3  19     1
04    3  36     1
05    4  12     1
06    4  17     1
07    4  21     1
08    4  24     1
09    5  22     1
10    5  27     1
11    6  14     1
12    6  16     1
13    7   9     1
14    7  25     1
15    8  10     1
16    8  18     1
17    9  32     1
18   10  22     1
19   11  21     1
20   13  23     1
21   14  20     1
22   14  30     1
23   15  26     1
24   16  33     1
25   17  27     1
26   17  35     1
27   18  30     1
28   19  33     1
29   20  28     1
30   22  32     1
31   24  30     1
32   27  37     1
33   30  37     1
End
