P-1	1 T0 15 
P0	2 T1 8 
P-1	2 T2 19 
P-1	6 T3 10 
P1	7 T4 23 
P2	8 T5 14 
P-1	8 T6 75 
P0	9 T7 23 
P3	10 T8 15 
P-1	12 T9 34 
P-1	13 T10 34 
P-1	14 T11 31 
P2	20 T12 41 
P3	23 T13 38 
P0	25 T14 30 
P-1	26 T15 84 
P1	30 T16 40 
P0	34 T17 38 
P-1	40 T18 56 
P0	41 T19 45 
P-1	43 T20 59 
P1	44 T21 55 
P0	48 T22 51 
P2	49 T23 57 
P-1	51 T24 72 
P0	52 T25 70 
P3	55 T26 59 
P-1	55 T27 73 
P1	62 T28 67 
P2	64 T29 72 
P3	64 T30 74 
P1	68 T31 78 
P0	72 T32 84 
P2	75 T33 83 
NMec = 98475
Viable Sol. = 1357533388
Profit = 22
T = 34
P = 4
Profits ignored
Solution time = 1.070e+01
Task data
00    1  15     1
01    2   8     1
02    2  19     1
03    6  10     1
04    7  23     1
05    8  14     1
06    8  75     1
07    9  23     1
08   10  15     1
09   12  34     1
10   13  34     1
11   14  31     1
12   20  41     1
13   23  38     1
14   25  30     1
15   26  84     1
16   30  40     1
17   34  38     1
18   40  56     1
19   41  45     1
20   43  59     1
21   44  55     1
22   48  51     1
23   49  57     1
24   51  72     1
25   52  70     1
26   55  59     1
27   55  73     1
28   62  67     1
29   64  72     1
30   64  74     1
31   68  78     1
32   72  84     1
33   75  83     1
End
