P0	1 T0 7 
P1	4 T1 21 
P2	5 T2 108 
P0	11 T3 29 
P-1	15 T4 105 
P-1	26 T5 107 
P1	27 T6 43 
P-1	33 T7 43 
P-1	34 T8 48 
P0	34 T9 51 
P-1	37 T10 62 
P-1	42 T11 50 
P-1	45 T12 58 
P1	50 T13 108 
P-1	55 T14 63 
P0	56 T15 79 
P-1	65 T16 73 
P-1	67 T17 79 
P-1	70 T18 83 
P-1	79 T19 89 
P-1	79 T20 95 
P0	81 T21 92 
P-1	82 T22 93 
P-1	83 T23 93 
P-1	85 T24 106 
P-1	92 T25 96 
P-1	92 T26 111 
P-1	93 T27 109 
P-1	93 T28 110 
P0	94 T29 96 
P-1	94 T30 105 
P0	100 T31 112 
P-1	102 T32 113 
P1	109 T33 113 
NMec = 98475
Viable Sol. = 111980588
Profit = 55105
T = 34
P = 3
Profits not ignored
Solution time = 1.580e+00
Task data
00    1   7   462
01    4  21  4754
02    5 108 17520
03   11  29  2976
04   15 105  9967
05   26 107 12205
06   27  43  3615
07   33  43  1546
08   34  48  1127
09   34  51  4857
10   37  62  4787
11   42  50  2321
12   45  58  1478
13   50 108  9655
14   55  63   855
15   56  79  5730
16   65  73  2392
17   67  79  2799
18   70  83  3409
19   79  89  1844
20   79  95  2649
21   81  92  2807
22   82  93  2484
23   83  93  1724
24   85 106  3765
25   92  96   629
26   92 111  2098
27   93 109  1848
28   93 110  1986
29   94  96   229
30   94 105  1034
31  100 112  2090
32  102 113  2045
33  109 113   410
End
