P-1	0 T0 6 
P0	0 T1 85 
P-1	0 T2 86 
P1	1 T3 10 
P2	1 T4 11 
P3	4 T5 27 
P-1	5 T6 18 
P-1	5 T7 19 
P-1	6 T8 10 
P-1	10 T9 22 
P1	14 T10 21 
P2	17 T11 58 
P1	22 T12 34 
P-1	24 T13 43 
P-1	25 T14 71 
P3	33 T15 52 
P1	38 T16 46 
P-1	38 T17 48 
P-1	45 T18 49 
P-1	45 T19 52 
P1	48 T20 58 
P3	57 T21 71 
P-1	58 T22 75 
P-1	58 T23 78 
P-1	61 T24 71 
P1	62 T25 64 
P-1	62 T26 76 
P2	62 T27 77 
P-1	64 T28 76 
P-1	64 T29 83 
P-1	66 T30 69 
P1	68 T31 87 
P-1	69 T32 83 
P3	73 T33 83 
P2	79 T34 85 
NMec = 98475
Viable Sol. = 921032073
Profit = 52532
T = 35
P = 4
Profits not ignored
Solution time = 1.363e+01
Task data
00    0   6   673
01    0  85 10958
02    0  86  7317
03    1  10  2454
04    1  11  1452
05    4  27  4382
06    5  18  1888
07    5  19  1559
08    6  10   499
09   10  22  1824
10   14  21  1035
11   17  58 11115
12   22  34  1337
13   24  43  1787
14   25  71  3533
15   33  52  3079
16   38  46  1248
17   38  48  2862
18   45  49   472
19   45  52  1482
20   48  58  1701
21   57  71  3548
22   58  75   966
23   58  78  2701
24   61  71  1715
25   62  64   308
26   62  76  2923
27   62  77  3376
28   64  76  2331
29   64  83  3813
30   66  69   554
31   68  87  4275
32   69  83  1158
33   73  83  1037
34   79  85  1227
End
