P-1	2 T0 17 
P-1	3 T1 35 
P0	4 T2 15 
P1	5 T3 21 
P-1	5 T4 29 
P2	6 T5 26 
P3	7 T6 13 
P4	8 T7 17 
P5	8 T8 19 
P6	11 T9 22 
P-1	13 T10 38 
P3	14 T11 43 
P0	16 T12 25 
P7	17 T13 35 
P-1	18 T14 38 
P4	19 T15 30 
P-1	20 T16 33 
P5	21 T17 41 
P-1	23 T18 40 
P1	24 T19 31 
P-1	24 T20 36 
P6	24 T21 41 
P-1	25 T22 34 
P-1	25 T23 40 
P-1	26 T24 37 
P-1	26 T25 38 
P0	26 T26 41 
P-1	27 T27 38 
P2	28 T28 40 
P-1	31 T29 39 
P-1	32 T30 39 
P-1	34 T31 39 
P1	34 T32 41 
P4	34 T33 42 
P7	40 T34 43 
NMec = 98475
Viable Sol. = 4200625872
Profit = 48184
T = 35
P = 8
Profits not ignored
Solution time = 6.335e+01
Task data
00    2  17  1313
01    3  35  4680
02    4  15  2114
03    5  21  2872
04    5  29  2528
05    6  26  3498
06    7  13  1000
07    8  17  1767
08    8  19  2157
09   11  22  2131
10   13  38  2853
11   14  43  5208
12   16  25  2309
13   17  35  4803
14   18  38  2695
15   19  30  2185
16   20  33  1429
17   21  41  2631
18   23  40  2493
19   24  31  1798
20   24  36  1848
21   24  41  3838
22   25  34  1077
23   25  40  1352
24   26  37  1574
25   26  38  1262
26   26  41  3474
27   27  38  2250
28   28  40  2329
29   31  39  1002
30   32  39   648
31   34  39   691
32   34  41  1368
33   34  42  1929
34   40  43   773
End
