P0	0 T0 3 
P-1	9 T1 131 
P0	11 T2 48 
P-1	17 T3 165 
P-1	27 T4 136 
P-1	33 T5 70 
P-1	42 T6 106 
P-1	43 T7 55 
P1	45 T8 58 
P-1	46 T9 126 
P0	49 T10 54 
P-1	50 T11 173 
P-1	54 T12 68 
P-1	54 T13 154 
P-1	55 T14 78 
P-1	59 T15 67 
P0	59 T16 73 
P-1	61 T17 87 
P1	62 T18 73 
P-1	70 T19 148 
P-1	73 T20 100 
P0	75 T21 82 
P1	77 T22 85 
P0	84 T23 98 
P1	86 T24 91 
P1	95 T25 102 
P0	105 T26 127 
P1	115 T27 129 
P-1	118 T28 144 
P-1	124 T29 141 
P-1	129 T30 151 
P0	130 T31 149 
P1	134 T32 141 
P1	142 T33 149 
P0	154 T34 172 
NMec = 98475
Viable Sol. = 4137476
Profit = 17
T = 35
P = 2
Profits ignored
Solution time = 3.694e-02
Task data
00    0   3     1
01    9 131     1
02   11  48     1
03   17 165     1
04   27 136     1
05   33  70     1
06   42 106     1
07   43  55     1
08   45  58     1
09   46 126     1
10   49  54     1
11   50 173     1
12   54  68     1
13   54 154     1
14   55  78     1
15   59  67     1
16   59  73     1
17   61  87     1
18   62  73     1
19   70 148     1
20   73 100     1
21   75  82     1
22   77  85     1
23   84  98     1
24   86  91     1
25   95 102     1
26  105 127     1
27  115 129     1
28  118 144     1
29  124 141     1
30  129 151     1
31  130 149     1
32  134 141     1
33  142 149     1
34  154 172     1
End
