P0	13 T0 17 
P-1	37 T1 47 
P-1	41 T2 59 
P0	44 T3 315 
P-1	51 T4 59 
P-1	59 T5 81 
P-1	60 T6 73 
P-1	70 T7 82 
P-1	85 T8 104 
P-1	93 T9 271 
P-1	101 T10 110 
P-1	102 T11 104 
P-1	102 T12 110 
P-1	108 T13 327 
P-1	109 T14 115 
P-1	133 T15 156 
P-1	135 T16 141 
P-1	135 T17 155 
P-1	148 T18 176 
P-1	149 T19 168 
P-1	152 T20 163 
P-1	173 T21 192 
P-1	174 T22 185 
P-1	196 T23 215 
P-1	202 T24 220 
P-1	217 T25 224 
P-1	219 T26 225 
P-1	221 T27 228 
P-1	231 T28 243 
P-1	242 T29 255 
P-1	248 T30 259 
P-1	263 T31 270 
P-1	293 T32 294 
P-1	295 T33 304 
P0	324 T34 346 
NMec = 98475
Viable Sol. = 5657978
Profit = 76400
T = 35
P = 1
Profits not ignored
Solution time = 6.918e-02
Task data
00   13  17  1357
01   37  47  2431
02   41  59  4661
03   44 315 70572
04   51  59   971
05   59  81  2485
06   60  73  1916
07   70  82  2026
08   85 104  2889
09   93 271 29221
10  101 110   852
11  102 104   511
12  102 110  1440
13  108 327 25554
14  109 115  1559
15  133 156  3994
16  135 141  1293
17  135 155  2132
18  148 176  3131
19  149 168  3892
20  152 163   832
21  173 192  1735
22  174 185  1794
23  196 215  2939
24  202 220  3320
25  217 224   540
26  219 225  1657
27  221 228  2181
28  231 243  2209
29  242 255   882
30  248 259  1498
31  263 270   929
32  293 294   436
33  295 304  1483
34  324 346  4471
End
