P-1	0 T0 49 
P-1	1 T1 47 
P-1	1 T2 57 
P-1	2 T3 58 
P0	3 T4 11 
P1	3 T5 19 
P-1	5 T6 43 
P2	7 T7 22 
P3	8 T8 24 
P4	9 T9 22 
P5	10 T10 14 
P-1	10 T11 30 
P-1	15 T12 31 
P-1	16 T13 30 
P-1	18 T14 35 
P-1	18 T15 39 
P-1	19 T16 28 
P0	20 T17 27 
P1	20 T18 37 
P5	22 T19 29 
P2	23 T20 36 
P4	23 T21 37 
P-1	24 T22 40 
P3	25 T23 39 
P0	28 T24 37 
P5	30 T25 41 
P-1	32 T26 47 
P-1	34 T27 48 
P-1	36 T28 53 
P2	37 T29 45 
P0	38 T30 53 
P1	38 T31 53 
P4	39 T32 47 
P3	42 T33 57 
P5	43 T34 53 
NMec = 98475
Viable Sol. = 875692371
Profit = 20
T = 35
P = 6
Profits ignored
Solution time = 8.797e+00
Task data
00    0  49     1
01    1  47     1
02    1  57     1
03    2  58     1
04    3  11     1
05    3  19     1
06    5  43     1
07    7  22     1
08    8  24     1
09    9  22     1
10   10  14     1
11   10  30     1
12   15  31     1
13   16  30     1
14   18  35     1
15   18  39     1
16   19  28     1
17   20  27     1
18   20  37     1
19   22  29     1
20   23  36     1
21   23  37     1
22   24  40     1
23   25  39     1
24   28  37     1
25   30  41     1
26   32  47     1
27   34  48     1
28   36  53     1
29   37  45     1
30   38  53     1
31   38  53     1
32   39  47     1
33   42  57     1
34   43  53     1
End
