P0	0 T0 6 
P1	0 T1 6 
P2	0 T2 10 
P3	0 T3 15 
P4	0 T4 23 
P5	0 T5 39 
P6	2 T6 18 
P-1	2 T7 22 
P7	3 T8 6 
P-1	3 T9 15 
P-1	4 T10 22 
P-1	4 T11 30 
P-1	5 T12 15 
P8	6 T13 39 
P0	8 T14 16 
P1	8 T15 27 
P7	9 T16 18 
P-1	9 T17 23 
P-1	10 T18 31 
P2	12 T19 25 
P-1	12 T20 35 
P-1	14 T21 21 
P-1	15 T22 25 
P-1	15 T23 28 
P-1	15 T24 29 
P-1	16 T25 21 
P3	16 T26 34 
P0	17 T27 23 
P-1	18 T28 39 
P6	20 T29 29 
P7	21 T30 30 
P0	25 T31 32 
P-1	26 T32 32 
P2	27 T33 29 
P4	27 T34 37 
P1	30 T35 39 
NMec = 98475
Viable Sol. = 13423777970
Profit = 45783
T = 36
P = 9
Profits not ignored
Solution time = 1.243e+02
Task data
00    0   6   978
01    0   6   693
02    0  10  1848
03    0  15  1337
04    0  23  3911
05    0  39  3853
06    2  18  2972
07    2  22  1971
08    3   6   524
09    3  15  1235
10    4  22  3198
11    4  30  3053
12    5  15   817
13    6  39  6057
14    8  16  1271
15    8  27  3991
16    9  18  2420
17    9  23  2021
18   10  31  2128
19   12  25  2716
20   12  35  1865
21   14  21  1333
22   15  25  2186
23   15  28  2724
24   15  29  1890
25   16  21  1045
26   16  34  3866
27   17  23  1663
28   18  39  1508
29   20  29  1456
30   21  30  1452
31   25  32  1270
32   26  32   484
33   27  29   558
34   27  37  1867
35   30  39  1080
End
