P-1	0 T0 46 
P0	0 T1 51 
P1	2 T2 25 
P2	3 T3 26 
P3	4 T4 15 
P-1	5 T5 24 
P-1	6 T6 17 
P-1	8 T7 16 
P4	8 T8 21 
P-1	9 T9 18 
P5	10 T10 19 
P-1	11 T11 31 
P6	14 T12 23 
P-1	14 T13 24 
P-1	14 T14 25 
P-1	16 T15 23 
P-1	18 T16 33 
P-1	18 T17 36 
P-1	19 T18 25 
P3	19 T19 32 
P5	20 T20 21 
P4	22 T21 41 
P5	23 T22 37 
P-1	25 T23 38 
P-1	25 T24 50 
P-1	26 T25 48 
P-1	28 T26 33 
P-1	28 T27 36 
P-1	29 T28 42 
P-1	30 T29 34 
P-1	31 T30 40 
P-1	32 T31 41 
P1	32 T32 47 
P2	32 T33 48 
P6	32 T34 48 
P3	33 T35 45 
NMec = 98475
Viable Sol. = 3844098396
Profit = 45662
T = 36
P = 7
Profits not ignored
Solution time = 7.330e+01
Task data
00    0  46  3881
01    0  51  6807
02    2  25  3762
03    3  26  3400
04    4  15  2963
05    5  24  2371
06    6  17  1735
07    8  16  1443
08    8  21  1906
09    9  18  1162
10   10  19  1814
11   11  31  2407
12   14  23  2907
13   14  24  2521
14   14  25  1714
15   16  23   757
16   18  33  1471
17   18  36  2690
18   19  25   972
19   19  32  1921
20   20  21   249
21   22  41  3575
22   23  37  2600
23   25  38  1247
24   25  50  1670
25   26  48  1637
26   28  33   779
27   28  36  1134
28   29  42  1433
29   30  34   472
30   31  40  1510
31   32  41  1096
32   32  47  3480
33   32  48  2726
34   32  48  4961
35   33  45  2591
End
