P-1	5 T0 17 
P0	6 T1 14 
P-1	9 T2 85 
P-1	9 T3 106 
P1	13 T4 17 
P2	13 T5 22 
P0	16 T6 36 
P-1	24 T7 85 
P-1	26 T8 37 
P-1	27 T9 51 
P-1	32 T10 71 
P1	35 T11 42 
P2	36 T12 42 
P0	37 T13 40 
P-1	38 T14 60 
P-1	43 T15 65 
P0	46 T16 53 
P1	49 T17 53 
P2	49 T18 65 
P-1	52 T19 69 
P-1	52 T20 114 
P-1	55 T21 72 
P-1	56 T22 93 
P0	60 T23 63 
P1	61 T24 69 
P0	64 T25 72 
P-1	64 T26 83 
P2	67 T27 79 
P1	71 T28 85 
P0	76 T29 79 
P0	80 T30 104 
P2	83 T31 94 
P-1	93 T32 117 
P1	95 T33 105 
P2	100 T34 112 
P0	105 T35 118 
NMec = 98475
Viable Sol. = 301645944
Profit = 21
T = 36
P = 3
Profits ignored
Solution time = 2.501e+00
Task data
00    5  17     1
01    6  14     1
02    9  85     1
03    9 106     1
04   13  17     1
05   13  22     1
06   16  36     1
07   24  85     1
08   26  37     1
09   27  51     1
10   32  71     1
11   35  42     1
12   36  42     1
13   37  40     1
14   38  60     1
15   43  65     1
16   46  53     1
17   49  53     1
18   49  65     1
19   52  69     1
20   52 114     1
21   55  72     1
22   56  93     1
23   60  63     1
24   61  69     1
25   64  72     1
26   64  83     1
27   67  79     1
28   71  85     1
29   76  79     1
30   80 104     1
31   83  94     1
32   93 117     1
33   95 105     1
34  100 112     1
35  105 118     1
End
