P-1	1 T0 357 
P-1	5 T1 15 
P-1	7 T2 30 
P-1	7 T3 233 
P-1	12 T4 19 
P-1	12 T5 28 
P0	14 T6 346 
P-1	16 T7 22 
P-1	29 T8 34 
P-1	34 T9 46 
P-1	40 T10 51 
P-1	56 T11 296 
P-1	62 T12 75 
P-1	72 T13 94 
P-1	87 T14 104 
P-1	98 T15 119 
P-1	100 T16 120 
P-1	142 T17 152 
P-1	153 T18 173 
P-1	164 T19 179 
P-1	168 T20 185 
P-1	187 T21 197 
P-1	209 T22 224 
P-1	215 T23 238 
P-1	221 T24 230 
P-1	224 T25 232 
P-1	233 T26 251 
P-1	248 T27 262 
P-1	253 T28 262 
P-1	253 T29 271 
P-1	274 T30 284 
P-1	274 T31 285 
P-1	300 T32 302 
P-1	305 T33 309 
P-1	319 T34 332 
P-1	343 T35 352 
NMec = 98475
Viable Sol. = 8921810
Profit = 82843
T = 36
P = 1
Profits not ignored
Solution time = 1.114e-01
Task data
00    1 357 37311
01    5  15  2054
02    7  30  3159
03    7 233 40140
04   12  19   639
05   12  28  2346
06   14 346 82843
07   16  22   980
08   29  34   596
09   34  46  2196
10   40  51  1612
11   56 296 25359
12   62  75  2480
13   72  94  3481
14   87 104  1152
15   98 119  2416
16  100 120  2071
17  142 152  2897
18  153 173  4179
19  164 179  1795
20  168 185  2120
21  187 197  2311
22  209 224  1107
23  215 238  4940
24  221 230  1113
25  224 232  1381
26  233 251  2506
27  248 262  1593
28  253 262  2444
29  253 271  2957
30  274 284  1781
31  274 285  2412
32  300 302   214
33  305 309   736
34  319 332  2192
35  343 352  2359
End
