P0	5 T0 15 
P-1	12 T1 19 
P0	16 T2 22 
P-1	12 T3 28 
P-1	7 T4 30 
P0	29 T5 34 
P-1	34 T6 46 
P0	40 T7 51 
P0	62 T8 75 
P-1	72 T9 94 
P0	87 T10 104 
P-1	98 T11 119 
P-1	100 T12 120 
P0	142 T13 152 
P0	153 T14 173 
P-1	164 T15 179 
P-1	168 T16 185 
P0	187 T17 197 
P0	209 T18 224 
P-1	221 T19 230 
P-1	224 T20 232 
P-1	7 T21 233 
P-1	215 T22 238 
P0	233 T23 251 
P-1	248 T24 262 
P0	253 T25 262 
P-1	253 T26 271 
P0	274 T27 284 
P-1	274 T28 285 
P-1	56 T29 296 
P0	300 T30 302 
P0	305 T31 309 
P0	319 T32 332 
P-1	14 T33 346 
P0	343 T34 352 
P-1	1 T35 357 
NMec = 98475
Viable Sol. = 0
Profit = 17
T = 36
P = 1
Profits ignored
Solution time = 6.956e-06
Task data
00    5  15     1
01   12  19     1
02   16  22     1
03   12  28     1
04    7  30     1
05   29  34     1
06   34  46     1
07   40  51     1
08   62  75     1
09   72  94     1
10   87 104     1
11   98 119     1
12  100 120     1
13  142 152     1
14  153 173     1
15  164 179     1
16  168 185     1
17  187 197     1
18  209 224     1
19  221 230     1
20  224 232     1
21    7 233     1
22  215 238     1
23  233 251     1
24  248 262     1
25  253 262     1
26  253 271     1
27  274 284     1
28  274 285     1
29   56 296     1
30  300 302     1
31  305 309     1
32  319 332     1
33   14 346     1
34  343 352     1
35    1 357     1
End
