P-1	0 T0 25 
P0	2 T1 11 
P-1	2 T2 12 
P-1	2 T3 28 
P-1	4 T4 12 
P-1	4 T5 43 
P1	6 T6 14 
P-1	6 T7 20 
P-1	6 T8 25 
P2	7 T9 22 
P3	8 T10 15 
P4	9 T11 21 
P-1	9 T12 30 
P-1	9 T13 30 
P-1	10 T14 32 
P5	11 T15 16 
P0	12 T16 14 
P6	12 T17 16 
P7	12 T18 24 
P-1	12 T19 35 
P-1	15 T20 43 
P-1	16 T21 39 
P-1	17 T22 40 
P0	18 T23 28 
P1	18 T24 35 
P3	19 T25 29 
P5	19 T26 38 
P6	20 T27 22 
P2	23 T28 29 
P4	23 T29 36 
P6	24 T30 33 
P7	26 T31 38 
P0	33 T32 42 
P2	34 T33 37 
P1	37 T34 42 
P2	38 T35 43 
NMec = 98475
Viable Sol. = 8780805007
Profit = 22
T = 36
P = 8
Profits ignored
Solution time = 7.941e+01
Task data
00    0  25     1
01    2  11     1
02    2  12     1
03    2  28     1
04    4  12     1
05    4  43     1
06    6  14     1
07    6  20     1
08    6  25     1
09    7  22     1
10    8  15     1
11    9  21     1
12    9  30     1
13    9  30     1
14   10  32     1
15   11  16     1
16   12  14     1
17   12  16     1
18   12  24     1
19   12  35     1
20   15  43     1
21   16  39     1
22   17  40     1
23   18  28     1
24   18  35     1
25   19  29     1
26   19  38     1
27   20  22     1
28   23  29     1
29   23  36     1
30   24  33     1
31   26  38     1
32   33  42     1
33   34  37     1
34   37  42     1
35   38  43     1
End
