P0	1 T0 15 
P1	4 T1 18 
P-1	7 T2 73 
P2	8 T3 26 
P3	11 T4 20 
P-1	15 T5 34 
P0	18 T6 80 
P-1	19 T7 25 
P1	20 T8 29 
P3	23 T9 32 
P-1	23 T10 47 
P-1	25 T11 34 
P-1	28 T12 39 
P2	28 T13 42 
P1	30 T14 39 
P-1	32 T15 39 
P-1	33 T16 35 
P3	33 T17 50 
P-1	35 T18 41 
P-1	38 T19 60 
P-1	41 T20 54 
P1	41 T21 63 
P-1	43 T22 59 
P-1	45 T23 58 
P2	45 T24 63 
P-1	47 T25 53 
P-1	48 T26 71 
P-1	49 T27 67 
P-1	58 T28 66 
P3	59 T29 78 
P-1	65 T30 71 
P-1	67 T31 80 
P-1	68 T32 81 
P1	68 T33 89 
P-1	69 T34 84 
P2	70 T35 86 
NMec = 98475
Viable Sol. = 1675146026
Profit = 57725
T = 36
P = 4
Profits not ignored
Solution time = 2.461e+01
Task data
00    1  15  1269
01    4  18  1895
02    7  73  4232
03    8  26  3478
04   11  20  2352
05   15  34  4628
06   18  80 11279
07   19  25   863
08   20  29  1680
09   23  32  1923
10   23  47  2059
11   25  34   816
12   28  39  1367
13   28  42  3333
14   30  39  2798
15   32  39  1245
16   33  35   569
17   33  50  3631
18   35  41  1255
19   38  60  4351
20   41  54  2474
21   41  63  6112
22   43  59  3127
23   45  58  1100
24   45  63  4683
25   47  53  1286
26   48  71  4031
27   49  67  1816
28   58  66  1366
29   59  78  5419
30   65  71   825
31   67  80  1970
32   68  81  3201
33   68  89  3413
34   69  84  2850
35   70  86  4460
End
