P0	5 T0 17 
P1	6 T1 14 
P-1	9 T2 85 
P2	9 T3 106 
P-1	13 T4 17 
P-1	13 T5 22 
P1	16 T6 36 
P-1	24 T7 85 
P-1	26 T8 37 
P0	27 T9 51 
P-1	32 T10 71 
P-1	35 T11 42 
P-1	36 T12 42 
P1	37 T13 40 
P-1	38 T14 60 
P-1	43 T15 65 
P-1	46 T16 53 
P-1	49 T17 53 
P1	49 T18 65 
P-1	52 T19 69 
P0	52 T20 114 
P-1	55 T21 72 
P-1	56 T22 93 
P-1	60 T23 63 
P-1	61 T24 69 
P-1	64 T25 72 
P-1	64 T26 83 
P1	67 T27 79 
P-1	71 T28 85 
P-1	76 T29 79 
P-1	80 T30 104 
P-1	83 T31 94 
P1	93 T32 117 
P-1	95 T33 105 
P-1	100 T34 112 
P-1	105 T35 118 
NMec = 98475
Viable Sol. = 301645944
Profit = 50656
T = 36
P = 3
Profits not ignored
Solution time = 3.874e+00
Task data
00    5  17  1396
01    6  14  2350
02    9  85  7982
03    9 106 18025
04   13  17   440
05   13  22  1107
06   16  36  2414
07   24  85  4193
08   26  37  1306
09   27  51  3429
10   32  71  4234
11   35  42  1005
12   36  42  1046
13   37  40   546
14   38  60  1977
15   43  65  3307
16   46  53  1167
17   49  53   784
18   49  65  3818
19   52  69  3737
20   52 114 11563
21   55  72  4460
22   56  93  4758
23   60  63  1144
24   61  69  2454
25   64  72  1858
26   64  83  2786
27   67  79  2541
28   71  85  1903
29   76  79   368
30   80 104  1995
31   83  94  1380
32   93 117  4574
33   95 105  1570
34  100 112  2213
35  105 118  1164
End
