P0	0 T0 6 
P1	0 T1 6 
P2	0 T2 10 
P3	0 T3 15 
P-1	0 T4 23 
P-1	0 T5 39 
P4	2 T6 18 
P-1	2 T7 22 
P5	3 T8 6 
P6	3 T9 15 
P-1	4 T10 22 
P-1	4 T11 30 
P7	5 T12 15 
P-1	6 T13 39 
P0	8 T14 16 
P-1	8 T15 27 
P1	9 T16 18 
P-1	9 T17 23 
P-1	10 T18 31 
P-1	12 T19 25 
P-1	12 T20 35 
P2	14 T21 21 
P5	15 T22 25 
P-1	15 T23 28 
P8	15 T24 29 
P3	16 T25 21 
P6	16 T26 34 
P0	17 T27 23 
P7	18 T28 39 
P1	20 T29 29 
P4	21 T30 30 
P0	25 T31 32 
P2	26 T32 32 
P3	27 T33 29 
P5	27 T34 37 
P1	30 T35 39 
NMec = 98475
Viable Sol. = 13423777970
Profit = 24
T = 36
P = 9
Profits ignored
Solution time = 1.173e+02
Task data
00    0   6     1
01    0   6     1
02    0  10     1
03    0  15     1
04    0  23     1
05    0  39     1
06    2  18     1
07    2  22     1
08    3   6     1
09    3  15     1
10    4  22     1
11    4  30     1
12    5  15     1
13    6  39     1
14    8  16     1
15    8  27     1
16    9  18     1
17    9  23     1
18   10  31     1
19   12  25     1
20   12  35     1
21   14  21     1
22   15  25     1
23   15  28     1
24   15  29     1
25   16  21     1
26   16  34     1
27   17  23     1
28   18  39     1
29   20  29     1
30   21  30     1
31   25  32     1
32   26  32     1
33   27  29     1
34   27  37     1
35   30  39     1
End
