P0	3 T0 113 
P1	9 T1 26 
P-1	10 T2 26 
P-1	12 T3 30 
P-1	17 T4 33 
P-1	20 T5 30 
P-1	21 T6 111 
P-1	22 T7 35 
P-1	23 T8 26 
P-1	24 T9 34 
P-1	24 T10 34 
P2	24 T11 83 
P-1	25 T12 46 
P1	30 T13 39 
P-1	34 T14 113 
P-1	38 T15 43 
P-1	45 T16 49 
P-1	46 T17 69 
P-1	47 T18 67 
P1	49 T19 69 
P-1	57 T20 62 
P-1	57 T21 108 
P-1	57 T22 118 
P-1	61 T23 73 
P1	75 T24 79 
P-1	77 T25 82 
P1	81 T26 89 
P2	86 T27 120 
P1	92 T28 101 
P-1	96 T29 109 
P-1	98 T30 112 
P-1	99 T31 104 
P-1	100 T32 106 
P-1	100 T33 116 
P-1	101 T34 119 
P-1	104 T35 114 
P1	107 T36 123 
NMec = 98475
Viable Sol. = 132032137
Profit = 56612
T = 37
P = 3
Profits not ignored
Solution time = 2.170e+00
Task data
00    3 113 13434
01    9  26  3763
02   10  26  1178
03   12  30  2460
04   17  33  1348
05   20  30  1855
06   21 111 10988
07   22  35  2807
08   23  26   351
09   24  34   921
10   24  34  1358
11   24  83 15416
12   25  46  2606
13   30  39   757
14   34 113  6721
15   38  43   610
16   45  49   751
17   46  69  3531
18   47  67  4388
19   49  69  5644
20   57  62  1047
21   57 108  5380
22   57 118  6070
23   61  73  1603
24   75  79   823
25   77  82   796
26   81  89  1742
27   86 120  9734
28   92 101  2510
29   96 109  2976
30   98 112  1148
31   99 104   962
32  100 106   743
33  100 116  2083
34  101 119  2177
35  104 114  1324
36  107 123  2789
End
