P0	0 T0 11 
P-1	1 T1 33 
P1	2 T2 14 
P-1	2 T3 42 
P2	3 T4 10 
P-1	4 T5 26 
P-1	8 T6 25 
P0	12 T7 16 
P-1	13 T8 31 
P1	15 T9 23 
P2	16 T10 34 
P0	17 T11 22 
P3	17 T12 33 
P4	21 T13 32 
P-1	23 T14 49 
P-1	27 T15 41 
P-1	27 T16 47 
P-1	28 T17 60 
P0	30 T18 43 
P1	31 T19 39 
P-1	32 T20 68 
P2	35 T21 39 
P3	37 T22 47 
P4	37 T23 52 
P-1	39 T24 71 
P1	40 T25 47 
P0	45 T26 51 
P2	45 T27 59 
P-1	45 T28 60 
P1	48 T29 53 
P-1	48 T30 62 
P3	50 T31 53 
P0	53 T32 69 
P1	55 T33 65 
P3	55 T34 69 
P4	58 T35 68 
P2	60 T36 65 
NMec = 98475
Viable Sol. = 11765742681
Profit = 24
T = 37
P = 5
Profits ignored
Solution time = 1.178e+02
Task data
00    0  11     1
01    1  33     1
02    2  14     1
03    2  42     1
04    3  10     1
05    4  26     1
06    8  25     1
07   12  16     1
08   13  31     1
09   15  23     1
10   16  34     1
11   17  22     1
12   17  33     1
13   21  32     1
14   23  49     1
15   27  41     1
16   27  47     1
17   28  60     1
18   30  43     1
19   31  39     1
20   32  68     1
21   35  39     1
22   37  47     1
23   37  52     1
24   39  71     1
25   40  47     1
26   45  51     1
27   45  59     1
28   45  60     1
29   48  53     1
30   48  62     1
31   50  53     1
32   53  69     1
33   55  65     1
34   55  69     1
35   58  68     1
36   60  65     1
End
