P0	0 T0 7 
P-1	0 T1 24 
P-1	2 T2 10 
P-1	3 T3 23 
P1	4 T4 20 
P2	4 T5 20 
P-1	4 T6 23 
P-1	4 T7 36 
P3	5 T8 13 
P4	6 T9 17 
P-1	6 T10 26 
P5	7 T11 19 
P-1	7 T12 29 
P0	8 T13 16 
P6	9 T14 19 
P7	9 T15 22 
P-1	9 T16 33 
P-1	9 T17 34 
P8	10 T18 22 
P-1	11 T19 29 
P-1	15 T20 23 
P-1	16 T21 24 
P0	18 T22 24 
P3	18 T23 28 
P4	18 T24 33 
P5	20 T25 27 
P1	21 T26 29 
P2	22 T27 35 
P6	23 T28 30 
P7	23 T29 38 
P8	23 T30 40 
P0	27 T31 32 
P3	29 T32 36 
P1	30 T33 34 
P0	33 T34 41 
P1	35 T35 41 
P2	36 T36 40 
NMec = 98475
Viable Sol. = 32487081176
Profit = 25
T = 37
P = 9
Profits ignored
Solution time = 2.508e+02
Task data
00    0   7     1
01    0  24     1
02    2  10     1
03    3  23     1
04    4  20     1
05    4  20     1
06    4  23     1
07    4  36     1
08    5  13     1
09    6  17     1
10    6  26     1
11    7  19     1
12    7  29     1
13    8  16     1
14    9  19     1
15    9  22     1
16    9  33     1
17    9  34     1
18   10  22     1
19   11  29     1
20   15  23     1
21   16  24     1
22   18  24     1
23   18  28     1
24   18  33     1
25   20  27     1
26   21  29     1
27   22  35     1
28   23  30     1
29   23  38     1
30   23  40     1
31   27  32     1
32   29  36     1
33   30  34     1
34   33  41     1
35   35  41     1
36   36  40     1
End
