P-1	3 T0 113 
P-1	9 T1 26 
P-1	10 T2 26 
P-1	12 T3 30 
P-1	17 T4 33 
P-1	20 T5 30 
P-1	21 T6 111 
P-1	22 T7 35 
P0	23 T8 26 
P-1	24 T9 34 
P1	24 T10 34 
P-1	24 T11 83 
P2	25 T12 46 
P0	30 T13 39 
P-1	34 T14 113 
P1	38 T15 43 
P0	45 T16 49 
P-1	46 T17 69 
P-1	47 T18 67 
P1	49 T19 69 
P0	57 T20 62 
P-1	57 T21 108 
P-1	57 T22 118 
P2	61 T23 73 
P0	75 T24 79 
P1	77 T25 82 
P0	81 T26 89 
P-1	86 T27 120 
P0	92 T28 101 
P-1	96 T29 109 
P-1	98 T30 112 
P-1	99 T31 104 
P1	100 T32 106 
P-1	100 T33 116 
P2	101 T34 119 
P0	104 T35 114 
P1	107 T36 123 
NMec = 98475
Viable Sol. = 132032137
Profit = 17
T = 37
P = 3
Profits ignored
Solution time = 1.359e+00
Task data
00    3 113     1
01    9  26     1
02   10  26     1
03   12  30     1
04   17  33     1
05   20  30     1
06   21 111     1
07   22  35     1
08   23  26     1
09   24  34     1
10   24  34     1
11   24  83     1
12   25  46     1
13   30  39     1
14   34 113     1
15   38  43     1
16   45  49     1
17   46  69     1
18   47  67     1
19   49  69     1
20   57  62     1
21   57 108     1
22   57 118     1
23   61  73     1
24   75  79     1
25   77  82     1
26   81  89     1
27   86 120     1
28   92 101     1
29   96 109     1
30   98 112     1
31   99 104     1
32  100 106     1
33  100 116     1
34  101 119     1
35  104 114     1
36  107 123     1
End
