P0	0 T0 11 
P1	1 T1 33 
P2	2 T2 14 
P3	2 T3 42 
P-1	3 T4 10 
P4	4 T5 26 
P-1	8 T6 25 
P0	12 T7 16 
P-1	13 T8 31 
P-1	15 T9 23 
P2	16 T10 34 
P0	17 T11 22 
P-1	17 T12 33 
P-1	21 T13 32 
P-1	23 T14 49 
P-1	27 T15 41 
P-1	27 T16 47 
P0	28 T17 60 
P4	30 T18 43 
P-1	31 T19 39 
P-1	32 T20 68 
P-1	35 T21 39 
P-1	37 T22 47 
P1	37 T23 52 
P2	39 T24 71 
P-1	40 T25 47 
P-1	45 T26 51 
P-1	45 T27 59 
P3	45 T28 60 
P4	48 T29 53 
P-1	48 T30 62 
P-1	50 T31 53 
P1	53 T32 69 
P-1	55 T33 65 
P4	55 T34 69 
P-1	58 T35 68 
P-1	60 T36 65 
NMec = 98475
Viable Sol. = 11765742681
Profit = 52105
T = 37
P = 5
Profits not ignored
Solution time = 1.815e+02
Task data
00    0  11  1276
01    1  33  5336
02    2  14  1339
03    2  42  5786
04    3  10   690
05    4  26  2914
06    8  25  2640
07   12  16   816
08   13  31  1708
09   15  23   977
10   16  34  5020
11   17  22  1303
12   17  33  2190
13   21  32  2147
14   23  49  2308
15   27  41   991
16   27  47  2726
17   28  60  6277
18   30  43  3462
19   31  39  1848
20   32  68  3996
21   35  39  1016
22   37  47  1615
23   37  52  3117
24   39  71  5852
25   40  47   664
26   45  51   571
27   45  59  2029
28   45  60  3306
29   48  53  1602
30   48  62  1568
31   50  53   717
32   53  69  2606
33   55  65  1116
34   55  69  2093
35   58  68  1853
36   60  65   901
End
