P0	16 T0 21 
P1	17 T1 29 
P-1	18 T2 32 
P-1	23 T3 38 
P0	29 T4 40 
P-1	32 T5 44 
P1	35 T6 49 
P-1	36 T7 52 
P-1	39 T8 58 
P-1	40 T9 74 
P-1	43 T10 57 
P-1	46 T11 53 
P0	48 T12 63 
P-1	50 T13 65 
P-1	53 T14 59 
P1	53 T15 72 
P-1	62 T16 79 
P0	72 T17 73 
P0	79 T18 95 
P1	82 T19 99 
P-1	83 T20 107 
P-1	86 T21 110 
P-1	90 T22 100 
P-1	93 T23 109 
P0	96 T24 114 
P-1	97 T25 109 
P1	103 T26 120 
P-1	104 T27 106 
P-1	107 T28 122 
P0	116 T29 127 
P1	124 T30 129 
P-1	127 T31 141 
P0	129 T32 143 
P1	138 T33 151 
P0	144 T34 165 
P1	152 T35 163 
P0	176 T36 183 
NMec = 98475
Viable Sol. = 282364768
Profit = 45607
T = 37
P = 2
Profits not ignored
Solution time = 3.393e+00
Task data
00   16  21  1346
01   17  29  2073
02   18  32  1298
03   23  38  1205
04   29  40  2661
05   32  44  2097
06   35  49  2394
07   36  52  1507
08   39  58  1666
09   40  74  3054
10   43  57  1012
11   46  53  1204
12   48  63  3645
13   50  65  2393
14   53  59   607
15   53  72  5301
16   62  79  2282
17   72  73   150
18   79  95  4174
19   82  99  2371
20   83 107  1874
21   86 110  1981
22   90 100  1494
23   93 109  3253
24   96 114  2850
25   97 109  1182
26  103 120  4927
27  104 106   463
28  107 122  2093
29  116 127  3187
30  124 129   786
31  127 141  2216
32  129 143  1914
33  138 151  2117
34  144 165  3366
35  152 163  1286
36  176 183  1059
End
