P-1	0 T0 36 
P0	1 T1 4 
P1	1 T2 13 
P2	2 T3 10 
P-1	2 T4 16 
P-1	2 T5 24 
P-1	3 T6 15 
P3	3 T7 15 
P0	5 T8 16 
P4	5 T9 19 
P5	5 T10 21 
P6	5 T11 23 
P7	6 T12 21 
P-1	6 T13 28 
P8	7 T14 12 
P9	8 T15 16 
P-1	8 T16 35 
P-1	9 T17 27 
P-1	11 T18 25 
P2	12 T19 25 
P-1	12 T20 27 
P-1	12 T21 31 
P-1	13 T22 30 
P1	14 T23 22 
P8	15 T24 20 
P-1	18 T25 27 
P0	19 T26 27 
P3	19 T27 35 
P4	20 T28 26 
P9	20 T29 35 
P1	23 T30 29 
P5	23 T31 34 
P6	24 T32 27 
P7	24 T33 29 
P8	25 T34 36 
P2	26 T35 29 
P0	29 T36 35 
NMec = 98475
Viable Sol. = 44843289248
Profit = 25
T = 37
P = 10
Profits ignored
Solution time = 4.191e+02
Task data
00    0  36     1
01    1   4     1
02    1  13     1
03    2  10     1
04    2  16     1
05    2  24     1
06    3  15     1
07    3  15     1
08    5  16     1
09    5  19     1
10    5  21     1
11    5  23     1
12    6  21     1
13    6  28     1
14    7  12     1
15    8  16     1
16    8  35     1
17    9  27     1
18   11  25     1
19   12  25     1
20   12  27     1
21   12  31     1
22   13  30     1
23   14  22     1
24   15  20     1
25   18  27     1
26   19  27     1
27   19  35     1
28   20  26     1
29   20  35     1
30   23  29     1
31   23  34     1
32   24  27     1
33   24  29     1
34   25  36     1
35   26  29     1
36   29  35     1
End
