P-1	0 T0 36 
P0	1 T1 4 
P1	1 T2 13 
P2	2 T3 10 
P3	2 T4 16 
P4	2 T5 24 
P-1	3 T6 15 
P5	3 T7 15 
P-1	5 T8 16 
P0	5 T9 19 
P-1	5 T10 21 
P-1	5 T11 23 
P6	6 T12 21 
P7	6 T13 28 
P8	7 T14 12 
P-1	8 T15 16 
P9	8 T16 35 
P-1	9 T17 27 
P2	11 T18 25 
P-1	12 T19 25 
P-1	12 T20 27 
P-1	12 T21 31 
P8	13 T22 30 
P1	14 T23 22 
P-1	15 T24 20 
P3	18 T25 27 
P-1	19 T26 27 
P5	19 T27 35 
P-1	20 T28 26 
P0	20 T29 35 
P1	23 T30 29 
P6	23 T31 34 
P-1	24 T32 27 
P-1	24 T33 29 
P4	25 T34 36 
P2	26 T35 29 
P3	29 T36 35 
NMec = 98475
Viable Sol. = 44843289248
Profit = 52484
T = 37
P = 10
Profits not ignored
Solution time = 4.113e+02
Task data
00    0  36  3879
01    1   4   553
02    1  13  1193
03    2  10  2269
04    2  16  2615
05    2  24  4774
06    3  15  1864
07    3  15  2637
08    5  16  1246
09    5  19  2213
10    5  21  1792
11    5  23  1850
12    6  21  2811
13    6  28  4531
14    7  12  1047
15    8  16  2017
16    8  35  4338
17    9  27  2384
18   11  25  3372
19   12  25  3018
20   12  27  2791
21   12  31  2013
22   13  30  3745
23   14  22  1764
24   15  20   829
25   18  27  2110
26   19  27  1098
27   19  35  4134
28   20  26  1243
29   20  35  1841
30   23  29  1361
31   23  34  2281
32   24  27   645
33   24  29   680
34   25  36  1560
35   26  29   522
36   29  35   813
End
