P-1	7 T0 17 
P-1	8 T1 19 
P0	9 T2 20 
P-1	15 T3 30 
P-1	16 T4 22 
P-1	16 T5 24 
P1	17 T6 182 
P-1	23 T7 40 
P-1	24 T8 42 
P0	24 T9 176 
P-1	39 T10 45 
P-1	41 T11 57 
P-1	42 T12 57 
P-1	54 T13 59 
P-1	63 T14 64 
P-1	63 T15 71 
P-1	64 T16 72 
P-1	68 T17 181 
P-1	69 T18 90 
P-1	70 T19 89 
P-1	71 T20 89 
P-1	74 T21 77 
P-1	79 T22 89 
P-1	80 T23 95 
P-1	80 T24 97 
P-1	81 T25 89 
P-1	83 T26 95 
P-1	88 T27 110 
P-1	95 T28 99 
P-1	99 T29 109 
P-1	105 T30 112 
P-1	114 T31 131 
P-1	128 T32 138 
P-1	134 T33 141 
P-1	142 T34 153 
P-1	152 T35 165 
P-1	171 T36 177 
P0	177 T37 178 
NMec = 98475
Viable Sol. = 412661436
Profit = 54061
T = 38
P = 2
Profits not ignored
Solution time = 4.784e+00
Task data
00    7  17  1539
01    8  19   674
02    9  20  2373
03   15  30  3088
04   16  22  1258
05   16  24  1260
06   17 182 27443
07   23  40  3119
08   24  42  1242
09   24 176 23801
10   39  45  1739
11   41  57  1596
12   42  57  3299
13   54  59  1169
14   63  64   405
15   63  71  1236
16   64  72   614
17   68 181 15670
18   69  90  1873
19   70  89  2557
20   71  89  4054
21   74  77   991
22   79  89  1441
23   80  95  3455
24   80  97  3721
25   81  89  2005
26   83  95  1513
27   88 110  3281
28   95  99   742
29   99 109  1747
30  105 112   971
31  114 131  2143
32  128 138  2977
33  134 141   826
34  142 153  2412
35  152 165  1485
36  171 177   676
37  177 178   444
End
