P-1	5 T0 17 
P0	6 T1 15 
P-1	6 T2 17 
P-1	11 T3 19 
P-1	11 T4 23 
P-1	11 T5 24 
P-1	13 T6 17 
P1	13 T7 18 
P-1	13 T8 36 
P-1	15 T9 25 
P0	16 T10 30 
P2	17 T11 22 
P1	22 T12 33 
P-1	31 T13 51 
P0	33 T14 36 
P2	33 T15 39 
P1	34 T16 44 
P-1	34 T17 53 
P-1	38 T18 57 
P-1	40 T19 58 
P0	41 T20 51 
P2	42 T21 50 
P1	45 T22 60 
P-1	58 T23 79 
P0	60 T24 68 
P-1	61 T25 86 
P-1	70 T26 89 
P0	72 T27 79 
P1	76 T28 82 
P2	79 T29 95 
P0	85 T30 97 
P1	87 T31 97 
P0	99 T32 106 
P-1	101 T33 111 
P1	102 T34 110 
P2	104 T35 114 
P0	110 T36 121 
P1	114 T37 124 
NMec = 98475
Viable Sol. = 4925552328
Profit = 22
T = 38
P = 3
Profits ignored
Solution time = 3.559e+01
Task data
00    5  17     1
01    6  15     1
02    6  17     1
03   11  19     1
04   11  23     1
05   11  24     1
06   13  17     1
07   13  18     1
08   13  36     1
09   15  25     1
10   16  30     1
11   17  22     1
12   22  33     1
13   31  51     1
14   33  36     1
15   33  39     1
16   34  44     1
17   34  53     1
18   38  57     1
19   40  58     1
20   41  51     1
21   42  50     1
22   45  60     1
23   58  79     1
24   60  68     1
25   61  86     1
26   70  89     1
27   72  79     1
28   76  82     1
29   79  95     1
30   85  97     1
31   87  97     1
32   99 106     1
33  101 111     1
34  102 110     1
35  104 114     1
36  110 121     1
37  114 124     1
End
