P0	0 T0 19 
P1	1 T1 8 
P2	1 T2 14 
P3	1 T3 24 
P4	2 T4 7 
P5	2 T5 18 
P-1	3 T6 20 
P-1	3 T7 26 
P6	3 T8 53 
P4	8 T9 34 
P1	9 T10 48 
P-1	12 T11 16 
P-1	12 T12 26 
P-1	12 T13 30 
P-1	13 T14 24 
P-1	14 T15 20 
P-1	14 T16 22 
P-1	17 T17 28 
P-1	19 T18 26 
P-1	19 T19 35 
P0	20 T20 28 
P2	21 T21 31 
P5	21 T22 41 
P-1	21 T23 45 
P-1	22 T24 27 
P-1	24 T25 28 
P-1	25 T26 38 
P3	25 T27 43 
P-1	26 T28 34 
P-1	26 T29 44 
P-1	27 T30 33 
P0	29 T31 47 
P-1	30 T32 41 
P-1	30 T33 42 
P2	33 T34 46 
P-1	34 T35 52 
P4	42 T36 52 
P5	43 T37 51 
NMec = 98475
Viable Sol. = 22215197032
Profit = 65595
T = 38
P = 7
Profits not ignored
Solution time = 3.116e+02
Task data
00    0  19  2850
01    1   8  1336
02    1  14  3424
03    1  24  6216
04    2   7   884
05    2  18  3617
06    3  20  1326
07    3  26  1957
08    3  53  8477
09    8  34  7210
10    9  48  9215
11   12  16   389
12   12  26  1563
13   12  30  3451
14   13  24  2214
15   14  20   731
16   14  22  1644
17   17  28  1234
18   19  26   530
19   19  35  1432
20   20  28  1960
21   21  31  1556
22   21  41  4567
23   21  45  4367
24   22  27  1320
25   24  28  1111
26   25  38  1119
27   25  43  4040
28   26  34  1664
29   26  44  2260
30   27  33  1130
31   29  47  4252
32   30  41  1942
33   30  42  3204
34   33  46  3337
35   34  52  2600
36   42  52  1902
37   43  51   752
End
