P0	0 T0 11 
P1	5 T1 6 
P2	6 T2 18 
P1	7 T3 24 
P-1	7 T4 24 
P3	9 T5 30 
P0	12 T6 48 
P-1	16 T7 25 
P4	17 T8 20 
P-1	18 T9 30 
P5	18 T10 33 
P2	19 T11 28 
P-1	21 T12 23 
P-1	21 T13 45 
P-1	22 T14 34 
P4	23 T15 43 
P-1	25 T16 34 
P-1	26 T17 43 
P-1	26 T18 45 
P-1	26 T19 45 
P-1	28 T20 37 
P1	28 T21 53 
P-1	29 T22 37 
P2	29 T23 49 
P-1	30 T24 43 
P3	31 T25 47 
P-1	32 T26 36 
P-1	32 T27 52 
P-1	33 T28 47 
P-1	35 T29 48 
P-1	36 T30 51 
P5	36 T31 62 
P-1	37 T32 44 
P-1	38 T33 51 
P-1	41 T34 46 
P4	44 T35 58 
P3	48 T36 59 
P0	50 T37 62 
NMec = 98475
Viable Sol. = 8585929304
Profit = 48018
T = 38
P = 6
Profits not ignored
Solution time = 1.200e+02
Task data
00    0  11  1841
01    5   6   245
02    6  18  2537
03    7  24  5081
04    7  24  1071
05    9  30  2830
06   12  48  6761
07   16  25  1011
08   17  20   568
09   18  30  1769
10   18  33  3472
11   19  28  1204
12   21  23   381
13   21  45  2073
14   22  34  1925
15   23  43  2719
16   25  34   870
17   26  43  2216
18   26  45  1925
19   26  45  1427
20   28  37   961
21   28  53  5057
22   29  37  1317
23   29  49  3889
24   30  43  1159
25   31  47  4092
26   32  36   430
27   32  52  2381
28   33  47  2923
29   35  48  2723
30   36  51  2522
31   36  62  3048
32   37  44  1560
33   38  51  1881
34   41  46  1287
35   44  58  2050
36   48  59  1312
37   50  62  1312
End
