P-1	0 T0 65 
P-1	2 T1 19 
P0	3 T2 7 
P-1	3 T3 26 
P1	4 T4 10 
P2	7 T5 18 
P-1	8 T6 59 
P-1	8 T7 73 
P0	10 T8 13 
P3	10 T9 19 
P4	10 T10 20 
P-1	13 T11 67 
P0	14 T12 27 
P-1	14 T13 35 
P-1	16 T14 39 
P-1	21 T15 44 
P-1	21 T16 47 
P1	25 T17 48 
P2	27 T18 32 
P0	28 T19 36 
P3	29 T20 38 
P-1	30 T21 55 
P4	32 T22 42 
P2	34 T23 43 
P0	45 T24 57 
P2	45 T25 61 
P3	46 T26 47 
P-1	47 T27 64 
P3	48 T28 54 
P4	48 T29 58 
P1	54 T30 55 
P-1	56 T31 66 
P1	57 T32 62 
P0	58 T33 71 
P3	60 T34 71 
P2	62 T35 68 
P4	62 T36 70 
P1	66 T37 75 
NMec = 98475
Viable Sol. = 16867184400
Profit = 25
T = 38
P = 5
Profits ignored
Solution time = 1.323e+02
Task data
00    0  65     1
01    2  19     1
02    3   7     1
03    3  26     1
04    4  10     1
05    7  18     1
06    8  59     1
07    8  73     1
08   10  13     1
09   10  19     1
10   10  20     1
11   13  67     1
12   14  27     1
13   14  35     1
14   16  39     1
15   21  44     1
16   21  47     1
17   25  48     1
18   27  32     1
19   28  36     1
20   29  38     1
21   30  55     1
22   32  42     1
23   34  43     1
24   45  57     1
25   45  61     1
26   46  47     1
27   47  64     1
28   48  54     1
29   48  58     1
30   54  55     1
31   56  66     1
32   57  62     1
33   58  71     1
34   60  71     1
35   62  68     1
36   62  70     1
37   66  75     1
End
