P-1	0 T0 19 
P0	1 T1 8 
P-1	1 T2 14 
P1	1 T3 24 
P2	2 T4 7 
P3	2 T5 18 
P4	3 T6 20 
P-1	3 T7 26 
P-1	3 T8 53 
P-1	8 T9 34 
P-1	9 T10 48 
P0	12 T11 16 
P-1	12 T12 26 
P-1	12 T13 30 
P2	13 T14 24 
P5	14 T15 20 
P6	14 T16 22 
P-1	17 T17 28 
P0	19 T18 26 
P-1	19 T19 35 
P3	20 T20 28 
P4	21 T21 31 
P-1	21 T22 41 
P-1	21 T23 45 
P5	22 T24 27 
P6	24 T25 28 
P-1	25 T26 38 
P-1	25 T27 43 
P1	26 T28 34 
P2	26 T29 44 
P0	27 T30 33 
P3	29 T31 47 
P5	30 T32 41 
P6	30 T33 42 
P4	33 T34 46 
P0	34 T35 52 
P1	42 T36 52 
P5	43 T37 51 
NMec = 98475
Viable Sol. = 22215197032
Profit = 24
T = 38
P = 7
Profits ignored
Solution time = 1.911e+02
Task data
00    0  19     1
01    1   8     1
02    1  14     1
03    1  24     1
04    2   7     1
05    2  18     1
06    3  20     1
07    3  26     1
08    3  53     1
09    8  34     1
10    9  48     1
11   12  16     1
12   12  26     1
13   12  30     1
14   13  24     1
15   14  20     1
16   14  22     1
17   17  28     1
18   19  26     1
19   19  35     1
20   20  28     1
21   21  31     1
22   21  41     1
23   21  45     1
24   22  27     1
25   24  28     1
26   25  38     1
27   25  43     1
28   26  34     1
29   26  44     1
30   27  33     1
31   29  47     1
32   30  41     1
33   30  42     1
34   33  46     1
35   34  52     1
36   42  52     1
37   43  51     1
End
