P0	3 T0 25 
P1	4 T1 12 
P2	4 T2 12 
P3	5 T3 22 
P4	6 T4 21 
P5	8 T5 47 
P6	9 T6 18 
P-1	9 T7 30 
P-1	12 T8 19 
P7	12 T9 22 
P-1	12 T10 23 
P-1	12 T11 23 
P-1	12 T12 26 
P-1	13 T13 31 
P1	14 T14 15 
P1	16 T15 18 
P-1	17 T16 30 
P-1	18 T17 24 
P-1	18 T18 26 
P2	18 T19 35 
P1	20 T20 28 
P-1	20 T21 30 
P-1	20 T22 34 
P6	20 T23 39 
P4	22 T24 47 
P-1	23 T25 29 
P-1	24 T26 31 
P3	24 T27 48 
P7	25 T28 29 
P-1	25 T29 32 
P0	26 T30 45 
P-1	28 T31 38 
P1	30 T32 37 
P7	31 T33 44 
P2	36 T34 46 
P-1	36 T35 46 
P1	38 T36 46 
P-1	40 T37 45 
P6	42 T38 44 
NMec = 98475
Viable Sol. = 103043153368
Profit = 51504
T = 39
P = 8
Profits not ignored
Solution time = 1.382e+03
Task data
00    3  25  2402
01    4  12   809
02    4  12  1487
03    5  22  4533
04    6  21  2194
05    8  47  5197
06    9  18  1555
07    9  30  1834
08   12  19   997
09   12  22  2190
10   12  23  2150
11   12  23  1518
12   12  26  2270
13   13  31  2037
14   14  15   322
15   16  18   299
16   17  30  1663
17   18  24  1465
18   18  26  1333
19   18  35  3933
20   20  28  2377
21   20  30  1203
22   20  34  2550
23   20  39  3838
24   22  47  4737
25   23  29   640
26   24  31   727
27   24  48  5118
28   25  29   813
29   25  32   691
30   26  45  2775
31   28  38   859
32   30  37  1032
33   31  44  2133
34   36  46  2165
35   36  46  1138
36   38  46   948
37   40  45   494
38   42  44   647
End
