P0	0 T0 15 
P1	0 T1 21 
P2	1 T2 6 
P3	5 T3 73 
P4	6 T4 28 
P-1	6 T5 76 
P-1	11 T6 19 
P2	11 T7 74 
P-1	12 T8 34 
P-1	15 T9 34 
P-1	16 T10 32 
P0	18 T11 30 
P-1	18 T12 43 
P-1	22 T13 64 
P1	25 T14 49 
P-1	29 T15 37 
P4	29 T16 38 
P-1	30 T17 74 
P0	32 T18 47 
P-1	32 T19 47 
P-1	43 T20 47 
P4	46 T21 54 
P-1	46 T22 55 
P-1	46 T23 59 
P0	49 T24 72 
P-1	53 T25 61 
P-1	53 T26 62 
P1	55 T27 60 
P4	55 T28 73 
P-1	55 T29 76 
P-1	56 T30 71 
P-1	57 T31 71 
P-1	57 T32 72 
P-1	61 T33 74 
P1	61 T34 74 
P-1	63 T35 77 
P-1	66 T36 76 
P-1	67 T37 69 
P-1	70 T38 76 
NMec = 98475
Viable Sol. = 9825071126
Profit = 69692
T = 39
P = 5
Profits not ignored
Solution time = 1.497e+02
Task data
00    0  15  1843
01    0  21  4216
02    1   6   538
03    5  73 14076
04    6  28  5271
05    6  76  7742
06   11  19  2013
07   11  74 14395
08   12  34  5006
09   15  34  3272
10   16  32  2132
11   18  30  2503
12   18  43  1481
13   22  64  7568
14   25  49  4739
15   29  37   870
16   29  38  1604
17   30  74  4671
18   32  47  2759
19   32  47  1836
20   43  47  1252
21   46  54  2441
22   46  55  1675
23   46  59  2181
24   49  72  5616
25   53  61  1824
26   53  62  1667
27   55  60  1206
28   55  73  4575
29   55  76  2918
30   56  71  3650
31   57  71  1410
32   57  72  2008
33   61  74  2170
34   61  74  3910
35   63  77  1919
36   66  76   893
37   67  69   235
38   70  76  1083
End
