P0	0 T0 7 
P1	0 T1 9 
P2	1 T2 14 
P3	2 T3 28 
P-1	3 T4 14 
P-1	6 T5 53 
P4	6 T6 54 
P-1	7 T7 8 
P5	7 T8 13 
P-1	7 T9 40 
P0	8 T10 20 
P-1	9 T11 46 
P1	10 T12 20 
P-1	11 T13 17 
P-1	11 T14 30 
P-1	13 T15 24 
P-1	13 T16 28 
P2	16 T17 32 
P5	17 T18 31 
P-1	20 T19 21 
P-1	22 T20 34 
P0	23 T21 41 
P-1	24 T22 33 
P1	25 T23 40 
P-1	26 T24 31 
P3	29 T25 45 
P-1	30 T26 49 
P5	32 T27 45 
P-1	34 T28 49 
P2	34 T29 61 
P-1	35 T30 49 
P-1	43 T31 50 
P-1	43 T32 51 
P0	44 T33 64 
P1	45 T34 59 
P3	47 T35 52 
P5	47 T36 58 
P3	54 T37 63 
P4	56 T38 59 
NMec = 98475
Viable Sol. = 54610954416
Profit = 53741
T = 39
P = 6
Profits not ignored
Solution time = 7.070e+02
Task data
00    0   7  1015
01    0   9  1845
02    1  14  2437
03    2  28  2857
04    3  14   938
05    6  53  6836
06    6  54  7718
07    7   8   225
08    7  13  1105
09    7  40  2902
10    8  20  2648
11    9  46  3939
12   10  20  1500
13   11  17   790
14   11  30  1915
15   13  24  1388
16   13  28  2395
17   16  32  2135
18   17  31  1639
19   20  21   236
20   22  34   875
21   23  41  2942
22   24  33   707
23   25  40  3570
24   26  31   786
25   29  45  3978
26   30  49  1994
27   32  45  3396
28   34  49  1677
29   34  61  4427
30   35  49  2862
31   43  50   751
32   43  51   988
33   44  64  2147
34   45  59  3218
35   47  52  1020
36   47  58  1854
37   54  63  1831
38   56  59   459
End
