P0	3 T0 11 
P0	19 T1 20 
P-1	20 T2 40 
P-1	23 T3 31 
P-1	24 T4 35 
P0	28 T5 43 
P-1	43 T6 57 
P-1	48 T7 63 
P0	51 T8 62 
P0	68 T9 85 
P-1	70 T10 75 
P-1	82 T11 102 
P0	108 T12 117 
P0	128 T13 137 
P0	140 T14 149 
P-1	142 T15 349 
P-1	160 T16 169 
P0	161 T17 177 
P-1	165 T18 178 
P-1	169 T19 184 
P-1	180 T20 187 
P0	184 T21 194 
P0	196 T22 201 
P0	210 T23 214 
P0	216 T24 234 
P-1	229 T25 250 
P-1	238 T26 257 
P-1	240 T27 249 
P0	249 T28 270 
P-1	258 T29 276 
P0	272 T30 385 
P-1	291 T31 298 
P-1	302 T32 307 
P-1	320 T33 344 
P-1	321 T34 325 
P-1	351 T35 358 
P-1	362 T36 368 
P-1	367 T37 384 
P-1	372 T38 384 
NMec = 98475
Viable Sol. = 272851360
Profit = 56520
T = 39
P = 1
Profits not ignored
Solution time = 3.574e+00
Task data
00    3  11  2299
01   19  20   302
02   20  40  2708
03   23  31  1795
04   24  35  1758
05   28  43  2735
06   43  57  1217
07   48  63  1506
08   51  62  2114
09   68  85  3823
10   70  75   676
11   82 102  2799
12  108 117  1365
13  128 137  2467
14  140 149  1599
15  142 349 14016
16  160 169   954
17  161 177  3283
18  165 178  1046
19  169 184  2157
20  180 187  1469
21  184 194  1605
22  196 201  1331
23  210 214   452
24  216 234  2937
25  229 250  2183
26  238 257  2725
27  240 249  1609
28  249 270  5534
29  258 276  2826
30  272 385 24674
31  291 298  1580
32  302 307  1076
33  320 344  3681
34  321 325   528
35  351 358   957
36  362 368   787
37  367 384  1905
38  372 384   996
End
