P0	0 T0 16 
P1	1 T1 10 
P2	1 T2 11 
P-1	1 T3 26 
P3	1 T4 26 
P4	2 T5 17 
P5	2 T6 32 
P-1	2 T7 38 
P6	4 T8 17 
P7	4 T9 18 
P8	4 T10 30 
P9	5 T11 13 
P-1	5 T12 20 
P-1	7 T13 16 
P-1	7 T14 21 
P-1	8 T15 17 
P-1	8 T16 27 
P-1	10 T17 19 
P-1	10 T18 20 
P-1	10 T19 22 
P-1	10 T20 30 
P-1	10 T21 32 
P-1	11 T22 19 
P1	11 T23 30 
P-1	12 T24 19 
P-1	13 T25 34 
P2	14 T26 23 
P-1	15 T27 18 
P-1	15 T28 28 
P9	15 T29 33 
P-1	16 T30 32 
P-1	17 T31 27 
P0	18 T32 32 
P4	18 T33 37 
P6	20 T34 37 
P7	22 T35 38 
P-1	23 T36 31 
P2	25 T37 37 
P3	29 T38 38 
NMec = 98475
Viable Sol. = 35553261016
Profit = 55651
T = 39
P = 10
Profits not ignored
Solution time = 3.143e+02
Task data
00    0  16  2347
01    1  10   750
02    1  11  2843
03    1  26  3299
04    1  26  4834
05    2  17  3498
06    2  32  4114
07    2  38  3831
08    4  17  3064
09    4  18  2849
10    4  30  4665
11    5  13  1096
12    5  20  1646
13    7  16  1893
14    7  21  1716
15    8  17  1538
16    8  27  2537
17   10  19  1404
18   10  20  1731
19   10  22  1659
20   10  30  1604
21   10  32  2163
22   11  19  1390
23   11  30  5165
24   12  19  1342
25   13  34  1962
26   14  23  2157
27   15  18  1035
28   15  28  3373
29   15  33  4062
30   16  32  2173
31   17  27  1519
32   18  32  3159
33   18  37  2256
34   20  37  2905
35   22  38  2384
36   23  31  1347
37   25  37  2511
38   29  38   992
End
