P0	0 T0 3 
P1	0 T1 16 
P2	2 T2 98 
P-1	3 T3 25 
P0	4 T4 9 
P-1	5 T5 12 
P-1	9 T6 23 
P-1	9 T7 115 
P-1	11 T8 29 
P0	12 T9 82 
P-1	15 T10 20 
P-1	15 T11 28 
P-1	17 T12 27 
P1	20 T13 57 
P-1	24 T14 25 
P-1	24 T15 29 
P-1	36 T16 59 
P-1	40 T17 44 
P-1	42 T18 54 
P-1	45 T19 70 
P-1	46 T20 58 
P-1	48 T21 57 
P-1	49 T22 54 
P-1	50 T23 62 
P-1	52 T24 69 
P-1	54 T25 107 
P-1	60 T26 70 
P-1	60 T27 78 
P-1	63 T28 82 
P1	65 T29 71 
P-1	67 T30 117 
P-1	68 T31 84 
P1	72 T32 96 
P-1	74 T33 84 
P0	100 T34 122 
P-1	103 T35 112 
P1	103 T36 127 
P2	111 T37 131 
P-1	123 T38 132 
P0	125 T39 133 
NMec = 98475
Viable Sol. = 2736795896
Profit = 59237
T = 40
P = 3
Profits not ignored
Solution time = 3.277e+01
Task data
00    0   3   351
01    0  16  2294
02    2  98 16572
03    3  25  1346
04    4   9  1071
05    5  12   705
06    9  23  2042
07    9 115  9915
08   11  29  1712
09   12  82 10656
10   15  20  1146
11   15  28  3145
12   17  27  1277
13   20  57  8163
14   24  25   178
15   24  29  1072
16   36  59  2622
17   40  44   356
18   42  54  2403
19   45  70  4675
20   46  58  2532
21   48  57  1214
22   49  54   560
23   50  62  2441
24   52  69  2399
25   54 107  5800
26   60  70  1573
27   60  78  3117
28   63  82  1805
29   65  71  1582
30   67 117  6378
31   68  84  2489
32   72  96  3119
33   74  84   808
34  100 122  4107
35  103 112  1339
36  103 127  5057
37  111 131  4011
38  123 132  1164
39  125 133  2254
End
