P0	0 T0 55 
P1	1 T1 4 
P2	1 T2 10 
P3	4 T3 14 
P4	4 T4 18 
P5	4 T5 24 
P-1	5 T6 44 
P1	8 T7 12 
P6	8 T8 16 
P-1	11 T9 23 
P2	11 T10 25 
P-1	12 T11 18 
P-1	12 T12 25 
P1	14 T13 17 
P-1	15 T14 25 
P1	18 T15 53 
P3	19 T16 30 
P4	19 T17 48 
P-1	20 T18 23 
P6	20 T19 30 
P-1	20 T20 34 
P-1	21 T21 34 
P-1	25 T22 37 
P-1	25 T23 43 
P2	27 T24 38 
P5	27 T25 40 
P-1	28 T26 37 
P-1	28 T27 43 
P-1	30 T28 36 
P-1	31 T29 45 
P-1	31 T30 47 
P3	32 T31 51 
P-1	33 T32 40 
P6	33 T33 41 
P-1	35 T34 49 
P2	40 T35 57 
P5	43 T36 57 
P6	44 T37 54 
P-1	45 T38 48 
P1	55 T39 57 
NMec = 98475
Viable Sol. = 163087167592
Profit = 59024
T = 40
P = 7
Profits not ignored
Solution time = 2.037e+03
Task data
00    0  55  6728
01    1   4   688
02    1  10   659
03    4  14  1108
04    4  18  1624
05    4  24  2470
06    5  44  2432
07    8  12   982
08    8  16  1474
09   11  23  1749
10   11  25  3429
11   12  18   740
12   12  25  2406
13   14  17   736
14   15  25  1394
15   18  53  7322
16   19  30  3230
17   19  48  5955
18   20  23   493
19   20  30  2545
20   20  34  1781
21   21  34  3484
22   25  37  1286
23   25  43  1074
24   27  38  2703
25   27  40  3650
26   28  37  1982
27   28  43  1543
28   30  36  2022
29   31  45  1926
30   31  47  2626
31   32  51  3012
32   33  40   899
33   33  41  1474
34   35  49  1841
35   40  57  4575
36   43  57  2170
37   44  54  1710
38   45  48   529
39   55  57   780
End
