P0	1 T0 16 
P1	1 T1 95 
P-1	8 T2 29 
P2	11 T3 28 
P3	14 T4 32 
P0	19 T5 38 
P-1	20 T6 22 
P-1	20 T7 27 
P-1	21 T8 32 
P-1	25 T9 36 
P-1	25 T10 37 
P-1	29 T11 33 
P2	30 T12 32 
P-1	32 T13 50 
P2	33 T14 42 
P-1	36 T15 41 
P0	39 T16 46 
P3	41 T17 62 
P2	44 T18 64 
P0	50 T19 87 
P-1	54 T20 68 
P-1	57 T21 67 
P-1	59 T22 77 
P-1	62 T23 64 
P-1	62 T24 68 
P3	63 T25 77 
P2	65 T26 87 
P-1	71 T27 85 
P-1	74 T28 77 
P-1	74 T29 85 
P-1	75 T30 88 
P-1	78 T31 89 
P3	80 T32 90 
P-1	81 T33 85 
P-1	81 T34 88 
P-1	81 T35 89 
P-1	83 T36 96 
P-1	85 T37 98 
P-1	86 T38 97 
P0	89 T39 94 
NMec = 98475
Viable Sol. = 27034620570
Profit = 52402
T = 40
P = 4
Profits not ignored
Solution time = 4.151e+02
Task data
00    1  16  2854
01    1  95 14355
02    8  29  2715
03   11  28  3888
04   14  32  3775
05   19  38  2642
06   20  22   403
07   20  27   792
08   21  32  1204
09   25  36  1014
10   25  37  2059
11   29  33   516
12   30  32   614
13   32  50  2324
14   33  42  1129
15   36  41   623
16   39  46  1800
17   41  62  2570
18   44  64  3877
19   50  87  5003
20   54  68   964
21   57  67  1570
22   59  77  2972
23   62  64   222
24   62  68   949
25   63  77  2295
26   65  87  5022
27   71  85  1169
28   74  77   756
29   74  85  1593
30   75  88  3302
31   78  89  1163
32   80  90  1959
33   81  85   533
34   81  88  1110
35   81  89  1348
36   83  96  1507
37   85  98  1074
38   86  97   832
39   89  94   619
End
