P0	0 T0 22 
P-1	1 T1 17 
P1	1 T2 21 
P2	1 T3 42 
P3	2 T4 8 
P-1	2 T5 19 
P-1	2 T6 38 
P4	4 T7 9 
P5	4 T8 12 
P6	4 T9 19 
P-1	6 T10 10 
P7	7 T11 13 
P-1	8 T12 30 
P8	8 T13 36 
P-1	10 T14 28 
P-1	11 T15 35 
P3	12 T16 16 
P4	12 T17 30 
P-1	14 T18 31 
P-1	14 T19 37 
P5	15 T20 25 
P-1	16 T21 21 
P-1	16 T22 25 
P-1	16 T23 27 
P7	16 T24 37 
P-1	17 T25 38 
P3	17 T26 40 
P-1	19 T27 28 
P6	20 T28 34 
P-1	22 T29 32 
P-1	23 T30 30 
P0	24 T31 43 
P-1	25 T32 28 
P-1	27 T33 38 
P-1	27 T34 39 
P1	27 T35 39 
P-1	28 T36 31 
P5	28 T37 44 
P4	31 T38 40 
P6	35 T39 42 
NMec = 98475
Viable Sol. = 116690213980
Profit = 58655
T = 40
P = 9
Profits not ignored
Solution time = 1.159e+03
Task data
00    0  22  2689
01    1  17  1204
02    1  21  4998
03    1  42  4911
04    2   8   968
05    2  19  1455
06    2  38  2593
07    4   9   729
08    4  12   731
09    4  19  1972
10    6  10   416
11    7  13  1199
12    8  30  2889
13    8  36  7782
14   10  28  2574
15   11  35  1682
16   12  16   561
17   12  30  3213
18   14  31  1511
19   14  37  3697
20   15  25  2963
21   16  21   830
22   16  25  1029
23   16  27  1209
24   16  37  5869
25   17  38  2069
26   17  40  4342
27   19  28  1743
28   20  34  3796
29   22  32  2025
30   23  30   902
31   24  43  2801
32   25  28   694
33   27  38  1897
34   27  39  2046
35   27  39  2694
36   28  31   353
37   28  44  3072
38   31  40  1886
39   35  42  1479
End
