P0	0 T0 48 
P1	1 T1 4 
P-1	1 T2 33 
P2	3 T3 9 
P3	3 T4 12 
P4	3 T5 20 
P1	5 T6 17 
P5	6 T7 13 
P6	6 T8 13 
P-1	7 T9 12 
P7	7 T10 40 
P-1	8 T11 26 
P-1	9 T12 47 
P2	12 T13 31 
P3	14 T14 21 
P5	14 T15 27 
P6	14 T16 49 
P-1	16 T17 31 
P-1	16 T18 36 
P-1	16 T19 43 
P1	20 T20 37 
P-1	21 T21 27 
P-1	21 T22 48 
P3	22 T23 38 
P4	23 T24 41 
P-1	25 T25 30 
P-1	25 T26 40 
P-1	29 T27 43 
P-1	30 T28 42 
P-1	30 T29 46 
P-1	31 T30 34 
P-1	31 T31 41 
P-1	31 T32 44 
P5	31 T33 48 
P-1	32 T34 41 
P2	32 T35 43 
P-1	33 T36 39 
P1	40 T37 46 
P3	40 T38 47 
P4	42 T39 43 
NMec = 98475
Viable Sol. = 102310494356
Profit = 61189
T = 40
P = 8
Profits not ignored
Solution time = 1.465e+03
Task data
00    0  48  6653
01    1   4   432
02    1  33  4511
03    3   9  1067
04    3  12   874
05    3  20  3951
06    5  17  2518
07    6  13   880
08    6  13  1450
09    7  12   709
10    7  40  7576
11    8  26  1669
12    9  47  5696
13   12  31  2548
14   14  21  1155
15   14  27  2581
16   14  49  9531
17   16  31  2118
18   16  36  2290
19   16  43  3671
20   20  37  2878
21   21  27   381
22   21  48  2888
23   22  38  3013
24   23  41  4469
25   25  30   786
26   25  40  1192
27   29  43  1709
28   30  42  1358
29   30  46  2461
30   31  34   728
31   31  41  1886
32   31  44  1414
33   31  48  3589
34   32  41  2191
35   32  43  2799
36   33  39   644
37   40  46  1550
38   40  47  1457
39   42  43   218
End
