P0	2 T0 27 
P-1	6 T1 29 
P1	12 T2 16 
P-1	24 T3 31 
P-1	25 T4 32 
P1	25 T5 35 
P-1	31 T6 35 
P0	31 T7 123 
P-1	32 T8 43 
P-1	33 T9 56 
P-1	34 T10 46 
P1	37 T11 59 
P-1	45 T12 52 
P-1	55 T13 62 
P-1	58 T14 66 
P-1	61 T15 71 
P-1	63 T16 71 
P1	67 T17 78 
P-1	68 T18 82 
P-1	73 T19 155 
P-1	78 T20 98 
P1	79 T21 100 
P-1	96 T22 159 
P-1	97 T23 112 
P-1	99 T24 125 
P1	105 T25 127 
P-1	107 T26 125 
P0	135 T27 157 
P1	137 T28 152 
P-1	147 T29 169 
P-1	150 T30 157 
P-1	152 T31 166 
P-1	154 T32 164 
P-1	158 T33 164 
P0	162 T34 180 
P1	163 T35 174 
P-1	163 T36 185 
P-1	164 T37 172 
P1	175 T38 195 
P0	188 T39 199 
NMec = 98475
Viable Sol. = 990085896
Profit = 51843
T = 40
P = 2
Profits not ignored
Solution time = 1.299e+01
Task data
00    2  27  2145
01    6  29  2100
02   12  16  1123
03   24  31   994
04   25  32   674
05   25  35  2456
06   31  35   795
07   31 123 14392
08   32  43   953
09   33  56  2372
10   34  46  1563
11   37  59  3494
12   45  52  1190
13   55  62  2296
14   58  66  1413
15   61  71   603
16   63  71   724
17   67  78  2015
18   68  82  2769
19   73 155  4613
20   78  98  2866
21   79 100  4293
22   96 159  4979
23   97 112  2649
24   99 125  2404
25  105 127  5389
26  107 125  1944
27  135 157  2707
28  137 152  2433
29  147 169  2263
30  150 157  1097
31  152 166  1376
32  154 164  1465
33  158 164   956
34  162 180  5020
35  163 174  1681
36  163 185  2784
37  164 172  1353
38  175 195  2593
39  188 199  2102
End
