P0	0 T0 21 
P1	5 T1 13 
P2	5 T2 16 
P3	6 T3 8 
P4	7 T4 20 
P-1	10 T5 17 
P-1	13 T6 15 
P3	13 T7 22 
P-1	14 T8 24 
P1	14 T9 27 
P0	24 T10 31 
P2	25 T11 31 
P3	26 T12 44 
P-1	27 T13 42 
P-1	27 T14 52 
P-1	28 T15 52 
P1	29 T16 53 
P-1	30 T17 42 
P-1	34 T18 43 
P0	34 T19 52 
P-1	35 T20 52 
P2	36 T21 75 
P4	37 T22 47 
P-1	38 T23 42 
P-1	38 T24 48 
P3	46 T25 51 
P4	48 T26 64 
P-1	50 T27 69 
P3	52 T28 57 
P0	53 T29 64 
P-1	53 T30 69 
P1	55 T31 70 
P-1	59 T32 67 
P3	61 T33 73 
P-1	62 T34 79 
P-1	64 T35 69 
P0	66 T36 77 
P4	67 T37 79 
P1	72 T38 76 
P3	74 T39 78 
NMec = 98475
Viable Sol. = 141700643856
Profit = 59083
T = 40
P = 5
Profits not ignored
Solution time = 1.858e+03
Task data
00    0  21  3145
01    5  13  1006
02    5  16  3268
03    6   8   876
04    7  20  2915
05   10  17  1267
06   13  15   518
07   13  22  1464
08   14  24  1108
09   14  27  1366
10   24  31  2243
11   25  31   634
12   26  44  2130
13   27  42  1769
14   27  52  2102
15   28  52  1926
16   29  53  5583
17   30  42  1562
18   34  43  1131
19   34  52  4170
20   35  52  1853
21   36  75 10327
22   37  47  1987
23   38  42   514
24   38  48   858
25   46  51  1064
26   48  64  4364
27   50  69  1537
28   52  57   754
29   53  64  1457
30   53  69  1241
31   55  70  2412
32   59  67   766
33   61  73  2063
34   62  79  1405
35   64  69   674
36   66  77  2175
37   67  79  2147
38   72  76   652
39   74  78   881
End
