P-1	0 T0 12 
P0	0 T1 13 
P-1	0 T2 14 
P-1	0 T3 17 
P-1	0 T4 23 
P1	1 T5 9 
P-1	1 T6 10 
P-1	1 T7 12 
P-1	1 T8 27 
P2	2 T9 22 
P3	3 T10 8 
P-1	3 T11 8 
P4	4 T12 18 
P5	4 T13 25 
P-1	4 T14 26 
P6	4 T15 28 
P-1	6 T16 14 
P7	6 T17 25 
P-1	6 T18 30 
P8	6 T19 37 
P-1	7 T20 11 
P-1	7 T21 20 
P9	7 T22 25 
P-1	7 T23 25 
P-1	7 T24 28 
P-1	8 T25 23 
P-1	9 T26 17 
P-1	9 T27 21 
P3	9 T28 38 
P1	12 T29 26 
P0	18 T30 32 
P4	19 T31 30 
P-1	21 T32 28 
P-1	23 T33 30 
P-1	24 T34 29 
P-1	24 T35 32 
P2	25 T36 32 
P5	26 T37 30 
P1	28 T38 39 
P6	29 T39 39 
NMec = 98475
Viable Sol. = 99560705173
Profit = 57703
T = 40
P = 10
Profits not ignored
Solution time = 8.877e+02
Task data
00    0  12   770
01    0  13  2864
02    0  14  2790
03    0  17  1693
04    0  23  2482
05    1   9  1207
06    1  10   931
07    1  12  1240
08    1  27  3569
09    2  22  4297
10    3   8  1024
11    3   8   795
12    4  18  2950
13    4  25  4930
14    4  26  1762
15    4  28  6098
16    6  14  1493
17    6  25  5188
18    6  30  3369
19    6  37  6606
20    7  11   593
21    7  20  3207
22    7  25  5200
23    7  25  3109
24    7  28  1550
25    8  23  2176
26    9  17   914
27    9  21  1660
28    9  38  4377
29   12  26  3427
30   18  32  1963
31   19  30  1780
32   21  28   885
33   23  30   929
34   24  29   708
35   24  32  1028
36   25  32  1320
37   26  30   598
38   28  39  2037
39   29  39  1837
End
