P0	1 T0 134 
P-1	9 T1 24 
P1	10 T2 15 
P2	10 T3 18 
P-1	13 T4 18 
P1	16 T5 23 
P-1	17 T6 114 
P-1	24 T7 32 
P1	24 T8 42 
P2	27 T9 40 
P-1	27 T10 43 
P-1	27 T11 43 
P-1	34 T12 43 
P-1	35 T13 40 
P-1	39 T14 63 
P-1	40 T15 47 
P2	42 T16 62 
P-1	47 T17 64 
P-1	48 T18 54 
P1	48 T19 63 
P-1	50 T20 51 
P-1	57 T21 58 
P2	63 T22 75 
P-1	73 T23 83 
P1	74 T24 100 
P-1	75 T25 103 
P2	77 T26 89 
P-1	79 T27 82 
P-1	88 T28 95 
P2	97 T29 100 
P-1	99 T30 112 
P1	101 T31 107 
P2	101 T32 112 
P-1	106 T33 115 
P-1	108 T34 130 
P1	110 T35 127 
P2	114 T36 126 
P-1	115 T37 122 
P-1	117 T38 130 
P-1	119 T39 130 
P1	133 T40 136 
NMec = 98475
Viable Sol. = 48440839292
Profit = 52991
T = 41
P = 3
Profits not ignored
Solution time = 6.380e+02
Task data
00    1 134 13488
01    9  24  1183
02   10  15   862
03   10  18  2298
04   13  18   643
05   16  23  1236
06   17 114 11155
07   24  32  1149
08   24  42  4708
09   27  40  2700
10   27  43  2947
11   27  43  3132
12   34  43  2146
13   35  40   555
14   39  63  4072
15   40  47   812
16   42  62  4814
17   47  64  2942
18   48  54  1439
19   48  63  4102
20   50  51   250
21   57  58   381
22   63  75  3314
23   73  83  1158
24   74 100  5512
25   75 103  2700
26   77  89  2063
27   79  82   564
28   88  95  1345
29   97 100   390
30   99 112  1314
31  101 107  1356
32  101 112  1353
33  106 115  1319
34  108 130  2168
35  110 127  2667
36  114 126  1416
37  115 122  1222
38  117 130  1088
39  119 130  1132
40  133 136   712
End
