P0	0 T0 56 
P-1	1 T1 45 
P1	2 T2 17 
P-1	2 T3 31 
P2	3 T4 8 
P3	6 T5 10 
P4	6 T6 47 
P5	8 T7 55 
P-1	9 T8 54 
P2	10 T9 32 
P3	12 T10 20 
P6	14 T11 33 
P-1	15 T12 36 
P-1	15 T13 36 
P-1	15 T14 38 
P-1	17 T15 33 
P-1	18 T16 31 
P-1	19 T17 32 
P-1	19 T18 33 
P1	21 T19 24 
P3	22 T20 29 
P-1	23 T21 37 
P-1	24 T22 33 
P-1	24 T23 44 
P-1	26 T24 43 
P-1	27 T25 32 
P-1	28 T26 37 
P1	28 T27 45 
P-1	28 T28 46 
P-1	28 T29 47 
P3	30 T30 53 
P-1	31 T31 36 
P-1	31 T32 45 
P-1	32 T33 47 
P2	33 T34 56 
P6	35 T35 47 
P-1	36 T36 41 
P-1	40 T37 56 
P-1	42 T38 50 
P1	49 T39 57 
P3	56 T40 58 
NMec = 98475
Viable Sol. = 11148138616
Profit = 58671
T = 41
P = 7
Profits not ignored
Solution time = 1.455e+02
Task data
00    0  56  7020
01    1  45  3192
02    2  17  1491
03    2  31  3913
04    3   8   639
05    6  10   991
06    6  47  8545
07    8  55  9004
08    9  54  6442
09   10  32  5476
10   12  20  1307
11   14  33  5274
12   15  36  1367
13   15  36  2183
14   15  38  3063
15   17  33  3597
16   18  31  1333
17   19  32  1180
18   19  33  1250
19   21  24   858
20   22  29  1952
21   23  37  1900
22   24  33  1224
23   24  44  4333
24   26  43  4109
25   27  32  1120
26   28  37  1305
27   28  45  4579
28   28  46  2346
29   28  47  4449
30   30  53  4641
31   31  36  1061
32   31  45  1885
33   32  47  1346
34   33  56  2307
35   35  47  3389
36   36  41   836
37   40  56  1522
38   42  50   667
39   49  57   829
40   56  58   369
End
