P0	2 T0 5 
P1	2 T1 13 
P0	7 T2 34 
P-1	9 T3 28 
P2	10 T4 20 
P-1	10 T5 26 
P3	11 T6 18 
P-1	12 T7 24 
P-1	12 T8 26 
P-1	14 T9 26 
P-1	14 T10 40 
P-1	16 T11 82 
P1	18 T12 31 
P2	24 T13 48 
P3	25 T14 92 
P-1	32 T15 39 
P-1	33 T16 46 
P1	33 T17 49 
P-1	33 T18 50 
P0	35 T19 51 
P-1	36 T20 49 
P-1	40 T21 57 
P-1	46 T22 54 
P-1	48 T23 61 
P2	49 T24 66 
P0	52 T25 56 
P0	57 T26 81 
P-1	58 T27 72 
P1	61 T28 74 
P-1	65 T29 72 
P-1	66 T30 91 
P-1	68 T31 74 
P2	70 T32 73 
P-1	70 T33 79 
P2	74 T34 84 
P1	77 T35 91 
P-1	83 T36 94 
P0	84 T37 102 
P-1	86 T38 94 
P2	89 T39 100 
P-1	90 T40 100 
NMec = 98475
Viable Sol. = 48704393736
Profit = 51909
T = 41
P = 4
Profits not ignored
Solution time = 7.099e+02
Task data
00    2   5   540
01    2  13   988
02    7  34  4406
03    9  28  1542
04   10  20  1133
05   10  26  1880
06   11  18   927
07   12  24   814
08   12  26  1268
09   14  26  2172
10   14  40  3689
11   16  82  6409
12   18  31  2731
13   24  48  5540
14   25  92  9179
15   32  39   589
16   33  46  1127
17   33  49  3138
18   33  50  1839
19   35  51  2761
20   36  49  1992
21   40  57  1998
22   46  54   688
23   48  61  1309
24   49  66  2906
25   52  56   414
26   57  81  3753
27   58  72  1006
28   61  74  2724
29   65  72  1489
30   66  91  2256
31   68  74  1368
32   70  73   275
33   70  79   731
34   74  84  1602
35   77  91  3716
36   83  94  1276
37   84 102  2141
38   86  94  1827
39   89 100  3035
40   90 100  1222
End
