P0	0 T0 4 
P1	0 T1 15 
P2	0 T2 17 
P3	1 T3 43 
P4	4 T4 8 
P0	7 T5 18 
P4	11 T6 18 
P5	14 T7 38 
P-1	15 T8 22 
P1	17 T9 29 
P2	18 T10 31 
P0	19 T11 35 
P-1	20 T12 27 
P-1	21 T13 24 
P-1	21 T14 25 
P4	21 T15 32 
P-1	24 T16 28 
P-1	25 T17 42 
P-1	26 T18 41 
P-1	26 T19 47 
P1	30 T20 42 
P-1	34 T21 48 
P2	35 T22 39 
P4	35 T23 68 
P0	37 T24 64 
P-1	39 T25 40 
P5	39 T26 52 
P-1	41 T27 52 
P-1	41 T28 56 
P2	41 T29 58 
P1	43 T30 53 
P3	44 T31 62 
P-1	45 T32 68 
P-1	46 T33 55 
P-1	48 T34 51 
P-1	48 T35 54 
P-1	48 T36 57 
P-1	50 T37 55 
P-1	50 T38 65 
P1	55 T39 62 
P5	57 T40 64 
NMec = 98475
Viable Sol. = 312478637844
Profit = 62982
T = 41
P = 6
Profits not ignored
Solution time = 4.949e+03
Task data
00    0   4   720
01    0  15  4138
02    0  17  3418
03    1  43  4826
04    4   8   955
05    7  18  3008
06   11  18  1179
07   14  38  3060
08   15  22  1078
09   17  29  1710
10   18  31  3387
11   19  35  3105
12   20  27  1131
13   21  24   786
14   21  25   739
15   21  32  1257
16   24  28  1135
17   25  42  2414
18   26  41  1744
19   26  47  2815
20   30  42  2520
21   34  48  1372
22   35  39  1061
23   35  68  7598
24   37  64  7623
25   39  40   196
26   39  52  2798
27   41  52  1185
28   41  56  2459
29   41  58  3704
30   43  53  1686
31   44  62  2990
32   45  68  2234
33   46  55  1266
34   48  51   330
35   48  54  1154
36   48  57  1007
37   50  55   643
38   50  65  1699
39   55  62  1464
40   57  64   775
End
