P0	0 T0 14 
P1	0 T1 183 
P-1	1 T2 19 
P-1	3 T3 13 
P-1	3 T4 192 
P-1	13 T5 19 
P0	17 T6 140 
P-1	20 T7 160 
P-1	43 T8 56 
P-1	48 T9 50 
P-1	48 T10 55 
P-1	50 T11 60 
P-1	53 T12 60 
P-1	54 T13 78 
P-1	55 T14 61 
P-1	60 T15 70 
P-1	65 T16 78 
P-1	65 T17 91 
P-1	68 T18 84 
P-1	70 T19 190 
P-1	80 T20 85 
P-1	82 T21 105 
P-1	87 T22 101 
P-1	89 T23 103 
P-1	95 T24 111 
P-1	96 T25 112 
P-1	110 T26 124 
P-1	117 T27 130 
P-1	122 T28 130 
P0	145 T29 153 
P-1	148 T30 158 
P-1	149 T31 175 
P-1	156 T32 172 
P-1	157 T33 170 
P0	159 T34 169 
P-1	161 T35 168 
P-1	161 T36 171 
P-1	170 T37 193 
P0	170 T38 203 
P-1	171 T39 177 
P1	193 T40 197 
NMec = 98475
Viable Sol. = 476820930
Profit = 81475
T = 41
P = 2
Profits not ignored
Solution time = 6.821e+00
Task data
00    0  14  1813
01    0 183 48219
02    1  19  3211
03    3  13   966
04    3 192 18795
05   13  19   869
06   17 140 21133
07   20 160 20549
08   43  56  3743
09   48  50   505
10   48  55   663
11   50  60  1571
12   53  60  1503
13   54  78  1993
14   55  61   882
15   60  70  1110
16   65  78  2934
17   65  91  4149
18   68  84  2318
19   70 190 11183
20   80  85   504
21   82 105  2040
22   87 101  2783
23   89 103  2229
24   95 111  3258
25   96 112  2370
26  110 124  2145
27  117 130  1981
28  122 130  2284
29  145 153  1592
30  148 158  1124
31  149 175  5724
32  156 172  2230
33  157 170  1685
34  159 169  2463
35  161 168   853
36  161 171   830
37  170 193  3369
38  170 203  5598
39  171 177   635
40  193 197   657
End
