P0	0 T0 19 
P-1	0 T1 42 
P1	1 T2 14 
P2	1 T3 20 
P3	1 T4 23 
P4	3 T5 10 
P5	3 T6 35 
P6	5 T7 12 
P7	5 T8 17 
P-1	6 T9 22 
P-1	6 T10 22 
P-1	6 T11 23 
P8	7 T12 30 
P-1	7 T13 40 
P-1	8 T14 15 
P4	13 T15 18 
P-1	13 T16 20 
P6	13 T17 36 
P-1	14 T18 24 
P-1	14 T19 32 
P-1	14 T20 36 
P-1	15 T21 24 
P1	16 T22 43 
P7	18 T23 24 
P-1	18 T24 31 
P4	19 T25 22 
P0	21 T26 30 
P2	21 T27 33 
P-1	24 T28 26 
P-1	24 T29 36 
P3	25 T30 33 
P4	25 T31 35 
P7	25 T32 37 
P-1	29 T33 41 
P-1	32 T34 36 
P-1	32 T35 37 
P0	32 T36 43 
P8	33 T37 41 
P2	34 T38 41 
P3	35 T39 43 
P4	41 T40 44 
NMec = 98475
Viable Sol. = 509826928590
Profit = 61268
T = 41
P = 9
Profits not ignored
Solution time = 5.652e+03
Task data
00    0  19  5275
01    0  42  2995
02    1  14  1723
03    1  20  2361
04    1  23  4532
05    3  10  1843
06    3  35  4689
07    5  12  1090
08    5  17  1436
09    6  22  2519
10    6  22  1768
11    6  23  1725
12    7  30  3712
13    7  40  4093
14    8  15  1377
15   13  18   951
16   13  20  1088
17   13  36  6378
18   14  24  1333
19   14  32  1331
20   14  36  2430
21   15  24  1044
22   16  43  5157
23   18  24  1357
24   18  31  1337
25   19  22   638
26   21  30  2377
27   21  33  2235
28   24  26   457
29   24  36  2021
30   25  33  1016
31   25  35  2875
32   25  37  2504
33   29  41  1258
34   32  36  1199
35   32  37   913
36   32  43  3311
37   33  41  1776
38   34  41  1630
39   35  43  1665
40   41  44   737
End
