P0	7 T0 18 
P0	26 T1 44 
P-1	35 T2 409 
P0	56 T3 59 
P0	71 T4 79 
P-1	73 T5 263 
P-1	79 T6 80 
P0	81 T7 100 
P-1	82 T8 97 
P-1	86 T9 107 
P0	102 T10 110 
P-1	110 T11 126 
P0	114 T12 118 
P-1	114 T13 138 
P-1	116 T14 121 
P0	121 T15 253 
P-1	123 T16 139 
P-1	165 T17 411 
P-1	166 T18 177 
P-1	175 T19 182 
P-1	185 T20 197 
P-1	201 T21 221 
P-1	208 T22 218 
P-1	229 T23 247 
P-1	255 T24 275 
P-1	256 T25 261 
P0	260 T26 278 
P-1	274 T27 283 
P0	289 T28 300 
P-1	294 T29 307 
P-1	295 T30 314 
P-1	297 T31 312 
P0	315 T32 330 
P-1	318 T33 326 
P-1	328 T34 348 
P0	331 T35 345 
P-1	344 T36 363 
P0	346 T37 355 
P0	356 T38 368 
P-1	375 T39 399 
P0	379 T40 395 
P-1	384 T41 391 
NMec = 98475
Viable Sol. = 171607354
Profit = 55804
T = 42
P = 1
Profits not ignored
Solution time = 2.642e+00
Task data
00    7  18  2184
01   26  44  2963
02   35 409 51028
03   56  59   898
04   71  79   761
05   73 263 21896
06   79  80   458
07   81 100  4683
08   82  97  3860
09   86 107  4969
10  102 110  2240
11  110 126  2830
12  114 118   802
13  114 138  2672
14  116 121   902
15  121 253 20099
16  123 139  2205
17  165 411 32649
18  166 177  2574
19  175 182   785
20  185 197  2290
21  201 221  3883
22  208 218  1649
23  229 247  2033
24  255 275  2280
25  256 261  1055
26  260 278  3930
27  274 283   779
28  289 300  3292
29  294 307  1410
30  295 314  2111
31  297 312  1177
32  315 330  4601
33  318 326  1812
34  328 348  2371
35  331 345  2163
36  344 363  4219
37  346 355  1826
38  356 368  2335
39  375 399  1524
40  379 395  3027
41  384 391  1437
End
