P0	0 T0 4 
P1	0 T1 32 
P2	4 T2 16 
P0	5 T3 9 
P-1	5 T4 14 
P-1	5 T5 17 
P-1	6 T6 27 
P3	8 T7 80 
P4	9 T8 18 
P-1	10 T9 34 
P-1	13 T10 39 
P0	14 T11 22 
P2	17 T12 32 
P-1	17 T13 33 
P-1	17 T14 39 
P4	19 T15 38 
P-1	21 T16 44 
P-1	23 T17 63 
P-1	25 T18 34 
P-1	26 T19 35 
P0	27 T20 38 
P-1	29 T21 69 
P-1	31 T22 66 
P-1	32 T23 54 
P1	36 T24 47 
P2	37 T25 49 
P-1	38 T26 45 
P-1	38 T27 53 
P0	42 T28 51 
P4	43 T29 67 
P-1	49 T30 56 
P1	49 T31 71 
P2	50 T32 68 
P-1	51 T33 76 
P0	53 T34 60 
P-1	57 T35 59 
P-1	58 T36 74 
P-1	59 T37 62 
P-1	60 T38 73 
P0	62 T39 83 
P2	71 T40 80 
P1	74 T41 83 
NMec = 98475
Viable Sol. = 91875688388
Profit = 67391
T = 42
P = 5
Profits not ignored
Solution time = 1.351e+03
Task data
00    0   4   641
01    0  32  4975
02    4  16  1514
03    5   9   794
04    5  14   952
05    5  17  1406
06    6  27  2207
07    8  80 18280
08    9  18  2055
09   10  34  2811
10   13  39  3326
11   14  22  1628
12   17  32  4142
13   17  33  1313
14   17  39  2032
15   19  38  4220
16   21  44  3605
17   23  63  3255
18   25  34  1271
19   26  35   964
20   27  38  2242
21   29  69  3411
22   31  66  3433
23   32  54  2578
24   36  47  1559
25   37  49  2566
26   38  45   976
27   38  53  2720
28   42  51  1067
29   43  67  5328
30   49  56   918
31   49  71  4002
32   50  68  4803
33   51  76  2640
34   53  60  1815
35   57  59   442
36   58  74  1290
37   59  62   408
38   60  73  1343
39   62  83  2004
40   71  80  1064
41   74  83  2692
End
