P0	0 T0 98 
P-1	3 T1 25 
P-1	3 T2 28 
P-1	4 T3 13 
P1	4 T4 16 
P2	5 T5 39 
P-1	6 T6 33 
P-1	8 T7 16 
P-1	9 T8 24 
P3	9 T9 88 
P-1	11 T10 25 
P-1	12 T11 20 
P-1	15 T12 27 
P1	18 T13 28 
P-1	22 T14 96 
P-1	25 T15 32 
P-1	25 T16 87 
P-1	26 T17 31 
P-1	26 T18 35 
P-1	30 T19 91 
P-1	38 T20 60 
P1	42 T21 52 
P2	43 T22 70 
P-1	47 T23 73 
P-1	48 T24 51 
P-1	49 T25 71 
P1	53 T26 64 
P-1	58 T27 81 
P-1	64 T28 73 
P1	66 T29 75 
P-1	66 T30 83 
P2	73 T31 80 
P-1	78 T32 99 
P1	80 T33 82 
P2	81 T34 83 
P-1	82 T35 103 
P1	84 T36 100 
P-1	86 T37 91 
P2	87 T38 93 
P3	90 T39 99 
P-1	94 T40 102 
P2	96 T41 101 
NMec = 98475
Viable Sol. = 36547716722
Profit = 61874
T = 42
P = 4
Profits not ignored
Solution time = 4.590e+02
Task data
00    0  98 12880
01    3  25  2551
02    3  28  4549
03    4  13  1171
04    4  16  3020
05    5  39  5719
06    6  33  3991
07    8  16  1168
08    9  24   871
09    9  88 17266
10   11  25  1487
11   12  20   608
12   15  27  2702
13   18  28  2431
14   22  96  9611
15   25  32  2271
16   25  87  6561
17   26  31   821
18   26  35  1638
19   30  91  5503
20   38  60  2039
21   42  52  2966
22   43  70  5405
23   47  73  2170
24   48  51  1072
25   49  71  2375
26   53  64  1282
27   58  81  2608
28   64  73  1269
29   66  75  2404
30   66  83  2217
31   73  80   700
32   78  99  2529
33   80  82   276
34   81  83   650
35   82 103  2709
36   84 100  2716
37   86  91   844
38   87  93  1607
39   90  99  1431
40   94 102   727
41   96 101  1121
End
