P0	0 T0 10 
P-1	0 T1 16 
P1	1 T2 100 
P-1	3 T3 9 
P2	7 T4 15 
P-1	10 T5 18 
P0	14 T6 15 
P-1	17 T7 25 
P-1	18 T8 28 
P0	19 T9 27 
P2	19 T10 33 
P0	28 T11 41 
P-1	30 T12 50 
P0	42 T13 43 
P2	43 T14 57 
P-1	44 T15 67 
P-1	48 T16 70 
P0	49 T17 57 
P-1	54 T18 56 
P-1	60 T19 80 
P-1	63 T20 72 
P-1	66 T21 73 
P0	66 T22 85 
P2	66 T23 88 
P-1	67 T24 79 
P-1	69 T25 74 
P-1	70 T26 76 
P-1	72 T27 83 
P-1	73 T28 79 
P-1	77 T29 91 
P-1	78 T30 82 
P0	86 T31 95 
P2	90 T32 97 
P0	99 T33 110 
P1	102 T34 116 
P-1	103 T35 115 
P2	105 T36 114 
P0	117 T37 130 
P1	119 T38 131 
P2	119 T39 139 
P-1	125 T40 137 
P-1	130 T41 135 
NMec = 98475
Viable Sol. = 132447594240
Profit = 61305
T = 42
P = 3
Profits not ignored
Solution time = 1.703e+03
Task data
00    0  10  2409
01    0  16   943
02    1 100 18559
03    3   9   844
04    7  15  2122
05   10  18   769
06   14  15   183
07   17  25   740
08   18  28  2019
09   19  27  1461
10   19  33  2580
11   28  41  3572
12   30  50  1520
13   42  43   248
14   43  57  2587
15   44  67  2282
16   48  70  2368
17   49  57  2148
18   54  56   312
19   60  80  2322
20   63  72  1907
21   66  73   899
22   66  85  3535
23   66  88  3060
24   67  79  1774
25   69  74   459
26   70  76  1623
27   72  83  2326
28   73  79   904
29   77  91  2007
30   78  82  1008
31   86  95  1413
32   90  97  1979
33   99 110  1665
34  102 116  3113
35  103 115  1151
36  105 114  1702
37  117 130  2818
38  119 131  2134
39  119 139  4017
40  125 137  1979
41  130 135   855
End
