P0	2 T0 20 
P-1	6 T1 24 
P0	22 T2 30 
P-1	24 T3 37 
P-1	26 T4 305 
P0	50 T5 58 
P-1	61 T6 339 
P-1	81 T7 318 
P0	85 T8 89 
P-1	85 T9 106 
P-1	94 T10 207 
P-1	100 T11 107 
P0	103 T12 113 
P0	118 T13 399 
P-1	133 T14 141 
P-1	141 T15 156 
P-1	158 T16 374 
P-1	183 T17 199 
P-1	185 T18 193 
P-1	194 T19 203 
P-1	210 T20 228 
P-1	211 T21 218 
P-1	218 T22 234 
P-1	229 T23 252 
P-1	250 T24 277 
P-1	254 T25 277 
P-1	270 T26 294 
P-1	276 T27 293 
P-1	303 T28 316 
P-1	303 T29 322 
P-1	311 T30 330 
P-1	315 T31 330 
P-1	324 T32 344 
P-1	330 T33 332 
P-1	335 T34 352 
P-1	355 T35 362 
P-1	365 T36 373 
P-1	376 T37 396 
P-1	378 T38 401 
P-1	380 T39 394 
P-1	389 T40 411 
P-1	391 T41 413 
P0	418 T42 428 
NMec = 98475
Viable Sol. = 43726684
Profit = 66123
T = 43
P = 1
Profits not ignored
Solution time = 3.767e-01
Task data
00    2  20  4992
01    6  24  4503
02   22  30  1973
03   24  37   955
04   26 305 34667
05   50  58  1620
06   61 339 26224
07   81 318 30529
08   85  89   678
09   85 106  1426
10   94 207 12920
11  100 107   913
12  103 113  2721
13  118 399 52211
14  133 141   936
15  141 156  1400
16  158 374 28676
17  183 199  3690
18  185 193  1921
19  194 203   936
20  210 228  5251
21  211 218  1026
22  218 234  2528
23  229 252  3333
24  250 277  4412
25  254 277  3181
26  270 294  1677
27  276 293  2738
28  303 316  3502
29  303 322  1244
30  311 330  5401
31  315 330  2871
32  324 344  2797
33  330 332   349
34  335 352  1657
35  355 362  2025
36  365 373  1452
37  376 396  2529
38  378 401  3485
39  380 394  1879
40  389 411  3521
41  391 413  4598
42  418 428  1928
End
