P0	1 T0 7 
P-1	1 T1 36 
P1	2 T2 8 
P2	2 T3 8 
P3	2 T4 12 
P-1	3 T5 21 
P-1	3 T6 36 
P4	6 T7 19 
P-1	7 T8 21 
P-1	7 T9 26 
P-1	8 T10 35 
P-1	8 T11 36 
P0	9 T12 14 
P1	9 T13 17 
P2	9 T14 22 
P5	12 T15 15 
P-1	12 T16 32 
P3	14 T17 23 
P-1	14 T18 31 
P-1	14 T19 33 
P6	14 T20 34 
P0	15 T21 19 
P7	15 T22 27 
P1	19 T23 35 
P5	19 T24 35 
P0	20 T25 36 
P4	20 T26 36 
P2	25 T27 29 
P3	27 T28 33 
NMec = 2020
Viable Sol. = 142282888
Profit = 19
T = 29
P = 8
Profits ignored
Solution time = 1.329e+00
Task data
00    1   7     1
01    1  36     1
02    2   8     1
03    2   8     1
04    2  12     1
05    3  21     1
06    3  36     1
07    6  19     1
08    7  21     1
09    7  26     1
10    8  35     1
11    8  36     1
12    9  14     1
13    9  17     1
14    9  22     1
15   12  15     1
16   12  32     1
17   14  23     1
18   14  31     1
19   14  33     1
20   14  34     1
21   15  19     1
22   15  27     1
23   19  35     1
24   19  35     1
25   20  36     1
26   20  36     1
27   25  29     1
28   27  33     1
End
