P0	0 T0 9 
P-1	1 T1 27 
P-1	4 T2 22 
P-1	4 T3 69 
P-1	7 T4 28 
P1	8 T5 11 
P-1	8 T6 23 
P-1	14 T7 28 
P0	16 T8 36 
P1	17 T9 23 
P2	19 T10 22 
P3	20 T11 34 
P-1	24 T12 40 
P-1	24 T13 55 
P-1	26 T14 44 
P1	30 T15 42 
P2	34 T16 47 
P3	36 T17 50 
P-1	36 T18 55 
P0	37 T19 49 
P-1	41 T20 56 
P-1	41 T21 62 
P-1	44 T22 54 
P-1	44 T23 58 
P-1	46 T24 55 
P1	46 T25 66 
P0	52 T26 62 
P2	52 T27 66 
P3	54 T28 62 
NMec = 2020
Viable Sol. = 17456342
Profit = 14
T = 29
P = 4
Profits ignored
Solution time = 1.776e-01
Task data
00    0   9     1
01    1  27     1
02    4  22     1
03    4  69     1
04    7  28     1
05    8  11     1
06    8  23     1
07   14  28     1
08   16  36     1
09   17  23     1
10   19  22     1
11   20  34     1
12   24  40     1
13   24  55     1
14   26  44     1
15   30  42     1
16   34  47     1
17   36  50     1
18   36  55     1
19   37  49     1
20   41  56     1
21   41  62     1
22   44  54     1
23   44  58     1
24   46  55     1
25   46  66     1
26   52  62     1
27   52  66     1
28   54  62     1
End
