P0	0 T0 12 
P-1	0 T1 15 
P-1	0 T2 20 
P-1	0 T3 22 
P1	1 T4 7 
P-1	1 T5 22 
P2	2 T6 14 
P-1	2 T7 28 
P-1	3 T8 19 
P-1	3 T9 20 
P3	4 T10 16 
P-1	4 T11 27 
P-1	5 T12 22 
P4	7 T13 16 
P-1	7 T14 31 
P-1	8 T15 23 
P-1	8 T16 26 
P1	9 T17 18 
P5	10 T18 25 
P-1	10 T19 32 
P6	12 T20 28 
P7	12 T21 29 
P0	13 T22 30 
P8	14 T23 26 
P2	15 T24 27 
P3	17 T25 26 
P1	20 T26 32 
P4	21 T27 32 
P5	26 T28 31 
NMec = 2020
Viable Sol. = 104731624
Profit = 16
T = 29
P = 9
Profits ignored
Solution time = 8.128e-01
Task data
00    0  12     1
01    0  15     1
02    0  20     1
03    0  22     1
04    1   7     1
05    1  22     1
06    2  14     1
07    2  28     1
08    3  19     1
09    3  20     1
10    4  16     1
11    4  27     1
12    5  22     1
13    7  16     1
14    7  31     1
15    8  23     1
16    8  26     1
17    9  18     1
18   10  25     1
19   10  32     1
20   12  28     1
21   12  29     1
22   13  30     1
23   14  26     1
24   15  27     1
25   17  26     1
26   20  32     1
27   21  32     1
28   26  31     1
End
