P0	1 T0 10 
P1	4 T1 30 
P-1	6 T2 46 
P2	8 T3 24 
P-1	9 T4 96 
P-1	10 T5 77 
P-1	20 T6 94 
P0	22 T7 34 
P-1	26 T8 39 
P-1	26 T9 73 
P2	27 T10 36 
P-1	28 T11 52 
P-1	34 T12 89 
P0	35 T13 44 
P1	38 T14 45 
P2	39 T15 48 
P-1	39 T16 56 
P-1	44 T17 57 
P-1	44 T18 62 
P-1	44 T19 66 
P0	50 T20 62 
P1	54 T21 61 
P2	54 T22 70 
P-1	61 T23 74 
P-1	70 T24 84 
P0	71 T25 73 
P1	71 T26 76 
P2	72 T27 86 
P0	77 T28 86 
P1	80 T29 91 
NMec = 2020
Viable Sol. = 4812434
Profit = 16
T = 30
P = 3
Profits ignored
Solution time = 3.589e-02
Task data
00    1  10     1
01    4  30     1
02    6  46     1
03    8  24     1
04    9  96     1
05   10  77     1
06   20  94     1
07   22  34     1
08   26  39     1
09   26  73     1
10   27  36     1
11   28  52     1
12   34  89     1
13   35  44     1
14   38  45     1
15   39  48     1
16   39  56     1
17   44  57     1
18   44  62     1
19   44  66     1
20   50  62     1
21   54  61     1
22   54  70     1
23   61  74     1
24   70  84     1
25   71  73     1
26   71  76     1
27   72  86     1
28   77  86     1
29   80  91     1
End
