P-1	0 T0 47 
P0	1 T1 4 
P-1	1 T2 22 
P-1	4 T3 21 
P-1	4 T4 49 
P-1	5 T5 14 
P-1	6 T6 23 
P-1	6 T7 44 
P0	9 T8 20 
P1	11 T9 14 
P2	11 T10 16 
P3	12 T11 24 
P4	12 T12 25 
P5	14 T13 25 
P1	15 T14 27 
P2	17 T15 30 
P-1	22 T16 46 
P-1	24 T17 47 
P0	25 T18 36 
P3	26 T19 34 
P-1	26 T20 39 
P-1	29 T21 48 
P1	29 T22 49 
P4	30 T23 42 
P2	31 T24 36 
P3	35 T25 38 
P5	36 T26 42 
P0	38 T27 46 
P2	39 T28 45 
P3	39 T29 48 
NMec = 2020
Viable Sol. = 208452244
Profit = 19
T = 30
P = 6
Profits ignored
Solution time = 2.104e+00
Task data
00    0  47     1
01    1   4     1
02    1  22     1
03    4  21     1
04    4  49     1
05    5  14     1
06    6  23     1
07    6  44     1
08    9  20     1
09   11  14     1
10   11  16     1
11   12  24     1
12   12  25     1
13   14  25     1
14   15  27     1
15   17  30     1
16   22  46     1
17   24  47     1
18   25  36     1
19   26  34     1
20   26  39     1
21   29  48     1
22   29  49     1
23   30  42     1
24   31  36     1
25   35  38     1
26   36  42     1
27   38  46     1
28   39  45     1
29   39  48     1
End
