P0	1 T0 8 
P-1	1 T1 16 
P1	2 T2 8 
P-1	2 T3 21 
P-1	2 T4 74 
P-1	6 T5 19 
P2	8 T6 17 
P0	10 T7 21 
P1	12 T8 21 
P3	12 T9 24 
P-1	19 T10 39 
P0	27 T11 33 
P-1	27 T12 68 
P-1	28 T13 41 
P1	30 T14 39 
P2	33 T15 36 
P3	33 T16 52 
P-1	33 T17 73 
P0	35 T18 42 
P2	37 T19 49 
P1	42 T20 54 
P0	46 T21 55 
P-1	50 T22 70 
P2	53 T23 57 
P3	54 T24 66 
P-1	56 T25 69 
P0	56 T26 72 
P1	56 T27 74 
P2	60 T28 74 
P3	68 T29 73 
NMec = 2020
Viable Sol. = 126623710
Profit = 20
T = 30
P = 4
Profits ignored
Solution time = 1.072e+00
Task data
00    1   8     1
01    1  16     1
02    2   8     1
03    2  21     1
04    2  74     1
05    6  19     1
06    8  17     1
07   10  21     1
08   12  21     1
09   12  24     1
10   19  39     1
11   27  33     1
12   27  68     1
13   28  41     1
14   30  39     1
15   33  36     1
16   33  52     1
17   33  73     1
18   35  42     1
19   37  49     1
20   42  54     1
21   46  55     1
22   50  70     1
23   53  57     1
24   54  66     1
25   56  69     1
26   56  72     1
27   56  74     1
28   60  74     1
29   68  73     1
End
