P-1	1 T0 34 
P0	2 T1 4 
P-1	3 T2 14 
P-1	3 T3 41 
P1	4 T4 11 
P0	6 T5 22 
P2	7 T6 11 
P3	8 T7 18 
P4	8 T8 21 
P5	9 T9 20 
P6	11 T10 19 
P-1	12 T11 27 
P-1	12 T12 29 
P1	14 T13 19 
P-1	15 T14 33 
P-1	16 T15 26 
P-1	19 T16 27 
P2	19 T17 32 
P1	20 T18 27 
P3	20 T19 28 
P-1	20 T20 38 
P0	23 T21 32 
P4	23 T22 34 
P5	25 T23 42 
P6	26 T24 40 
P1	29 T25 36 
P3	29 T26 39 
P0	34 T27 38 
P2	34 T28 39 
P4	35 T29 42 
NMec = 2020
Viable Sol. = 404913330
Profit = 21
T = 30
P = 7
Profits ignored
Solution time = 3.314e+00
Task data
00    1  34     1
01    2   4     1
02    3  14     1
03    3  41     1
04    4  11     1
05    6  22     1
06    7  11     1
07    8  18     1
08    8  21     1
09    9  20     1
10   11  19     1
11   12  27     1
12   12  29     1
13   14  19     1
14   15  33     1
15   16  26     1
16   19  27     1
17   19  32     1
18   20  27     1
19   20  28     1
20   20  38     1
21   23  32     1
22   23  34     1
23   25  42     1
24   26  40     1
25   29  36     1
26   29  39     1
27   34  38     1
28   34  39     1
29   35  42     1
End
