P0	0 T0 9 
P-1	0 T1 13 
P-1	0 T2 18 
P-1	0 T3 33 
P-1	2 T4 13 
P-1	3 T5 24 
P1	4 T6 10 
P-1	4 T7 21 
P2	5 T8 9 
P3	6 T9 15 
P-1	6 T10 17 
P-1	6 T11 24 
P-1	8 T12 32 
P-1	9 T13 24 
P0	10 T14 18 
P-1	10 T15 27 
P-1	10 T16 31 
P1	11 T17 16 
P2	11 T18 20 
P4	11 T19 28 
P5	12 T20 28 
P6	13 T21 19 
P7	13 T22 20 
P8	13 T23 24 
P3	16 T24 26 
P0	19 T25 31 
P1	20 T26 27 
P2	21 T27 29 
P6	21 T28 30 
P7	24 T29 33 
NMec = 2020
Viable Sol. = 319520145
Profit = 18
T = 30
P = 9
Profits ignored
Solution time = 2.931e+00
Task data
00    0   9     1
01    0  13     1
02    0  18     1
03    0  33     1
04    2  13     1
05    3  24     1
06    4  10     1
07    4  21     1
08    5   9     1
09    6  15     1
10    6  17     1
11    6  24     1
12    8  32     1
13    9  24     1
14   10  18     1
15   10  27     1
16   10  31     1
17   11  16     1
18   11  20     1
19   11  28     1
20   12  28     1
21   13  19     1
22   13  20     1
23   13  24     1
24   16  26     1
25   19  31     1
26   20  27     1
27   21  29     1
28   21  30     1
29   24  33     1
End
