P0	2 T0 12 
P1	6 T1 14 
P-1	6 T2 40 
P-1	10 T3 20 
P-1	14 T4 31 
P-1	14 T5 31 
P0	15 T6 26 
P1	16 T7 32 
P-1	19 T8 36 
P-1	19 T9 40 
P-1	19 T10 137 
P-1	22 T11 70 
P-1	25 T12 37 
P-1	30 T13 37 
P0	32 T14 40 
P1	36 T15 38 
P1	40 T16 45 
P-1	45 T17 63 
P-1	50 T18 65 
P-1	55 T19 70 
P0	61 T20 74 
P1	61 T21 77 
P-1	67 T22 98 
P-1	86 T23 99 
P0	89 T24 101 
P1	95 T25 117 
P0	108 T26 125 
P-1	121 T27 134 
P0	127 T28 136 
P1	132 T29 134 
NMec = 2020
Viable Sol. = 3209749
Profit = 14
T = 30
P = 2
Profits ignored
Solution time = 2.687e-02
Task data
00    2  12     1
01    6  14     1
02    6  40     1
03   10  20     1
04   14  31     1
05   14  31     1
06   15  26     1
07   16  32     1
08   19  36     1
09   19  40     1
10   19 137     1
11   22  70     1
12   25  37     1
13   30  37     1
14   32  40     1
15   36  38     1
16   40  45     1
17   45  63     1
18   50  65     1
19   55  70     1
20   61  74     1
21   61  77     1
22   67  98     1
23   86  99     1
24   89 101     1
25   95 117     1
26  108 125     1
27  121 134     1
28  127 136     1
29  132 134     1
End
