P0	2 T0 17 
P1	4 T1 16 
P-1	4 T2 21 
P2	6 T3 16 
P3	7 T4 19 
P-1	7 T5 20 
P-1	7 T6 31 
P-1	9 T7 20 
P-1	10 T8 20 
P4	10 T9 26 
P-1	10 T10 35 
P5	11 T11 17 
P6	11 T12 22 
P-1	11 T13 37 
P7	12 T14 21 
P-1	15 T15 31 
P-1	16 T16 34 
P-1	16 T17 36 
P1	17 T18 21 
P-1	17 T19 30 
P-1	17 T20 33 
P2	17 T21 36 
P0	18 T22 25 
P5	19 T23 35 
P3	20 T24 34 
P1	22 T25 35 
P6	24 T26 30 
P7	25 T27 37 
P0	26 T28 37 
P4	27 T29 33 
NMec = 2020
Viable Sol. = 152956205
Profit = 18
T = 30
P = 8
Profits ignored
Solution time = 1.307e+00
Task data
00    2  17     1
01    4  16     1
02    4  21     1
03    6  16     1
04    7  19     1
05    7  20     1
06    7  31     1
07    9  20     1
08   10  20     1
09   10  26     1
10   10  35     1
11   11  17     1
12   11  22     1
13   11  37     1
14   12  21     1
15   15  31     1
16   16  34     1
17   16  36     1
18   17  21     1
19   17  30     1
20   17  33     1
21   17  36     1
22   18  25     1
23   19  35     1
24   20  34     1
25   22  35     1
26   24  30     1
27   25  37     1
28   26  37     1
29   27  33     1
End
