P0	0 T0 2 
P1	0 T1 9 
P-1	0 T2 34 
P-1	1 T3 14 
P-1	1 T4 27 
P2	2 T5 8 
P3	2 T6 10 
P-1	2 T7 18 
P-1	2 T8 24 
P0	3 T9 11 
P-1	8 T10 18 
P2	9 T11 14 
P4	9 T12 18 
P5	9 T13 20 
P1	10 T14 15 
P-1	10 T15 23 
P-1	10 T16 33 
P3	11 T17 21 
P0	13 T18 14 
P6	13 T19 18 
P7	13 T20 25 
P8	13 T21 28 
P0	15 T22 29 
P1	16 T23 29 
P2	16 T24 32 
P4	19 T25 27 
P6	20 T26 30 
P3	22 T27 31 
P5	22 T28 34 
P7	27 T29 34 
P4	28 T30 33 
NMec = 2020
Viable Sol. = 1302470168
Profit = 23
T = 31
P = 9
Profits ignored
Solution time = 1.065e+01
Task data
00    0   2     1
01    0   9     1
02    0  34     1
03    1  14     1
04    1  27     1
05    2   8     1
06    2  10     1
07    2  18     1
08    2  24     1
09    3  11     1
10    8  18     1
11    9  14     1
12    9  18     1
13    9  20     1
14   10  15     1
15   10  23     1
16   10  33     1
17   11  21     1
18   13  14     1
19   13  18     1
20   13  25     1
21   13  28     1
22   15  29     1
23   16  29     1
24   16  32     1
25   19  27     1
26   20  30     1
27   22  31     1
28   22  34     1
29   27  34     1
30   28  33     1
End
