P-1	0 T0 13 
P-1	1 T1 50 
P-1	2 T2 12 
P0	2 T3 22 
P1	5 T4 11 
P2	6 T5 13 
P3	8 T6 13 
P-1	8 T7 28 
P4	10 T8 13 
P5	11 T9 28 
P1	13 T10 27 
P2	14 T11 25 
P3	14 T12 35 
P4	16 T13 17 
P-1	18 T14 40 
P-1	20 T15 41 
P-1	21 T16 38 
P-1	21 T17 46 
P4	22 T18 32 
P0	24 T19 36 
P2	26 T20 35 
P-1	26 T21 45 
P-1	28 T22 40 
P1	29 T23 38 
P5	32 T24 38 
P0	37 T25 45 
P2	37 T26 46 
P3	37 T27 46 
P4	38 T28 44 
P1	40 T29 51 
P5	44 T30 50 
NMec = 2020
Viable Sol. = 487699256
Profit = 21
T = 31
P = 6
Profits ignored
Solution time = 4.247e+00
Task data
00    0  13     1
01    1  50     1
02    2  12     1
03    2  22     1
04    5  11     1
05    6  13     1
06    8  13     1
07    8  28     1
08   10  13     1
09   11  28     1
10   13  27     1
11   14  25     1
12   14  35     1
13   16  17     1
14   18  40     1
15   20  41     1
16   21  38     1
17   21  46     1
18   22  32     1
19   24  36     1
20   26  35     1
21   26  45     1
22   28  40     1
23   29  38     1
24   32  38     1
25   37  45     1
26   37  46     1
27   37  46     1
28   38  44     1
29   40  51     1
30   44  50     1
End
