P0	1 T0 5 
P1	1 T1 9 
P-1	7 T2 40 
P0	10 T3 14 
P1	10 T4 19 
P2	11 T5 16 
P-1	11 T6 26 
P3	12 T7 26 
P4	13 T8 28 
P-1	13 T9 42 
P0	16 T10 23 
P-1	17 T11 30 
P-1	18 T12 29 
P-1	20 T13 43 
P1	21 T14 26 
P-1	21 T15 30 
P2	22 T16 34 
P5	23 T17 26 
P0	24 T18 30 
P-1	24 T19 37 
P-1	24 T20 42 
P6	25 T21 30 
P-1	26 T22 40 
P-1	26 T23 44 
P1	27 T24 44 
P3	28 T25 42 
P5	28 T26 44 
P4	29 T27 40 
P0	32 T28 44 
P2	35 T29 42 
P6	35 T30 44 
NMec = 2020
Viable Sol. = 335657308
Profit = 20
T = 31
P = 7
Profits ignored
Solution time = 3.140e+00
Task data
00    1   5     1
01    1   9     1
02    7  40     1
03   10  14     1
04   10  19     1
05   11  16     1
06   11  26     1
07   12  26     1
08   13  28     1
09   13  42     1
10   16  23     1
11   17  30     1
12   18  29     1
13   20  43     1
14   21  26     1
15   21  30     1
16   22  34     1
17   23  26     1
18   24  30     1
19   24  37     1
20   24  42     1
21   25  30     1
22   26  40     1
23   26  44     1
24   27  44     1
25   28  42     1
26   28  44     1
27   29  40     1
28   32  44     1
29   35  42     1
30   35  44     1
End
