P-1	0 T0 103 
P-1	4 T1 21 
P-1	6 T2 32 
P-1	10 T3 22 
P-1	10 T4 32 
P-1	12 T5 28 
P0	13 T6 20 
P-1	13 T7 22 
P-1	14 T8 21 
P1	14 T9 24 
P2	15 T10 18 
P-1	17 T11 28 
P0	21 T12 32 
P2	21 T13 33 
P1	27 T14 32 
P-1	29 T15 58 
P-1	29 T16 68 
P-1	31 T17 53 
P-1	33 T18 51 
P-1	36 T19 47 
P0	36 T20 54 
P1	37 T21 49 
P2	45 T22 55 
P0	57 T23 63 
P1	58 T24 68 
P2	61 T25 69 
P-1	63 T26 84 
P0	71 T27 86 
P1	75 T28 101 
P2	84 T29 93 
P0	100 T30 102 
NMec = 2020
Viable Sol. = 18377128
Profit = 16
T = 31
P = 3
Profits ignored
Solution time = 1.299e-01
Task data
00    0 103     1
01    4  21     1
02    6  32     1
03   10  22     1
04   10  32     1
05   12  28     1
06   13  20     1
07   13  22     1
08   14  21     1
09   14  24     1
10   15  18     1
11   17  28     1
12   21  32     1
13   21  33     1
14   27  32     1
15   29  58     1
16   29  68     1
17   31  53     1
18   33  51     1
19   36  47     1
20   36  54     1
21   37  49     1
22   45  55     1
23   57  63     1
24   58  68     1
25   61  69     1
26   63  84     1
27   71  86     1
28   75 101     1
29   84  93     1
30  100 102     1
End
