P-1	0 T0 15 
P0	0 T1 15 
P1	0 T2 22 
P-1	2 T3 29 
P2	4 T4 15 
P3	4 T5 16 
P4	5 T6 11 
P5	8 T7 15 
P6	8 T8 16 
P-1	8 T9 32 
P7	9 T10 23 
P-1	9 T11 27 
P-1	9 T12 36 
P-1	10 T13 29 
P4	13 T14 18 
P-1	13 T15 27 
P-1	14 T16 25 
P-1	14 T17 28 
P-1	15 T18 34 
P-1	17 T19 25 
P-1	17 T20 29 
P0	19 T21 26 
P2	22 T22 25 
P3	22 T23 33 
P1	23 T24 29 
P4	23 T25 37 
P5	24 T26 28 
P6	24 T27 29 
P7	24 T28 34 
P0	28 T29 35 
P2	29 T30 36 
NMec = 2020
Viable Sol. = 424320359
Profit = 19
T = 31
P = 8
Profits ignored
Solution time = 3.834e+00
Task data
00    0  15     1
01    0  15     1
02    0  22     1
03    2  29     1
04    4  15     1
05    4  16     1
06    5  11     1
07    8  15     1
08    8  16     1
09    8  32     1
10    9  23     1
11    9  27     1
12    9  36     1
13   10  29     1
14   13  18     1
15   13  27     1
16   14  25     1
17   14  28     1
18   15  34     1
19   17  25     1
20   17  29     1
21   19  26     1
22   22  25     1
23   22  33     1
24   23  29     1
25   23  37     1
26   24  28     1
27   24  29     1
28   24  34     1
29   28  35     1
30   29  36     1
End
