P-1	1 T0 59 
P-1	4 T1 23 
P-1	6 T2 19 
P-1	7 T3 43 
P0	8 T4 12 
P-1	8 T5 18 
P-1	9 T6 24 
P1	11 T7 20 
P2	11 T8 22 
P3	11 T9 22 
P0	15 T10 30 
P-1	16 T11 36 
P4	18 T12 30 
P1	25 T13 35 
P-1	25 T14 44 
P-1	25 T15 47 
P-1	28 T16 47 
P2	29 T17 39 
P3	29 T18 44 
P0	33 T19 40 
P-1	33 T20 49 
P4	34 T21 41 
P-1	35 T22 47 
P-1	36 T23 47 
P-1	36 T24 48 
P-1	38 T25 55 
P1	39 T26 52 
P0	42 T27 56 
P2	45 T28 58 
P3	46 T29 60 
P4	47 T30 51 
NMec = 2020
Viable Sol. = 86098890
Profit = 16
T = 31
P = 5
Profits ignored
Solution time = 8.269e-01
Task data
00    1  59     1
01    4  23     1
02    6  19     1
03    7  43     1
04    8  12     1
05    8  18     1
06    9  24     1
07   11  20     1
08   11  22     1
09   11  22     1
10   15  30     1
11   16  36     1
12   18  30     1
13   25  35     1
14   25  44     1
15   25  47     1
16   28  47     1
17   29  39     1
18   29  44     1
19   33  40     1
20   33  49     1
21   34  41     1
22   35  47     1
23   36  47     1
24   36  48     1
25   38  55     1
26   39  52     1
27   42  56     1
28   45  58     1
29   46  60     1
30   47  51     1
End
