P0	0 T0 13 
P1	1 T1 50 
P2	2 T2 12 
P3	2 T3 22 
P4	5 T4 11 
P-1	6 T5 13 
P-1	8 T6 13 
P5	8 T7 28 
P-1	10 T8 13 
P-1	11 T9 28 
P-1	13 T10 27 
P0	14 T11 25 
P2	14 T12 35 
P4	16 T13 17 
P-1	18 T14 40 
P-1	20 T15 41 
P-1	21 T16 38 
P4	21 T17 46 
P-1	22 T18 32 
P3	24 T19 36 
P-1	26 T20 35 
P0	26 T21 45 
P-1	28 T22 40 
P-1	29 T23 38 
P5	32 T24 38 
P-1	37 T25 45 
P2	37 T26 46 
P3	37 T27 46 
P-1	38 T28 44 
P5	40 T29 51 
P-1	44 T30 50 
NMec = 2020
Viable Sol. = 487699256
Profit = 43456
T = 31
P = 6
Profits not ignored
Solution time = 4.779e+00
Task data
00    0  13  2351
01    1  50  9906
02    2  12  1668
03    2  22  1827
04    5  11  1224
05    6  13   921
06    8  13  1013
07    8  28  4791
08   10  13   947
09   11  28  2557
10   13  27  1391
11   14  25  1189
12   14  35  4602
13   16  17   251
14   18  40  2529
15   20  41  2709
16   21  38  2076
17   21  46  3360
18   22  32  1479
19   24  36   877
20   26  35   698
21   26  45  4231
22   28  40  1178
23   29  38  1007
24   32  38  1070
25   37  45   962
26   37  46  2015
27   37  46  2867
28   38  44   494
29   40  51  1227
30   44  50   587
End
