P0	3 T0 20 
P-1	7 T1 33 
P1	11 T2 30 
P-1	12 T3 129 
P-1	22 T4 140 
P0	29 T5 39 
P-1	35 T6 60 
P-1	38 T7 55 
P-1	44 T8 67 
P-1	47 T9 63 
P-1	48 T10 57 
P-1	51 T11 79 
P-1	52 T12 67 
P-1	53 T13 63 
P0	53 T14 68 
P1	55 T15 73 
P-1	60 T16 79 
P0	76 T17 93 
P1	79 T18 85 
P0	100 T19 103 
P1	101 T20 118 
P-1	102 T21 126 
P0	110 T22 124 
P-1	110 T23 125 
P-1	111 T24 127 
P-1	116 T25 126 
P-1	117 T26 134 
P1	119 T27 138 
P0	125 T28 129 
P0	143 T29 146 
P0	147 T30 148 
NMec = 2020
Viable Sol. = 1976496
Profit = 14
T = 31
P = 2
Profits ignored
Solution time = 1.501e-02
Task data
00    3  20     1
01    7  33     1
02   11  30     1
03   12 129     1
04   22 140     1
05   29  39     1
06   35  60     1
07   38  55     1
08   44  67     1
09   47  63     1
10   48  57     1
11   51  79     1
12   52  67     1
13   53  63     1
14   53  68     1
15   55  73     1
16   60  79     1
17   76  93     1
18   79  85     1
19  100 103     1
20  101 118     1
21  102 126     1
22  110 124     1
23  110 125     1
24  111 127     1
25  116 126     1
26  117 134     1
27  119 138     1
28  125 129     1
29  143 146     1
30  147 148     1
End
