P0	10 T0 18 
P-1	18 T1 30 
P-1	20 T2 23 
P0	21 T3 31 
P1	23 T4 27 
P-1	23 T5 156 
P-1	25 T6 63 
P1	29 T7 37 
P-1	39 T8 50 
P-1	42 T9 56 
P0	43 T10 49 
P1	47 T11 58 
P-1	56 T12 72 
P-1	60 T13 72 
P0	64 T14 82 
P1	67 T15 77 
P-1	76 T16 96 
P-1	76 T17 98 
P-1	78 T18 101 
P1	82 T19 83 
P-1	85 T20 91 
P0	87 T21 100 
P1	89 T22 98 
P-1	94 T23 111 
P-1	101 T24 111 
P-1	101 T25 115 
P0	108 T26 118 
P1	108 T27 124 
P0	123 T28 127 
P1	125 T29 142 
P0	138 T30 144 
P0	151 T31 156 
NMec = 2020
Viable Sol. = 45066032
Profit = 17
T = 32
P = 2
Profits ignored
Solution time = 3.117e-01
Task data
00   10  18     1
01   18  30     1
02   20  23     1
03   21  31     1
04   23  27     1
05   23 156     1
06   25  63     1
07   29  37     1
08   39  50     1
09   42  56     1
10   43  49     1
11   47  58     1
12   56  72     1
13   60  72     1
14   64  82     1
15   67  77     1
16   76  96     1
17   76  98     1
18   78 101     1
19   82  83     1
20   85  91     1
21   87 100     1
22   89  98     1
23   94 111     1
24  101 111     1
25  101 115     1
26  108 118     1
27  108 124     1
28  123 127     1
29  125 142     1
30  138 144     1
31  151 156     1
End
