P-1	0 T0 6 
P0	1 T1 5 
P1	2 T2 5 
P2	2 T3 10 
P-1	2 T4 38 
P3	3 T5 4 
P4	3 T6 6 
P-1	3 T7 14 
P-1	4 T8 14 
P5	4 T9 16 
P3	5 T10 9 
P6	5 T11 13 
P7	5 T12 26 
P0	6 T13 20 
P-1	6 T14 30 
P1	8 T15 19 
P-1	8 T16 37 
P4	9 T17 24 
P3	10 T18 22 
P-1	11 T19 28 
P2	12 T20 23 
P5	17 T21 19 
P-1	17 T22 34 
P-1	17 T23 35 
P1	20 T24 29 
P5	20 T25 36 
P0	21 T26 29 
P3	23 T27 32 
P6	23 T28 34 
P2	25 T29 32 
P4	25 T30 35 
P7	27 T31 30 
NMec = 2020
Viable Sol. = 2288218222
Profit = 23
T = 32
P = 8
Profits ignored
Solution time = 2.277e+01
Task data
00    0   6     1
01    1   5     1
02    2   5     1
03    2  10     1
04    2  38     1
05    3   4     1
06    3   6     1
07    3  14     1
08    4  14     1
09    4  16     1
10    5   9     1
11    5  13     1
12    5  26     1
13    6  20     1
14    6  30     1
15    8  19     1
16    8  37     1
17    9  24     1
18   10  22     1
19   11  28     1
20   12  23     1
21   17  19     1
22   17  34     1
23   17  35     1
24   20  29     1
25   20  36     1
26   21  29     1
27   23  32     1
28   23  34     1
29   25  32     1
30   25  35     1
31   27  30     1
End
