P0	0 T0 4 
P1	1 T1 14 
P2	2 T2 17 
P3	3 T3 9 
P4	3 T4 17 
P-1	3 T5 18 
P-1	3 T6 21 
P0	6 T7 19 
P5	6 T8 19 
P6	7 T9 16 
P7	8 T10 16 
P-1	8 T11 30 
P8	9 T12 18 
P-1	9 T13 25 
P3	10 T14 15 
P-1	10 T15 30 
P-1	11 T16 29 
P-1	12 T17 33 
P1	16 T18 28 
P3	17 T19 22 
P6	17 T20 25 
P-1	17 T21 32 
P7	17 T22 32 
P2	18 T23 33 
P4	18 T24 35 
P0	20 T25 25 
P5	20 T26 33 
P8	21 T27 33 
P3	25 T28 33 
P0	26 T29 34 
P6	28 T30 34 
P1	32 T31 35 
NMec = 2020
Viable Sol. = 2219093396
Profit = 24
T = 32
P = 9
Profits ignored
Solution time = 1.830e+01
Task data
00    0   4     1
01    1  14     1
02    2  17     1
03    3   9     1
04    3  17     1
05    3  18     1
06    3  21     1
07    6  19     1
08    6  19     1
09    7  16     1
10    8  16     1
11    8  30     1
12    9  18     1
13    9  25     1
14   10  15     1
15   10  30     1
16   11  29     1
17   12  33     1
18   16  28     1
19   17  22     1
20   17  25     1
21   17  32     1
22   17  32     1
23   18  33     1
24   18  35     1
25   20  25     1
26   20  33     1
27   21  33     1
28   25  33     1
29   26  34     1
30   28  34     1
31   32  35     1
End
