P0	4 T0 24 
P-1	20 T1 34 
P-1	15 T2 39 
P-1	21 T3 45 
P0	39 T4 46 
P-1	39 T5 52 
P-1	41 T6 52 
P-1	43 T7 52 
P0	57 T8 62 
P0	64 T9 66 
P0	118 T10 130 
P0	142 T11 148 
P-1	140 T12 149 
P-1	134 T13 153 
P-1	147 T14 167 
P-1	13 T15 193 
P0	189 T16 199 
P0	228 T17 240 
P-1	225 T18 245 
P-1	236 T19 248 
P0	245 T20 248 
P-1	232 T21 254 
P-1	246 T22 269 
P0	265 T23 269 
P0	278 T24 291 
P-1	5 T25 293 
P0	292 T26 299 
P-1	282 T27 300 
P-1	292 T28 304 
P-1	297 T29 307 
P-1	8 T30 316 
P-1	182 T31 318 
NMec = 2020
Viable Sol. = 0
Profit = 12
T = 32
P = 1
Profits ignored
Solution time = 6.732e-06
Task data
00    4  24     1
01   20  34     1
02   15  39     1
03   21  45     1
04   39  46     1
05   39  52     1
06   41  52     1
07   43  52     1
08   57  62     1
09   64  66     1
10  118 130     1
11  142 148     1
12  140 149     1
13  134 153     1
14  147 167     1
15   13 193     1
16  189 199     1
17  228 240     1
18  225 245     1
19  236 248     1
20  245 248     1
21  232 254     1
22  246 269     1
23  265 269     1
24  278 291     1
25    5 293     1
26  292 299     1
27  282 300     1
28  292 304     1
29  297 307     1
30    8 316     1
31  182 318     1
End
