P-1	1 T0 45 
P-1	2 T1 17 
P-1	2 T2 19 
P-1	2 T3 37 
P-1	3 T4 25 
P-1	3 T5 25 
P-1	4 T6 23 
P-1	5 T7 31 
P0	6 T8 12 
P1	7 T9 18 
P-1	8 T10 43 
P-1	10 T11 41 
P2	11 T12 25 
P0	13 T13 24 
P3	14 T14 24 
P4	14 T15 32 
P5	16 T16 33 
P6	17 T17 21 
P-1	18 T18 43 
P1	19 T19 28 
P6	22 T20 29 
P-1	24 T21 38 
P0	26 T22 29 
P2	27 T23 29 
P3	27 T24 36 
P1	29 T25 45 
P0	31 T26 41 
P2	32 T27 40 
P4	36 T28 42 
P5	36 T29 43 
P3	38 T30 39 
P6	38 T31 45 
NMec = 2020
Viable Sol. = 706715319
Profit = 20
T = 32
P = 7
Profits ignored
Solution time = 6.312e+00
Task data
00    1  45     1
01    2  17     1
02    2  19     1
03    2  37     1
04    3  25     1
05    3  25     1
06    4  23     1
07    5  31     1
08    6  12     1
09    7  18     1
10    8  43     1
11   10  41     1
12   11  25     1
13   13  24     1
14   14  24     1
15   14  32     1
16   16  33     1
17   17  21     1
18   18  43     1
19   19  28     1
20   22  29     1
21   24  38     1
22   26  29     1
23   27  29     1
24   27  36     1
25   29  45     1
26   31  41     1
27   32  40     1
28   36  42     1
29   36  43     1
30   38  39     1
31   38  45     1
End
