P-1	0 T0 61 
P-1	2 T1 52 
P-1	8 T2 33 
P-1	10 T3 24 
P-1	10 T4 29 
P-1	10 T5 30 
P-1	12 T6 24 
P-1	13 T7 19 
P-1	13 T8 29 
P0	15 T9 28 
P1	16 T10 19 
P2	16 T11 32 
P3	16 T12 34 
P4	18 T13 26 
P1	20 T14 47 
P-1	24 T15 60 
P4	27 T16 41 
P-1	29 T17 53 
P0	32 T18 39 
P-1	32 T19 50 
P-1	39 T20 50 
P-1	40 T21 53 
P0	43 T22 49 
P-1	46 T23 57 
P-1	46 T24 60 
P-1	46 T25 62 
P1	48 T26 50 
P2	48 T27 58 
P3	49 T28 58 
P0	50 T29 53 
P4	50 T30 57 
P1	51 T31 61 
NMec = 2020
Viable Sol. = 105155468
Profit = 15
T = 32
P = 5
Profits ignored
Solution time = 1.094e+00
Task data
00    0  61     1
01    2  52     1
02    8  33     1
03   10  24     1
04   10  29     1
05   10  30     1
06   12  24     1
07   13  19     1
08   13  29     1
09   15  28     1
10   16  19     1
11   16  32     1
12   16  34     1
13   18  26     1
14   20  47     1
15   24  60     1
16   27  41     1
17   29  53     1
18   32  39     1
19   32  50     1
20   39  50     1
21   40  53     1
22   43  49     1
23   46  57     1
24   46  60     1
25   46  62     1
26   48  50     1
27   48  58     1
28   49  58     1
29   50  53     1
30   50  57     1
31   51  61     1
End
