P0	0 T0 10 
P1	1 T1 19 
P-1	1 T2 26 
P2	3 T3 8 
P3	3 T4 11 
P4	3 T5 11 
P5	3 T6 18 
P-1	3 T7 21 
P-1	5 T8 22 
P-1	5 T9 24 
P-1	6 T10 23 
P-1	6 T11 27 
P-1	7 T12 21 
P-1	7 T13 23 
P-1	7 T14 29 
P6	8 T15 13 
P2	9 T16 10 
P-1	9 T17 22 
P7	9 T18 29 
P8	10 T19 24 
P0	11 T20 28 
P2	12 T21 15 
P3	12 T22 28 
P4	14 T23 23 
P6	14 T24 26 
P2	16 T25 22 
P9	18 T26 25 
P1	20 T27 29 
P5	21 T28 29 
P2	25 T29 28 
P4	26 T30 29 
P6	27 T31 30 
NMec = 2020
Viable Sol. = 1918594524
Profit = 22
T = 32
P = 10
Profits ignored
Solution time = 1.549e+01
Task data
00    0  10     1
01    1  19     1
02    1  26     1
03    3   8     1
04    3  11     1
05    3  11     1
06    3  18     1
07    3  21     1
08    5  22     1
09    5  24     1
10    6  23     1
11    6  27     1
12    7  21     1
13    7  23     1
14    7  29     1
15    8  13     1
16    9  10     1
17    9  22     1
18    9  29     1
19   10  24     1
20   11  28     1
21   12  15     1
22   12  28     1
23   14  23     1
24   14  26     1
25   16  22     1
26   18  25     1
27   20  29     1
28   21  29     1
29   25  28     1
30   26  29     1
31   27  30     1
End
