P-1	1 T0 44 
P-1	2 T1 9 
P-1	2 T2 54 
P0	3 T3 11 
P-1	3 T4 18 
P1	4 T5 12 
P-1	4 T6 53 
P2	5 T7 13 
P3	5 T8 21 
P4	6 T9 11 
P-1	6 T10 23 
P-1	6 T11 52 
P5	7 T12 20 
P-1	11 T13 38 
P-1	12 T14 23 
P0	13 T15 27 
P1	14 T16 22 
P2	14 T17 25 
P-1	14 T18 36 
P4	15 T19 25 
P5	21 T20 30 
P3	22 T21 27 
P1	23 T22 33 
P-1	28 T23 37 
P-1	30 T24 40 
P0	30 T25 48 
P2	31 T26 47 
P3	33 T27 43 
P4	33 T28 45 
P1	34 T29 40 
P5	35 T30 44 
P1	42 T31 54 
P3	47 T32 51 
NMec = 2020
Viable Sol. = 942994315
Profit = 21
T = 33
P = 6
Profits ignored
Solution time = 7.525e+00
Task data
00    1  44     1
01    2   9     1
02    2  54     1
03    3  11     1
04    3  18     1
05    4  12     1
06    4  53     1
07    5  13     1
08    5  21     1
09    6  11     1
10    6  23     1
11    6  52     1
12    7  20     1
13   11  38     1
14   12  23     1
15   13  27     1
16   14  22     1
17   14  25     1
18   14  36     1
19   15  25     1
20   21  30     1
21   22  27     1
22   23  33     1
23   28  37     1
24   30  40     1
25   30  48     1
26   31  47     1
27   33  43     1
28   33  45     1
29   34  40     1
30   35  44     1
31   42  54     1
32   47  51     1
End
