P0	1 T0 9 
P1	2 T1 14 
P-1	4 T2 29 
P2	6 T3 9 
P-1	7 T4 78 
P-1	9 T5 19 
P-1	11 T6 30 
P-1	13 T7 67 
P-1	14 T8 24 
P-1	14 T9 24 
P0	14 T10 26 
P1	16 T11 36 
P2	18 T12 22 
P3	18 T13 25 
P-1	20 T14 81 
P2	23 T15 39 
P0	31 T16 42 
P-1	37 T17 56 
P-1	38 T18 59 
P1	39 T19 43 
P2	40 T20 50 
P3	41 T21 54 
P0	43 T22 53 
P-1	46 T23 69 
P1	47 T24 63 
P2	53 T25 60 
P-1	57 T26 73 
P0	58 T27 77 
P3	59 T28 73 
P2	61 T29 62 
P1	67 T30 72 
P2	70 T31 76 
P1	74 T32 75 
NMec = 2020
Viable Sol. = 423179144
Profit = 21
T = 33
P = 4
Profits ignored
Solution time = 3.139e+00
Task data
00    1   9     1
01    2  14     1
02    4  29     1
03    6   9     1
04    7  78     1
05    9  19     1
06   11  30     1
07   13  67     1
08   14  24     1
09   14  24     1
10   14  26     1
11   16  36     1
12   18  22     1
13   18  25     1
14   20  81     1
15   23  39     1
16   31  42     1
17   37  56     1
18   38  59     1
19   39  43     1
20   40  50     1
21   41  54     1
22   43  53     1
23   46  69     1
24   47  63     1
25   53  60     1
26   57  73     1
27   58  77     1
28   59  73     1
29   61  62     1
30   67  72     1
31   70  76     1
32   74  75     1
End
