P0	1 T0 13 
P1	2 T1 13 
P-1	2 T2 59 
P2	5 T3 11 
P3	5 T4 12 
P-1	5 T5 24 
P-1	9 T6 19 
P-1	9 T7 25 
P-1	10 T8 18 
P4	10 T9 20 
P2	12 T10 20 
P3	13 T11 20 
P-1	13 T12 35 
P-1	14 T13 39 
P0	17 T14 27 
P1	18 T15 37 
P2	21 T16 26 
P0	28 T17 36 
P-1	30 T18 45 
P2	31 T19 44 
P3	32 T20 47 
P-1	32 T21 56 
P4	33 T22 41 
P-1	34 T23 49 
P-1	37 T24 54 
P0	40 T25 49 
P1	41 T26 54 
P-1	44 T27 62 
P2	45 T28 61 
P4	47 T29 55 
P3	49 T30 59 
P0	51 T31 63 
P1	55 T32 65 
NMec = 2020
Viable Sol. = 934993996
Profit = 21
T = 33
P = 5
Profits ignored
Solution time = 8.368e+00
Task data
00    1  13     1
01    2  13     1
02    2  59     1
03    5  11     1
04    5  12     1
05    5  24     1
06    9  19     1
07    9  25     1
08   10  18     1
09   10  20     1
10   12  20     1
11   13  20     1
12   13  35     1
13   14  39     1
14   17  27     1
15   18  37     1
16   21  26     1
17   28  36     1
18   30  45     1
19   31  44     1
20   32  47     1
21   32  56     1
22   33  41     1
23   34  49     1
24   37  54     1
25   40  49     1
26   41  54     1
27   44  62     1
28   45  61     1
29   47  55     1
30   49  59     1
31   51  63     1
32   55  65     1
End
