P-1	0 T0 17 
P0	1 T1 2 
P1	1 T2 15 
P2	1 T3 16 
P3	2 T4 5 
P0	5 T5 21 
P-1	6 T6 45 
P3	7 T7 14 
P4	7 T8 26 
P-1	9 T9 37 
P-1	9 T10 45 
P-1	10 T11 30 
P5	12 T12 23 
P-1	13 T13 29 
P6	14 T14 24 
P-1	16 T15 27 
P-1	16 T16 32 
P1	20 T17 25 
P2	20 T18 32 
P-1	21 T19 41 
P-1	22 T20 46 
P-1	23 T21 41 
P-1	23 T22 42 
P0	26 T23 28 
P1	26 T24 37 
P3	26 T25 40 
P5	26 T26 43 
P4	27 T27 30 
P6	27 T28 36 
P0	34 T29 40 
P2	34 T30 47 
P4	35 T31 45 
P0	43 T32 46 
NMec = 2020
Viable Sol. = 1326783632
Profit = 21
T = 33
P = 7
Profits ignored
Solution time = 1.079e+01
Task data
00    0  17     1
01    1   2     1
02    1  15     1
03    1  16     1
04    2   5     1
05    5  21     1
06    6  45     1
07    7  14     1
08    7  26     1
09    9  37     1
10    9  45     1
11   10  30     1
12   12  23     1
13   13  29     1
14   14  24     1
15   16  27     1
16   16  32     1
17   20  25     1
18   20  32     1
19   21  41     1
20   22  46     1
21   23  41     1
22   23  42     1
23   26  28     1
24   26  37     1
25   26  40     1
26   26  43     1
27   27  30     1
28   27  36     1
29   34  40     1
30   34  47     1
31   35  45     1
32   43  46     1
End
