P0	0 T0 2 
P0	4 T1 19 
P-1	5 T2 90 
P-1	5 T3 97 
P-1	9 T4 33 
P-1	11 T5 25 
P1	16 T6 18 
P1	19 T7 39 
P0	21 T8 23 
P-1	21 T9 48 
P2	22 T10 23 
P0	29 T11 40 
P2	30 T12 35 
P-1	42 T13 89 
P0	44 T14 49 
P1	45 T15 59 
P2	48 T16 55 
P-1	50 T17 68 
P-1	55 T18 81 
P0	58 T19 69 
P2	59 T20 66 
P1	60 T21 71 
P2	68 T22 74 
P-1	70 T23 92 
P0	76 T24 82 
P1	81 T25 87 
P2	81 T26 91 
P-1	86 T27 112 
P-1	89 T28 106 
P-1	94 T29 106 
P0	95 T30 101 
P1	96 T31 98 
P2	97 T32 111 
P1	101 T33 103 
NMec = 2020
Viable Sol. = 533169682
Profit = 22
T = 34
P = 3
Profits ignored
Solution time = 4.413e+00
Task data
00    0   2     1
01    4  19     1
02    5  90     1
03    5  97     1
04    9  33     1
05   11  25     1
06   16  18     1
07   19  39     1
08   21  23     1
09   21  48     1
10   22  23     1
11   29  40     1
12   30  35     1
13   42  89     1
14   44  49     1
15   45  59     1
16   48  55     1
17   50  68     1
18   55  81     1
19   58  69     1
20   59  66     1
21   60  71     1
22   68  74     1
23   70  92     1
24   76  82     1
25   81  87     1
26   81  91     1
27   86 112     1
28   89 106     1
29   94 106     1
30   95 101     1
31   96  98     1
32   97 111     1
33  101 103     1
End
