P-1	0 T0 11 
P-1	0 T1 14 
P0	2 T2 14 
P1	2 T3 15 
P2	3 T4 4 
P-1	3 T5 19 
P-1	4 T6 17 
P-1	5 T7 18 
P-1	6 T8 47 
P2	7 T9 13 
P3	8 T10 23 
P4	9 T11 18 
P5	9 T12 18 
P-1	9 T13 33 
P6	10 T14 17 
P-1	12 T15 25 
P-1	13 T16 26 
P-1	14 T17 30 
P-1	15 T18 34 
P0	17 T19 25 
P1	17 T20 26 
P2	17 T21 28 
P-1	18 T22 34 
P4	21 T23 23 
P5	21 T24 30 
P-1	21 T25 36 
P6	23 T26 35 
P3	24 T27 31 
P4	24 T28 37 
P0	26 T29 41 
P1	29 T30 47 
P2	31 T31 41 
P5	31 T32 45 
P3	32 T33 46 
NMec = 2020
Viable Sol. = 3009107690
Profit = 21
T = 34
P = 7
Profits ignored
Solution time = 2.817e+01
Task data
00    0  11     1
01    0  14     1
02    2  14     1
03    2  15     1
04    3   4     1
05    3  19     1
06    4  17     1
07    5  18     1
08    6  47     1
09    7  13     1
10    8  23     1
11    9  18     1
12    9  18     1
13    9  33     1
14   10  17     1
15   12  25     1
16   13  26     1
17   14  30     1
18   15  34     1
19   17  25     1
20   17  26     1
21   17  28     1
22   18  34     1
23   21  23     1
24   21  30     1
25   21  36     1
26   23  35     1
27   24  31     1
28   24  37     1
29   26  41     1
30   29  47     1
31   31  41     1
32   31  45     1
33   32  46     1
End
