P-1	1 T0 16 
P-1	1 T1 63 
P0	3 T2 11 
P-1	3 T3 54 
P1	4 T4 14 
P2	5 T5 17 
P-1	6 T6 30 
P3	9 T7 21 
P-1	9 T8 30 
P4	10 T9 18 
P-1	11 T10 61 
P-1	14 T11 23 
P0	16 T12 27 
P1	18 T13 23 
P2	18 T14 34 
P-1	20 T15 41 
P-1	21 T16 35 
P3	22 T17 27 
P4	22 T18 42 
P-1	26 T19 46 
P-1	27 T20 48 
P-1	28 T21 66 
P0	30 T22 38 
P1	30 T23 45 
P3	33 T24 36 
P2	35 T25 41 
P-1	35 T26 55 
P3	38 T27 52 
P0	40 T28 46 
P2	43 T29 57 
P4	44 T30 61 
P1	46 T31 50 
P0	54 T32 66 
P1	57 T33 64 
NMec = 2020
Viable Sol. = 699677504
Profit = 21
T = 34
P = 5
Profits ignored
Solution time = 6.623e+00
Task data
00    1  16     1
01    1  63     1
02    3  11     1
03    3  54     1
04    4  14     1
05    5  17     1
06    6  30     1
07    9  21     1
08    9  30     1
09   10  18     1
10   11  61     1
11   14  23     1
12   16  27     1
13   18  23     1
14   18  34     1
15   20  41     1
16   21  35     1
17   22  27     1
18   22  42     1
19   26  46     1
20   27  48     1
21   28  66     1
22   30  38     1
23   30  45     1
24   33  36     1
25   35  41     1
26   35  55     1
27   38  52     1
28   40  46     1
29   43  57     1
30   44  61     1
31   46  50     1
32   54  66     1
33   57  64     1
End
