P0	0 T0 11 
P-1	0 T1 22 
P-1	2 T2 22 
P-1	2 T3 23 
P-1	2 T4 27 
P1	3 T5 8 
P2	3 T6 20 
P3	4 T7 13 
P4	4 T8 20 
P5	4 T9 20 
P-1	4 T10 29 
P-1	4 T11 30 
P6	5 T12 12 
P7	6 T13 19 
P-1	8 T14 28 
P1	10 T15 19 
P-1	12 T16 29 
P-1	12 T17 36 
P0	13 T18 25 
P-1	13 T19 29 
P-1	13 T20 37 
P3	15 T21 26 
P6	18 T22 30 
P8	19 T23 37 
P1	21 T24 31 
P2	24 T25 32 
P4	24 T26 33 
P5	25 T27 32 
P7	25 T28 33 
P0	26 T29 37 
P3	29 T30 37 
P6	31 T31 36 
P1	32 T32 37 
P2	34 T33 35 
NMec = 2020
Viable Sol. = 5781711586
Profit = 23
T = 34
P = 9
Profits ignored
Solution time = 4.376e+01
Task data
00    0  11     1
01    0  22     1
02    2  22     1
03    2  23     1
04    2  27     1
05    3   8     1
06    3  20     1
07    4  13     1
08    4  20     1
09    4  20     1
10    4  29     1
11    4  30     1
12    5  12     1
13    6  19     1
14    8  28     1
15   10  19     1
16   12  29     1
17   12  36     1
18   13  25     1
19   13  29     1
20   13  37     1
21   15  26     1
22   18  30     1
23   19  37     1
24   21  31     1
25   24  32     1
26   24  33     1
27   25  32     1
28   25  33     1
29   26  37     1
30   29  37     1
31   31  36     1
32   32  37     1
33   34  35     1
End
