P0	9 T0 19 
P-1	16 T1 20 
P0	20 T2 38 
P-1	34 T3 47 
P0	39 T4 54 
P0	60 T5 64 
P0	74 T6 86 
P-1	75 T7 87 
P-1	78 T8 88 
P-1	85 T9 100 
P0	94 T10 101 
P-1	101 T11 111 
P-1	99 T12 124 
P0	128 T13 137 
P-1	130 T14 158 
P0	147 T15 161 
P0	183 T16 187 
P0	190 T17 193 
P-1	184 T18 198 
P-1	28 T19 204 
P0	207 T20 224 
P0	227 T21 232 
P-1	220 T22 233 
P-1	217 T23 240 
P0	264 T24 266 
P-1	265 T25 273 
P-1	263 T26 279 
P0	283 T27 291 
P-1	288 T28 299 
P-1	246 T29 301 
P0	315 T30 320 
P-1	10 T31 327 
P-1	5 T32 328 
P-1	308 T33 331 
NMec = 2020
Viable Sol. = 0
Profit = 15
T = 34
P = 1
Profits ignored
Solution time = 2.340e-05
Task data
00    9  19     1
01   16  20     1
02   20  38     1
03   34  47     1
04   39  54     1
05   60  64     1
06   74  86     1
07   75  87     1
08   78  88     1
09   85 100     1
10   94 101     1
11  101 111     1
12   99 124     1
13  128 137     1
14  130 158     1
15  147 161     1
16  183 187     1
17  190 193     1
18  184 198     1
19   28 204     1
20  207 224     1
21  227 232     1
22  220 233     1
23  217 240     1
24  264 266     1
25  265 273     1
26  263 279     1
27  283 291     1
28  288 299     1
29  246 301     1
30  315 320     1
31   10 327     1
32    5 328     1
33  308 331     1
End
