P-1	0 T0 16 
P0	0 T1 17 
P-1	0 T2 21 
P-1	0 T3 30 
P1	1 T4 12 
P-1	1 T5 23 
P-1	1 T6 24 
P-1	1 T7 31 
P2	2 T8 17 
P-1	2 T9 22 
P-1	2 T10 22 
P-1	2 T11 25 
P3	4 T12 12 
P4	5 T13 12 
P5	6 T14 18 
P-1	6 T15 27 
P-1	6 T16 27 
P6	7 T17 16 
P7	8 T18 18 
P8	9 T19 11 
P9	10 T20 19 
P-1	11 T21 21 
P1	13 T22 23 
P3	13 T23 26 
P4	14 T24 21 
P8	15 T25 32 
P6	17 T26 20 
P0	18 T27 20 
P2	19 T28 22 
P5	19 T29 28 
P7	20 T30 26 
P9	20 T31 29 
P0	23 T32 32 
P1	24 T33 26 
NMec = 2020
Viable Sol. = 4304147434
Profit = 22
T = 34
P = 10
Profits ignored
Solution time = 3.596e+01
Task data
00    0  16     1
01    0  17     1
02    0  21     1
03    0  30     1
04    1  12     1
05    1  23     1
06    1  24     1
07    1  31     1
08    2  17     1
09    2  22     1
10    2  22     1
11    2  25     1
12    4  12     1
13    5  12     1
14    6  18     1
15    6  27     1
16    6  27     1
17    7  16     1
18    8  18     1
19    9  11     1
20   10  19     1
21   11  21     1
22   13  23     1
23   13  26     1
24   14  21     1
25   15  32     1
26   17  20     1
27   18  20     1
28   19  22     1
29   19  28     1
30   20  26     1
31   20  29     1
32   23  32     1
33   24  26     1
End
