P0	0 T0 4 
P1	1 T1 5 
P2	1 T2 6 
P3	2 T3 3 
P4	2 T4 11 
P5	2 T5 20 
P-1	2 T6 37 
P-1	4 T7 25 
P0	5 T8 16 
P3	5 T9 20 
P-1	5 T10 31 
P1	8 T11 17 
P-1	8 T12 35 
P2	9 T13 17 
P-1	9 T14 30 
P4	12 T15 22 
P-1	13 T16 23 
P-1	13 T17 31 
P-1	15 T18 30 
P-1	15 T19 34 
P-1	15 T20 34 
P-1	16 T21 29 
P-1	17 T22 37 
P0	18 T23 26 
P1	19 T24 24 
P2	20 T25 25 
P3	21 T26 31 
P5	21 T27 31 
P6	22 T28 32 
P7	22 T29 35 
P4	23 T30 32 
P8	23 T31 38 
P0	28 T32 36 
P1	30 T33 37 
P2	34 T34 35 
NMec = 2020
Viable Sol. = 9306351424
Profit = 23
T = 35
P = 9
Profits ignored
Solution time = 8.116e+01
Task data
00    0   4     1
01    1   5     1
02    1   6     1
03    2   3     1
04    2  11     1
05    2  20     1
06    2  37     1
07    4  25     1
08    5  16     1
09    5  20     1
10    5  31     1
11    8  17     1
12    8  35     1
13    9  17     1
14    9  30     1
15   12  22     1
16   13  23     1
17   13  31     1
18   15  30     1
19   15  34     1
20   15  34     1
21   16  29     1
22   17  37     1
23   18  26     1
24   19  24     1
25   20  25     1
26   21  31     1
27   21  31     1
28   22  32     1
29   22  35     1
30   23  32     1
31   23  38     1
32   28  36     1
33   30  37     1
34   34  35     1
End
