P-1	4 T0 17 
P-1	4 T1 19 
P0	6 T2 19 
P1	9 T3 21 
P2	11 T4 12 
P-1	12 T5 28 
P2	13 T6 24 
P-1	13 T7 34 
P-1	13 T8 41 
P3	14 T9 17 
P-1	14 T10 28 
P-1	15 T11 32 
P-1	17 T12 28 
P-1	17 T13 31 
P-1	18 T14 35 
P-1	18 T15 83 
P-1	19 T16 40 
P-1	20 T17 29 
P-1	20 T18 33 
P-1	20 T19 39 
P0	21 T20 31 
P-1	21 T21 36 
P1	22 T22 36 
P2	27 T23 41 
P3	28 T24 38 
P-1	28 T25 45 
P-1	32 T26 47 
P0	36 T27 45 
P1	38 T28 46 
P2	42 T29 47 
P3	45 T30 53 
P0	52 T31 69 
P1	57 T32 67 
P1	68 T33 85 
P0	70 T34 77 
NMec = 2020
Viable Sol. = 102968736
Profit = 17
T = 35
P = 4
Profits ignored
Solution time = 7.331e-01
Task data
00    4  17     1
01    4  19     1
02    6  19     1
03    9  21     1
04   11  12     1
05   12  28     1
06   13  24     1
07   13  34     1
08   13  41     1
09   14  17     1
10   14  28     1
11   15  32     1
12   17  28     1
13   17  31     1
14   18  35     1
15   18  83     1
16   19  40     1
17   20  29     1
18   20  33     1
19   20  39     1
20   21  31     1
21   21  36     1
22   22  36     1
23   27  41     1
24   28  38     1
25   28  45     1
26   32  47     1
27   36  45     1
28   38  46     1
29   42  47     1
30   45  53     1
31   52  69     1
32   57  67     1
33   68  85     1
34   70  77     1
End
