P-1	0 T0 64 
P0	1 T1 19 
P1	3 T2 8 
P-1	4 T3 57 
P-1	4 T4 68 
P1	9 T5 21 
P-1	10 T6 67 
P2	11 T7 17 
P3	13 T8 26 
P-1	13 T9 32 
P-1	15 T10 33 
P-1	15 T11 68 
P4	16 T12 30 
P-1	16 T13 58 
P-1	20 T14 37 
P-1	21 T15 46 
P-1	23 T16 37 
P-1	24 T17 36 
P0	24 T18 41 
P1	25 T19 33 
P2	25 T20 45 
P-1	27 T21 50 
P3	28 T22 45 
P1	34 T23 43 
P4	34 T24 45 
P-1	37 T25 52 
P-1	47 T26 54 
P-1	47 T27 59 
P0	47 T28 68 
P1	49 T29 53 
P2	49 T30 57 
P3	49 T31 68 
P4	50 T32 58 
P1	54 T33 65 
P2	65 T34 68 
NMec = 2020
Viable Sol. = 398552880
Profit = 19
T = 35
P = 5
Profits ignored
Solution time = 3.124e+00
Task data
00    0  64     1
01    1  19     1
02    3   8     1
03    4  57     1
04    4  68     1
05    9  21     1
06   10  67     1
07   11  17     1
08   13  26     1
09   13  32     1
10   15  33     1
11   15  68     1
12   16  30     1
13   16  58     1
14   20  37     1
15   21  46     1
16   23  37     1
17   24  36     1
18   24  41     1
19   25  33     1
20   25  45     1
21   27  50     1
22   28  45     1
23   34  43     1
24   34  45     1
25   37  52     1
26   47  54     1
27   47  59     1
28   47  68     1
29   49  53     1
30   49  57     1
31   49  68     1
32   50  58     1
33   54  65     1
34   65  68     1
End
