P0	78 T0 86 
P-1	79 T1 99 
P0	95 T2 99 
P-1	83 T3 100 
P-1	97 T4 115 
P0	109 T5 117 
P-1	113 T6 125 
P0	121 T7 134 
P0	139 T8 141 
P-1	132 T9 154 
P-1	132 T10 156 
P0	148 T11 170 
P0	172 T12 178 
P-1	175 T13 184 
P-1	176 T14 184 
P-1	170 T15 191 
P0	193 T16 208 
P-1	200 T17 209 
P-1	202 T18 211 
P-1	42 T19 212 
P0	217 T20 230 
P-1	225 T21 234 
P-1	213 T22 235 
P0	248 T23 250 
P-1	249 T24 253 
P0	263 T25 280 
P-1	271 T26 287 
P0	287 T27 291 
P-1	104 T28 297 
P0	299 T29 309 
P-1	297 T30 313 
P-1	18 T31 314 
P-1	309 T32 332 
P0	330 T33 348 
P-1	332 T34 348 
NMec = 2020
Viable Sol. = 0
Profit = 14
T = 35
P = 1
Profits ignored
Solution time = 6.433e-06
Task data
00   78  86     1
01   79  99     1
02   95  99     1
03   83 100     1
04   97 115     1
05  109 117     1
06  113 125     1
07  121 134     1
08  139 141     1
09  132 154     1
10  132 156     1
11  148 170     1
12  172 178     1
13  175 184     1
14  176 184     1
15  170 191     1
16  193 208     1
17  200 209     1
18  202 211     1
19   42 212     1
20  217 230     1
21  225 234     1
22  213 235     1
23  248 250     1
24  249 253     1
25  263 280     1
26  271 287     1
27  287 291     1
28  104 297     1
29  299 309     1
30  297 313     1
31   18 314     1
32  309 332     1
33  330 348     1
34  332 348     1
End
