P-1	0 T0 41 
P0	1 T1 8 
P1	6 T2 13 
P2	6 T3 25 
P-1	6 T4 37 
P-1	6 T5 43 
P3	7 T6 16 
P4	7 T7 19 
P5	8 T8 21 
P-1	8 T9 28 
P0	9 T10 10 
P-1	9 T11 29 
P0	11 T12 15 
P-1	12 T13 27 
P6	13 T14 19 
P1	14 T15 20 
P-1	14 T16 33 
P-1	15 T17 37 
P-1	16 T18 26 
P-1	17 T19 31 
P-1	17 T20 36 
P-1	19 T21 37 
P-1	20 T22 34 
P0	21 T23 22 
P-1	21 T24 32 
P1	21 T25 37 
P3	21 T26 38 
P0	23 T27 27 
P4	24 T28 30 
P5	25 T29 43 
P2	26 T30 30 
P6	26 T31 35 
P7	26 T32 43 
P0	28 T33 36 
P2	34 T34 43 
NMec = 2020
Viable Sol. = 3546659143
Profit = 21
T = 35
P = 8
Profits ignored
Solution time = 3.839e+01
Task data
00    0  41     1
01    1   8     1
02    6  13     1
03    6  25     1
04    6  37     1
05    6  43     1
06    7  16     1
07    7  19     1
08    8  21     1
09    8  28     1
10    9  10     1
11    9  29     1
12   11  15     1
13   12  27     1
14   13  19     1
15   14  20     1
16   14  33     1
17   15  37     1
18   16  26     1
19   17  31     1
20   17  36     1
21   19  37     1
22   20  34     1
23   21  22     1
24   21  32     1
25   21  37     1
26   21  38     1
27   23  27     1
28   24  30     1
29   25  43     1
30   26  30     1
31   26  35     1
32   26  43     1
33   28  36     1
34   34  43     1
End
