P0	0 T0 13 
P1	3 T1 8 
P-1	3 T2 20 
P-1	4 T3 41 
P-1	4 T4 49 
P-1	5 T5 19 
P-1	5 T6 28 
P-1	6 T7 27 
P2	7 T8 13 
P-1	8 T9 21 
P1	10 T10 18 
P-1	11 T11 36 
P3	12 T12 18 
P0	16 T13 22 
P-1	17 T14 27 
P2	17 T15 33 
P4	18 T16 20 
P5	18 T17 26 
P-1	18 T18 39 
P1	19 T19 32 
P-1	20 T20 37 
P3	21 T21 26 
P0	23 T22 35 
P4	23 T23 37 
P-1	24 T24 40 
P-1	24 T25 45 
P-1	28 T26 53 
P-1	31 T27 42 
P1	35 T28 44 
P2	35 T29 50 
P3	35 T30 56 
P0	37 T31 48 
P5	37 T32 54 
P4	38 T33 43 
P1	45 T34 54 
NMec = 2020
Viable Sol. = 1963851682
Profit = 20
T = 35
P = 6
Profits ignored
Solution time = 1.754e+01
Task data
00    0  13     1
01    3   8     1
02    3  20     1
03    4  41     1
04    4  49     1
05    5  19     1
06    5  28     1
07    6  27     1
08    7  13     1
09    8  21     1
10   10  18     1
11   11  36     1
12   12  18     1
13   16  22     1
14   17  27     1
15   17  33     1
16   18  20     1
17   18  26     1
18   18  39     1
19   19  32     1
20   20  37     1
21   21  26     1
22   23  35     1
23   23  37     1
24   24  40     1
25   24  45     1
26   28  53     1
27   31  42     1
28   35  44     1
29   35  50     1
30   35  56     1
31   37  48     1
32   37  54     1
33   38  43     1
34   45  54     1
End
