P0	0 T0 41 
P1	1 T1 8 
P2	6 T2 13 
P3	6 T3 25 
P4	6 T4 37 
P5	6 T5 43 
P6	7 T6 16 
P7	7 T7 19 
P-1	8 T8 21 
P-1	8 T9 28 
P1	9 T10 10 
P-1	9 T11 29 
P1	11 T12 15 
P-1	12 T13 27 
P-1	13 T14 19 
P-1	14 T15 20 
P-1	14 T16 33 
P2	15 T17 37 
P-1	16 T18 26 
P1	17 T19 31 
P6	17 T20 36 
P-1	19 T21 37 
P-1	20 T22 34 
P-1	21 T23 22 
P-1	21 T24 32 
P7	21 T25 37 
P-1	21 T26 38 
P-1	23 T27 27 
P-1	24 T28 30 
P-1	25 T29 43 
P-1	26 T30 30 
P-1	26 T31 35 
P3	26 T32 43 
P-1	28 T33 36 
P1	34 T34 43 
NMec = 2020
Viable Sol. = 3546659143
Profit = 48804
T = 35
P = 8
Profits not ignored
Solution time = 3.803e+01
Task data
00    0  41  5503
01    1   8  1424
02    6  13   550
03    6  25  3417
04    6  37  5443
05    6  43  4957
06    7  16  1802
07    7  19  3043
08    8  21  2188
09    8  28  2691
10    9  10   221
11    9  29  2851
12   11  15   874
13   12  27  2275
14   13  19  1405
15   14  20   807
16   14  33  2127
17   15  37  5981
18   16  26  2213
19   17  31  3386
20   17  36  5023
21   19  37  2383
22   20  34  1630
23   21  22   229
24   21  32  2380
25   21  37  3252
26   21  38  3220
27   23  27  1210
28   24  30  1362
29   25  43  1476
30   26  30  1430
31   26  35  1972
32   26  43  2249
33   28  36   761
34   34  43  1679
End
