P-1	0 T0 7 
P0	0 T1 10 
P1	0 T2 17 
P-1	0 T3 20 
P2	1 T4 6 
P-1	1 T5 34 
P3	2 T6 9 
P4	2 T7 16 
P5	2 T8 18 
P-1	2 T9 27 
P6	3 T10 10 
P7	4 T11 11 
P8	5 T12 14 
P9	5 T13 19 
P-1	5 T14 23 
P-1	6 T15 26 
P-1	6 T16 34 
P-1	7 T17 24 
P2	10 T18 18 
P-1	10 T19 22 
P-1	13 T20 28 
P0	13 T21 32 
P3	14 T22 22 
P6	14 T23 29 
P7	14 T24 32 
P4	17 T25 29 
P1	18 T26 21 
P8	18 T27 30 
P2	19 T28 32 
P5	20 T29 23 
P1	22 T30 28 
P9	22 T31 32 
P3	24 T32 31 
P5	28 T33 30 
P1	29 T34 31 
NMec = 2020
Viable Sol. = 16891596128
Profit = 25
T = 35
P = 10
Profits ignored
Solution time = 1.517e+02
Task data
00    0   7     1
01    0  10     1
02    0  17     1
03    0  20     1
04    1   6     1
05    1  34     1
06    2   9     1
07    2  16     1
08    2  18     1
09    2  27     1
10    3  10     1
11    4  11     1
12    5  14     1
13    5  19     1
14    5  23     1
15    6  26     1
16    6  34     1
17    7  24     1
18   10  18     1
19   10  22     1
20   13  28     1
21   13  32     1
22   14  22     1
23   14  29     1
24   14  32     1
25   17  29     1
26   18  21     1
27   18  30     1
28   19  32     1
29   20  23     1
30   22  28     1
31   22  32     1
32   24  31     1
33   28  30     1
34   29  31     1
End
