P0	1 T0 8 
P-1	1 T1 10 
P1	1 T2 17 
P-1	1 T3 22 
P2	2 T4 14 
P-1	3 T5 22 
P3	3 T6 25 
P4	6 T7 15 
P5	7 T8 10 
P6	7 T9 13 
P7	7 T10 18 
P8	8 T11 22 
P0	9 T12 22 
P5	11 T13 18 
P6	14 T14 23 
P-1	14 T15 26 
P-1	14 T16 27 
P-1	15 T17 26 
P-1	15 T18 29 
P-1	16 T19 38 
P1	18 T20 25 
P-1	18 T21 27 
P-1	18 T22 32 
P-1	18 T23 32 
P2	19 T24 23 
P-1	19 T25 27 
P4	21 T26 38 
P5	21 T27 39 
P7	22 T28 34 
P0	23 T29 37 
P2	24 T30 26 
P6	25 T31 34 
P8	25 T32 37 
P1	26 T33 35 
P3	26 T34 39 
P2	33 T35 37 
NMec = 2020
Viable Sol. = 21835730210
Profit = 24
T = 36
P = 9
Profits ignored
Solution time = 1.908e+02
Task data
00    1   8     1
01    1  10     1
02    1  17     1
03    1  22     1
04    2  14     1
05    3  22     1
06    3  25     1
07    6  15     1
08    7  10     1
09    7  13     1
10    7  18     1
11    8  22     1
12    9  22     1
13   11  18     1
14   14  23     1
15   14  26     1
16   14  27     1
17   15  26     1
18   15  29     1
19   16  38     1
20   18  25     1
21   18  27     1
22   18  32     1
23   18  32     1
24   19  23     1
25   19  27     1
26   21  38     1
27   21  39     1
28   22  34     1
29   23  37     1
30   24  26     1
31   25  34     1
32   25  37     1
33   26  35     1
34   26  39     1
35   33  37     1
End
