P0	0 T0 26 
P-1	2 T1 19 
P1	2 T2 43 
P2	3 T3 27 
P-1	3 T4 35 
P3	4 T5 6 
P-1	4 T6 7 
P4	4 T7 13 
P5	4 T8 21 
P-1	5 T9 21 
P-1	5 T10 25 
P-1	5 T11 27 
P6	6 T12 24 
P7	6 T13 27 
P-1	9 T14 13 
P-1	9 T15 27 
P-1	9 T16 32 
P3	11 T17 22 
P-1	12 T18 18 
P-1	12 T19 34 
P-1	13 T20 33 
P4	14 T21 36 
P-1	16 T22 23 
P-1	19 T23 41 
P-1	21 T24 30 
P-1	22 T25 41 
P3	23 T26 32 
P-1	24 T27 40 
P5	24 T28 44 
P6	25 T29 44 
P-1	26 T30 37 
P-1	26 T31 39 
P0	28 T32 36 
P2	30 T33 37 
P7	30 T34 38 
P3	36 T35 43 
NMec = 2020
Viable Sol. = 6671885292
Profit = 57382
T = 36
P = 8
Profits not ignored
Solution time = 6.399e+01
Task data
00    0  26  4924
01    2  19  1686
02    2  43 10016
03    3  27  5019
04    3  35  3389
05    4   6   529
06    4   7   362
07    4  13  1448
08    4  21  3504
09    5  21  2187
10    5  25  3003
11    5  27  3892
12    6  24  5201
13    6  27  5117
14    9  13   652
15    9  27  1919
16    9  32  1931
17   11  22  2668
18   12  18  1247
19   12  34  2250
20   13  33  3183
21   14  36  3855
22   16  23   804
23   19  41  2678
24   21  30  1295
25   22  41  2294
26   23  32  1897
27   24  40  1831
28   24  44  5757
29   25  44  3077
30   26  37  1770
31   26  39  1720
32   28  36  1222
33   30  37  1068
34   30  38   821
35   36  43  1259
End
