P-1	0 T0 119 
P-1	2 T1 28 
P0	4 T2 14 
P-1	4 T3 109 
P1	5 T4 15 
P2	10 T5 17 
P-1	11 T6 25 
P-1	11 T7 67 
P-1	11 T8 110 
P-1	13 T9 39 
P-1	18 T10 29 
P0	19 T11 21 
P-1	22 T12 43 
P-1	22 T13 113 
P0	23 T14 43 
P1	25 T15 27 
P2	25 T16 33 
P1	38 T17 53 
P-1	47 T18 67 
P-1	48 T19 64 
P-1	53 T20 72 
P-1	55 T21 64 
P-1	56 T22 69 
P-1	56 T23 81 
P0	60 T24 76 
P1	61 T25 82 
P2	62 T26 63 
P2	64 T27 89 
P-1	78 T28 92 
P-1	80 T29 99 
P-1	82 T30 101 
P0	86 T31 93 
P1	91 T32 107 
P2	92 T33 117 
P0	102 T34 109 
P1	108 T35 111 
NMec = 2020
Viable Sol. = 98205483
Profit = 17
T = 36
P = 3
Profits ignored
Solution time = 8.018e-01
Task data
00    0 119     1
01    2  28     1
02    4  14     1
03    4 109     1
04    5  15     1
05   10  17     1
06   11  25     1
07   11  67     1
08   11 110     1
09   13  39     1
10   18  29     1
11   19  21     1
12   22  43     1
13   22 113     1
14   23  43     1
15   25  27     1
16   25  33     1
17   38  53     1
18   47  67     1
19   48  64     1
20   53  72     1
21   55  64     1
22   56  69     1
23   56  81     1
24   60  76     1
25   61  82     1
26   62  63     1
27   64  89     1
28   78  92     1
29   80  99     1
30   82 101     1
31   86  93     1
32   91 107     1
33   92 117     1
34  102 109     1
35  108 111     1
End
