P0	1 T0 23 
P1	2 T1 179 
P-1	4 T2 11 
P-1	7 T3 15 
P-1	9 T4 13 
P-1	12 T5 22 
P-1	18 T6 37 
P-1	22 T7 30 
P0	27 T8 40 
P-1	33 T9 43 
P-1	34 T10 35 
P-1	34 T11 40 
P-1	35 T12 49 
P-1	38 T13 62 
P0	41 T14 57 
P-1	56 T15 70 
P0	66 T16 67 
P0	69 T17 78 
P0	79 T18 98 
P-1	83 T19 88 
P-1	86 T20 114 
P-1	87 T21 172 
P-1	88 T22 102 
P-1	92 T23 100 
P-1	100 T24 107 
P0	101 T25 121 
P-1	104 T26 112 
P-1	109 T27 133 
P-1	114 T28 126 
P0	128 T29 150 
P-1	141 T30 148 
P-1	142 T31 149 
P-1	145 T32 146 
P-1	156 T33 161 
P-1	158 T34 170 
P0	160 T35 175 
NMec = 2020
Viable Sol. = 422932574
Profit = 44884
T = 36
P = 2
Profits not ignored
Solution time = 3.402e+00
Task data
00    1  23  4935
01    2 179 19979
02    4  11  1342
03    7  15  1229
04    9  13   809
05   12  22  2339
06   18  37  2119
07   22  30  1522
08   27  40  1305
09   33  43  1379
10   34  35   167
11   34  40  1134
12   35  49  2017
13   38  62  2094
14   41  57  1445
15   56  70  2035
16   66  67   442
17   69  78  1039
18   79  98  3430
19   83  88  1311
20   86 114  4378
21   87 172  7125
22   88 102  2121
23   92 100  1187
24  100 107  1143
25  101 121  3677
26  104 112  1399
27  109 133  1999
28  114 126  2196
29  128 150  5281
30  141 148  2076
31  142 149   697
32  145 146   331
33  156 161   861
34  158 170   780
35  160 175  3351
End
