P-1	0 T0 10 
P0	1 T1 12 
P-1	1 T2 64 
P1	2 T3 5 
P-1	2 T4 26 
P2	4 T5 9 
P3	4 T6 16 
P-1	7 T7 33 
P1	8 T8 12 
P-1	12 T9 27 
P-1	14 T10 26 
P0	19 T11 22 
P-1	24 T12 41 
P0	25 T13 29 
P1	25 T14 30 
P2	26 T15 30 
P3	26 T16 47 
P0	33 T17 39 
P1	35 T18 41 
P-1	35 T19 51 
P2	39 T20 45 
P0	40 T21 48 
P-1	40 T22 86 
P1	44 T23 53 
P-1	44 T24 89 
P-1	47 T25 64 
P2	48 T26 50 
P-1	49 T27 74 
P0	50 T28 59 
P3	50 T29 70 
P1	54 T30 73 
P0	61 T31 78 
P2	64 T32 66 
P2	67 T33 75 
P3	72 T34 86 
P1	75 T35 87 
NMec = 2020
Viable Sol. = 4782804772
Profit = 24
T = 36
P = 4
Profits ignored
Solution time = 4.116e+01
Task data
00    0  10     1
01    1  12     1
02    1  64     1
03    2   5     1
04    2  26     1
05    4   9     1
06    4  16     1
07    7  33     1
08    8  12     1
09   12  27     1
10   14  26     1
11   19  22     1
12   24  41     1
13   25  29     1
14   25  30     1
15   26  30     1
16   26  47     1
17   33  39     1
18   35  41     1
19   35  51     1
20   39  45     1
21   40  48     1
22   40  86     1
23   44  53     1
24   44  89     1
25   47  64     1
26   48  50     1
27   49  74     1
28   50  59     1
29   50  70     1
30   54  73     1
31   61  78     1
32   64  66     1
33   67  75     1
34   72  86     1
35   75  87     1
End
