P-1	0 T0 26 
P-1	2 T1 19 
P-1	2 T2 43 
P-1	3 T3 27 
P-1	3 T4 35 
P0	4 T5 6 
P1	4 T6 7 
P-1	4 T7 13 
P-1	4 T8 21 
P-1	5 T9 21 
P2	5 T10 25 
P3	5 T11 27 
P4	6 T12 24 
P5	6 T13 27 
P0	9 T14 13 
P1	9 T15 27 
P-1	9 T16 32 
P6	11 T17 22 
P7	12 T18 18 
P-1	12 T19 34 
P-1	13 T20 33 
P-1	14 T21 36 
P0	16 T22 23 
P-1	19 T23 41 
P-1	21 T24 30 
P-1	22 T25 41 
P6	23 T26 32 
P-1	24 T27 40 
P0	24 T28 44 
P4	25 T29 44 
P2	26 T30 37 
P7	26 T31 39 
P1	28 T32 36 
P3	30 T33 37 
P5	30 T34 38 
P6	36 T35 43 
NMec = 2020
Viable Sol. = 6671885292
Profit = 20
T = 36
P = 8
Profits ignored
Solution time = 6.735e+01
Task data
00    0  26     1
01    2  19     1
02    2  43     1
03    3  27     1
04    3  35     1
05    4   6     1
06    4   7     1
07    4  13     1
08    4  21     1
09    5  21     1
10    5  25     1
11    5  27     1
12    6  24     1
13    6  27     1
14    9  13     1
15    9  27     1
16    9  32     1
17   11  22     1
18   12  18     1
19   12  34     1
20   13  33     1
21   14  36     1
22   16  23     1
23   19  41     1
24   21  30     1
25   22  41     1
26   23  32     1
27   24  40     1
28   24  44     1
29   25  44     1
30   26  37     1
31   26  39     1
32   28  36     1
33   30  37     1
34   30  38     1
35   36  43     1
End
