P0	0 T0 5 
P1	1 T1 3 
P-1	1 T2 21 
P-1	1 T3 35 
P2	2 T4 14 
P3	2 T5 17 
P-1	2 T6 33 
P-1	2 T7 33 
P4	3 T8 11 
P5	3 T9 19 
P-1	3 T10 24 
P-1	3 T11 24 
P1	4 T12 13 
P-1	4 T13 22 
P0	6 T14 14 
P-1	7 T15 33 
P-1	7 T16 34 
P6	10 T17 16 
P-1	11 T18 23 
P-1	11 T19 25 
P-1	11 T20 32 
P-1	11 T21 33 
P-1	12 T22 31 
P4	13 T23 29 
P1	14 T24 21 
P7	14 T25 32 
P0	15 T26 21 
P2	15 T27 33 
P8	16 T28 21 
P3	18 T29 27 
P6	19 T30 29 
P9	19 T31 29 
P5	21 T32 22 
P0	26 T33 33 
P1	27 T34 31 
P1	32 T35 35 
NMec = 2020
Viable Sol. = 12714444664
Profit = 22
T = 36
P = 10
Profits ignored
Solution time = 1.094e+02
Task data
00    0   5     1
01    1   3     1
02    1  21     1
03    1  35     1
04    2  14     1
05    2  17     1
06    2  33     1
07    2  33     1
08    3  11     1
09    3  19     1
10    3  24     1
11    3  24     1
12    4  13     1
13    4  22     1
14    6  14     1
15    7  33     1
16    7  34     1
17   10  16     1
18   11  23     1
19   11  25     1
20   11  32     1
21   11  33     1
22   12  31     1
23   13  29     1
24   14  21     1
25   14  32     1
26   15  21     1
27   15  33     1
28   16  21     1
29   18  27     1
30   19  29     1
31   19  29     1
32   21  22     1
33   26  33     1
34   27  31     1
35   32  35     1
End
