P0	0 T0 5 
P1	1 T1 3 
P2	1 T2 21 
P3	1 T3 35 
P-1	2 T4 14 
P4	2 T5 17 
P-1	2 T6 33 
P5	2 T7 33 
P6	3 T8 11 
P7	3 T9 19 
P-1	3 T10 24 
P-1	3 T11 24 
P-1	4 T12 13 
P-1	4 T13 22 
P0	6 T14 14 
P1	7 T15 33 
P8	7 T16 34 
P-1	10 T17 16 
P-1	11 T18 23 
P-1	11 T19 25 
P-1	11 T20 32 
P9	11 T21 33 
P6	12 T22 31 
P-1	13 T23 29 
P-1	14 T24 21 
P-1	14 T25 32 
P-1	15 T26 21 
P-1	15 T27 33 
P-1	16 T28 21 
P0	18 T29 27 
P-1	19 T30 29 
P4	19 T31 29 
P7	21 T32 22 
P2	26 T33 33 
P7	27 T34 31 
P0	32 T35 35 
NMec = 2020
Viable Sol. = 12714444664
Profit = 53278
T = 36
P = 10
Profits not ignored
Solution time = 1.099e+02
Task data
00    0   5  1706
01    1   3   381
02    1  21  4474
03    1  35  5524
04    2  14  1461
05    2  17  2158
06    2  33  2963
07    2  33  4662
08    3  11  1178
09    3  19  4599
10    3  24  3251
11    3  24  2033
12    4  13   701
13    4  22  1373
14    6  14  1717
15    7  33  5967
16    7  34  3955
17   10  16  1597
18   11  23  1432
19   11  25  1194
20   11  32  2914
21   11  33  4344
22   12  31  3976
23   13  29  2107
24   14  21  1585
25   14  32  1747
26   15  21  1585
27   15  33  1287
28   16  21   827
29   18  27  2061
30   19  29  1652
31   19  29  3050
32   21  22   282
33   26  33  1292
34   27  31  1250
35   32  35   702
End
