P0	1 T0 8 
P-1	1 T1 51 
P1	2 T2 15 
P-1	3 T3 28 
P2	4 T4 15 
P3	4 T5 19 
P4	4 T6 43 
P5	4 T7 49 
P6	6 T8 25 
P-1	7 T9 23 
P0	9 T10 21 
P-1	9 T11 35 
P-1	10 T12 22 
P-1	11 T13 16 
P-1	12 T14 25 
P-1	12 T15 37 
P-1	13 T16 22 
P-1	15 T17 23 
P-1	15 T18 27 
P-1	17 T19 25 
P1	17 T20 31 
P-1	18 T21 40 
P2	19 T22 25 
P3	20 T23 44 
P0	22 T24 49 
P2	26 T25 30 
P-1	26 T26 38 
P6	26 T27 40 
P-1	26 T28 45 
P-1	27 T29 44 
P-1	28 T30 41 
P-1	29 T31 49 
P-1	31 T32 39 
P-1	31 T33 44 
P1	33 T34 51 
P2	36 T35 45 
P6	42 T36 43 
NMec = 2020
Viable Sol. = 6344903959
Profit = 60427
T = 37
P = 7
Profits not ignored
Solution time = 5.857e+01
Task data
00    1   8  1222
01    1  51  5013
02    2  15  1589
03    3  28  3079
04    4  15  2779
05    4  19  2194
06    4  43  9901
07    4  49 12068
08    6  25  2829
09    7  23  2136
10    9  21  3172
11    9  35  2757
12   10  22  2676
13   11  16  1050
14   12  25  2084
15   12  37  5805
16   13  22  2238
17   15  23  1737
18   15  27  1003
19   17  25   862
20   17  31  2856
21   18  40  1339
22   19  25  1319
23   20  44  5397
24   22  49  4281
25   26  30   787
26   26  38  1584
27   26  40  3864
28   26  45  2073
29   27  44  1038
30   28  41  2270
31   29  49  2918
32   31  39  1066
33   31  44  2114
34   33  51  3051
35   36  45  2801
36   42  43   317
End
