P0	1 T0 165 
P-1	7 T1 25 
P-1	9 T2 28 
P1	12 T3 32 
P-1	19 T4 25 
P-1	22 T5 42 
P-1	25 T6 30 
P1	33 T7 43 
P-1	35 T8 45 
P1	45 T9 52 
P-1	46 T10 155 
P-1	53 T11 79 
P-1	57 T12 74 
P1	58 T13 70 
P-1	62 T14 70 
P-1	69 T15 71 
P-1	69 T16 86 
P1	71 T17 77 
P1	84 T18 85 
P1	89 T19 96 
P1	98 T20 116 
P-1	104 T21 116 
P-1	115 T22 136 
P-1	120 T23 135 
P1	121 T24 129 
P-1	122 T25 132 
P-1	123 T26 137 
P-1	129 T27 140 
P-1	129 T28 150 
P-1	130 T29 141 
P1	135 T30 154 
P-1	140 T31 144 
P-1	150 T32 155 
P-1	153 T33 164 
P1	161 T34 175 
P0	166 T35 179 
P1	179 T36 182 
NMec = 2020
Viable Sol. = 332272152
Profit = 59797
T = 37
P = 2
Profits not ignored
Solution time = 2.345e+00
Task data
00    1 165 31887
01    7  25  1221
02    9  28  2034
03   12  32  4982
04   19  25   655
05   22  42  3919
06   25  30   913
07   33  43  1365
08   35  45   781
09   45  52   837
10   46 155 13254
11   53  79  4347
12   57  74  2436
13   58  70  3423
14   62  70   737
15   69  71   294
16   69  86  3685
17   71  77  1596
18   84  85   138
19   89  96   686
20   98 116  2533
21  104 116  1403
22  115 136  2654
23  120 135  1859
24  121 129  2385
25  122 132   841
26  123 137  2590
27  129 140  3272
28  129 150  2081
29  130 141  1696
30  135 154  3180
31  140 144  1169
32  150 155  1168
33  153 164  1667
34  161 175  3264
35  166 179  3029
36  179 182   492
End
