P-1	1 T0 165 
P-1	7 T1 25 
P-1	9 T2 28 
P-1	12 T3 32 
P0	19 T4 25 
P-1	22 T5 42 
P1	25 T6 30 
P0	33 T7 43 
P1	35 T8 45 
P0	45 T9 52 
P-1	46 T10 155 
P-1	53 T11 79 
P-1	57 T12 74 
P-1	58 T13 70 
P0	62 T14 70 
P-1	69 T15 71 
P1	69 T16 86 
P0	71 T17 77 
P0	84 T18 85 
P0	89 T19 96 
P0	98 T20 116 
P1	104 T21 116 
P-1	115 T22 136 
P-1	120 T23 135 
P0	121 T24 129 
P-1	122 T25 132 
P1	123 T26 137 
P-1	129 T27 140 
P-1	129 T28 150 
P0	130 T29 141 
P-1	135 T30 154 
P1	140 T31 144 
P0	150 T32 155 
P1	153 T33 164 
P0	161 T34 175 
P1	166 T35 179 
P0	179 T36 182 
NMec = 2020
Viable Sol. = 332272152
Profit = 21
T = 37
P = 2
Profits ignored
Solution time = 2.971e+00
Task data
00    1 165     1
01    7  25     1
02    9  28     1
03   12  32     1
04   19  25     1
05   22  42     1
06   25  30     1
07   33  43     1
08   35  45     1
09   45  52     1
10   46 155     1
11   53  79     1
12   57  74     1
13   58  70     1
14   62  70     1
15   69  71     1
16   69  86     1
17   71  77     1
18   84  85     1
19   89  96     1
20   98 116     1
21  104 116     1
22  115 136     1
23  120 135     1
24  121 129     1
25  122 132     1
26  123 137     1
27  129 140     1
28  129 150     1
29  130 141     1
30  135 154     1
31  140 144     1
32  150 155     1
33  153 164     1
34  161 175     1
35  166 179     1
36  179 182     1
End
