P-1	0 T0 85 
P-1	1 T1 88 
P-1	6 T2 18 
P-1	9 T3 15 
P0	9 T4 21 
P1	10 T5 23 
P2	12 T6 22 
P3	13 T7 22 
P-1	13 T8 26 
P-1	15 T9 34 
P-1	16 T10 28 
P-1	19 T11 42 
P-1	20 T12 26 
P0	22 T13 25 
P1	24 T14 31 
P2	24 T15 31 
P3	25 T16 35 
P0	35 T17 40 
P1	40 T18 44 
P2	40 T19 49 
P-1	42 T20 61 
P-1	43 T21 64 
P-1	44 T22 60 
P0	45 T23 55 
P1	46 T24 56 
P3	47 T25 58 
P-1	51 T26 65 
P-1	52 T27 79 
P-1	55 T28 65 
P2	55 T29 67 
P0	60 T30 70 
P1	62 T31 69 
P3	62 T32 85 
P2	69 T33 83 
P0	75 T34 78 
P1	77 T35 87 
P0	89 T36 92 
NMec = 2020
Viable Sol. = 3473846006
Profit = 22
T = 37
P = 4
Profits ignored
Solution time = 2.833e+01
Task data
00    0  85     1
01    1  88     1
02    6  18     1
03    9  15     1
04    9  21     1
05   10  23     1
06   12  22     1
07   13  22     1
08   13  26     1
09   15  34     1
10   16  28     1
11   19  42     1
12   20  26     1
13   22  25     1
14   24  31     1
15   24  31     1
16   25  35     1
17   35  40     1
18   40  44     1
19   40  49     1
20   42  61     1
21   43  64     1
22   44  60     1
23   45  55     1
24   46  56     1
25   47  58     1
26   51  65     1
27   52  79     1
28   55  65     1
29   55  67     1
30   60  70     1
31   62  69     1
32   62  85     1
33   69  83     1
34   75  78     1
35   77  87     1
36   89  92     1
End
