P0	0 T0 9 
P-1	0 T1 11 
P-1	1 T2 19 
P1	2 T3 12 
P2	4 T4 5 
P3	4 T5 15 
P4	5 T6 12 
P5	5 T7 13 
P-1	5 T8 19 
P2	6 T9 19 
P6	6 T10 22 
P-1	6 T11 30 
P-1	7 T12 30 
P7	9 T13 22 
P-1	9 T14 28 
P-1	9 T15 29 
P0	11 T16 21 
P-1	13 T17 25 
P1	15 T18 29 
P3	17 T19 25 
P4	18 T20 31 
P5	19 T21 20 
P-1	19 T22 36 
P-1	21 T23 40 
P0	22 T24 32 
P-1	22 T25 39 
P2	23 T26 28 
P5	23 T27 32 
P6	23 T28 33 
P7	24 T29 45 
P1	30 T30 45 
P2	32 T31 39 
P3	32 T32 43 
P0	33 T33 42 
P4	34 T34 42 
P5	34 T35 46 
P6	35 T36 44 
NMec = 2020
Viable Sol. = 49155820944
Profit = 26
T = 37
P = 8
Profits ignored
Solution time = 4.454e+02
Task data
00    0   9     1
01    0  11     1
02    1  19     1
03    2  12     1
04    4   5     1
05    4  15     1
06    5  12     1
07    5  13     1
08    5  19     1
09    6  19     1
10    6  22     1
11    6  30     1
12    7  30     1
13    9  22     1
14    9  28     1
15    9  29     1
16   11  21     1
17   13  25     1
18   15  29     1
19   17  25     1
20   18  31     1
21   19  20     1
22   19  36     1
23   21  40     1
24   22  32     1
25   22  39     1
26   23  28     1
27   23  32     1
28   23  33     1
29   24  45     1
30   30  45     1
31   32  39     1
32   32  43     1
33   33  42     1
34   34  42     1
35   34  46     1
36   35  44     1
End
