P0	1 T0 8 
P-1	1 T1 51 
P1	2 T2 15 
P-1	3 T3 28 
P2	4 T4 15 
P-1	4 T5 19 
P-1	4 T6 43 
P-1	4 T7 49 
P-1	6 T8 25 
P-1	7 T9 23 
P-1	9 T10 21 
P-1	9 T11 35 
P-1	10 T12 22 
P0	11 T13 16 
P3	12 T14 25 
P-1	12 T15 37 
P4	13 T16 22 
P5	15 T17 23 
P6	15 T18 27 
P0	17 T19 25 
P1	17 T20 31 
P-1	18 T21 40 
P2	19 T22 25 
P-1	20 T23 44 
P-1	22 T24 49 
P0	26 T25 30 
P-1	26 T26 38 
P-1	26 T27 40 
P-1	26 T28 45 
P2	27 T29 44 
P3	28 T30 41 
P4	29 T31 49 
P0	31 T32 39 
P5	31 T33 44 
P1	33 T34 51 
P6	36 T35 45 
P0	42 T36 43 
NMec = 2020
Viable Sol. = 6344903959
Profit = 20
T = 37
P = 7
Profits ignored
Solution time = 5.978e+01
Task data
00    1   8     1
01    1  51     1
02    2  15     1
03    3  28     1
04    4  15     1
05    4  19     1
06    4  43     1
07    4  49     1
08    6  25     1
09    7  23     1
10    9  21     1
11    9  35     1
12   10  22     1
13   11  16     1
14   12  25     1
15   12  37     1
16   13  22     1
17   15  23     1
18   15  27     1
19   17  25     1
20   17  31     1
21   18  40     1
22   19  25     1
23   20  44     1
24   22  49     1
25   26  30     1
26   26  38     1
27   26  40     1
28   26  45     1
29   27  44     1
30   28  41     1
31   29  49     1
32   31  39     1
33   31  44     1
34   33  51     1
35   36  45     1
36   42  43     1
End
