P-1	0 T0 15 
P0	0 T1 16 
P1	3 T2 10 
P-1	3 T3 17 
P2	3 T4 36 
P3	6 T5 16 
P-1	6 T6 17 
P4	6 T7 26 
P5	7 T8 20 
P6	7 T9 23 
P-1	7 T10 27 
P-1	8 T11 16 
P7	8 T12 23 
P8	9 T13 19 
P9	9 T14 32 
P-1	10 T15 24 
P-1	10 T16 27 
P-1	11 T17 24 
P1	11 T18 30 
P-1	12 T19 21 
P-1	12 T20 29 
P-1	13 T21 28 
P-1	13 T22 28 
P-1	13 T23 29 
P-1	14 T24 18 
P-1	14 T25 26 
P-1	14 T26 33 
P-1	17 T27 25 
P0	17 T28 31 
P3	20 T29 31 
P8	20 T30 31 
P-1	22 T31 29 
P5	22 T32 36 
P6	24 T33 31 
P-1	25 T34 26 
P7	25 T35 36 
P0	32 T36 33 
NMec = 2020
Viable Sol. = 16009201024
Profit = 56135
T = 37
P = 10
Profits not ignored
Solution time = 1.301e+02
Task data
00    0  15  1877
01    0  16  2694
02    3  10   997
03    3  17  2593
04    3  36  5278
05    6  16  3012
06    6  17  2414
07    6  26  5065
08    7  20  3902
09    7  23  4445
10    7  27  1842
11    8  16   850
12    8  23  3237
13    9  19  2782
14    9  32  5187
15   10  24  1801
16   10  27  3242
17   11  24  1420
18   11  30  5192
19   12  21  1401
20   12  29  2420
21   13  28  1157
22   13  28  2917
23   13  29  2676
24   14  18   513
25   14  26  2392
26   14  33  2324
27   17  25   991
28   17  31  3430
29   20  31  1854
30   20  31  2882
31   22  29  1238
32   22  36  2401
33   24  31   623
34   25  26   153
35   25  36  2997
36   32  33   157
End
