P-1	0 T0 10 
P-1	0 T1 73 
P0	1 T2 25 
P-1	1 T3 51 
P1	2 T4 8 
P2	2 T5 18 
P-1	3 T6 47 
P-1	6 T7 66 
P3	7 T8 13 
P4	8 T9 13 
P1	12 T10 13 
P-1	13 T11 30 
P-1	14 T12 28 
P-1	15 T13 33 
P1	15 T14 34 
P3	17 T15 32 
P-1	21 T16 43 
P2	24 T17 27 
P-1	24 T18 42 
P0	26 T19 29 
P4	26 T20 47 
P-1	28 T21 58 
P0	34 T22 42 
P-1	34 T23 53 
P1	38 T24 52 
P2	39 T25 42 
P3	39 T26 50 
P0	43 T27 56 
P2	46 T28 52 
P4	49 T29 54 
P-1	50 T30 61 
P3	51 T31 56 
P-1	51 T32 67 
P1	56 T33 62 
P0	57 T34 61 
P2	57 T35 67 
P3	58 T36 67 
P4	61 T37 65 
NMec = 2020
Viable Sol. = 13032250670
Profit = 24
T = 38
P = 5
Profits ignored
Solution time = 1.058e+02
Task data
00    0  10     1
01    0  73     1
02    1  25     1
03    1  51     1
04    2   8     1
05    2  18     1
06    3  47     1
07    6  66     1
08    7  13     1
09    8  13     1
10   12  13     1
11   13  30     1
12   14  28     1
13   15  33     1
14   15  34     1
15   17  32     1
16   21  43     1
17   24  27     1
18   24  42     1
19   26  29     1
20   26  47     1
21   28  58     1
22   34  42     1
23   34  53     1
24   38  52     1
25   39  42     1
26   39  50     1
27   43  56     1
28   46  52     1
29   49  54     1
30   50  61     1
31   51  56     1
32   51  67     1
33   56  62     1
34   57  61     1
35   57  67     1
36   58  67     1
37   61  65     1
End
