P0	5 T0 14 
P1	6 T1 11 
P-1	8 T2 181 
P-1	11 T3 35 
P-1	16 T4 25 
P-1	17 T5 24 
P0	19 T6 27 
P1	23 T7 47 
P0	32 T8 37 
P-1	38 T9 185 
P-1	51 T10 68 
P-1	52 T11 66 
P-1	53 T12 61 
P0	55 T13 73 
P1	61 T14 69 
P-1	64 T15 80 
P1	70 T16 79 
P-1	75 T17 94 
P0	79 T18 81 
P0	84 T19 89 
P-1	86 T20 98 
P1	87 T21 92 
P0	93 T22 111 
P1	95 T23 109 
P-1	102 T24 116 
P0	112 T25 120 
P1	114 T26 124 
P0	123 T27 146 
P1	126 T28 127 
P1	131 T29 147 
P-1	144 T30 165 
P-1	152 T31 174 
P-1	154 T32 158 
P-1	154 T33 173 
P0	158 T34 164 
P1	158 T35 167 
P0	165 T36 177 
P0	183 T37 189 
NMec = 2020
Viable Sol. = 1334721438
Profit = 22
T = 38
P = 2
Profits ignored
Solution time = 1.117e+01
Task data
00    5  14     1
01    6  11     1
02    8 181     1
03   11  35     1
04   16  25     1
05   17  24     1
06   19  27     1
07   23  47     1
08   32  37     1
09   38 185     1
10   51  68     1
11   52  66     1
12   53  61     1
13   55  73     1
14   61  69     1
15   64  80     1
16   70  79     1
17   75  94     1
18   79  81     1
19   84  89     1
20   86  98     1
21   87  92     1
22   93 111     1
23   95 109     1
24  102 116     1
25  112 120     1
26  114 124     1
27  123 146     1
28  126 127     1
29  131 147     1
30  144 165     1
31  152 174     1
32  154 158     1
33  154 173     1
34  158 164     1
35  158 167     1
36  165 177     1
37  183 189     1
End
