P0	1 T0 18 
P-1	4 T1 23 
P0	72 T2 77 
P-1	63 T3 79 
P-1	69 T4 81 
P-1	75 T5 82 
P-1	70 T6 84 
P0	85 T7 87 
P-1	81 T8 90 
P0	89 T9 91 
P-1	76 T10 93 
P0	94 T11 98 
P-1	94 T12 114 
P0	105 T13 126 
P-1	124 T14 141 
P0	129 T15 147 
P0	149 T16 164 
P-1	160 T17 166 
P-1	158 T18 170 
P0	187 T19 189 
P-1	186 T20 192 
P0	206 T21 215 
P0	216 T22 224 
P-1	222 T23 230 
P0	226 T24 241 
P0	243 T25 251 
P-1	250 T26 261 
P-1	246 T27 262 
P0	255 T28 262 
P0	295 T29 316 
P0	319 T30 321 
P-1	310 T31 323 
P-1	307 T32 326 
P-1	178 T33 327 
P0	340 T34 361 
P-1	339 T35 365 
P-1	355 T36 368 
P0	365 T37 376 
NMec = 2020
Viable Sol. = 0
Profit = 18
T = 38
P = 1
Profits ignored
Solution time = 6.438e-06
Task data
00    1  18     1
01    4  23     1
02   72  77     1
03   63  79     1
04   69  81     1
05   75  82     1
06   70  84     1
07   85  87     1
08   81  90     1
09   89  91     1
10   76  93     1
11   94  98     1
12   94 114     1
13  105 126     1
14  124 141     1
15  129 147     1
16  149 164     1
17  160 166     1
18  158 170     1
19  187 189     1
20  186 192     1
21  206 215     1
22  216 224     1
23  222 230     1
24  226 241     1
25  243 251     1
26  250 261     1
27  246 262     1
28  255 262     1
29  295 316     1
30  319 321     1
31  310 323     1
32  307 326     1
33  178 327     1
34  340 361     1
35  339 365     1
36  355 368     1
37  365 376     1
End
