P-1	0 T0 61 
P-1	2 T1 26 
P0	5 T2 12 
P1	5 T3 18 
P2	6 T4 14 
P3	9 T5 30 
P-1	9 T6 62 
P4	11 T7 20 
P0	15 T8 26 
P-1	15 T9 32 
P-1	15 T10 37 
P2	17 T11 20 
P-1	17 T12 41 
P-1	17 T13 59 
P-1	19 T14 58 
P1	20 T15 40 
P2	21 T16 44 
P-1	21 T17 54 
P-1	25 T18 46 
P4	26 T19 35 
P5	26 T20 40 
P0	30 T21 42 
P3	32 T22 41 
P-1	33 T23 47 
P-1	35 T24 46 
P-1	35 T25 56 
P-1	37 T26 49 
P-1	37 T27 57 
P-1	38 T28 60 
P-1	40 T29 57 
P-1	41 T30 50 
P1	41 T31 60 
P3	42 T32 60 
P0	43 T33 49 
P4	43 T34 57 
P2	45 T35 54 
P5	46 T36 55 
P0	51 T37 56 
NMec = 2020
Viable Sol. = 3401746665
Profit = 20
T = 38
P = 6
Profits ignored
Solution time = 3.364e+01
Task data
00    0  61     1
01    2  26     1
02    5  12     1
03    5  18     1
04    6  14     1
05    9  30     1
06    9  62     1
07   11  20     1
08   15  26     1
09   15  32     1
10   15  37     1
11   17  20     1
12   17  41     1
13   17  59     1
14   19  58     1
15   20  40     1
16   21  44     1
17   21  54     1
18   25  46     1
19   26  35     1
20   26  40     1
21   30  42     1
22   32  41     1
23   33  47     1
24   35  46     1
25   35  56     1
26   37  49     1
27   37  57     1
28   38  60     1
29   40  57     1
30   41  50     1
31   41  60     1
32   42  60     1
33   43  49     1
34   43  57     1
35   45  54     1
36   46  55     1
37   51  56     1
End
