P-1	0 T0 10 
P0	0 T1 73 
P1	1 T2 25 
P2	1 T3 51 
P3	2 T4 8 
P-1	2 T5 18 
P-1	3 T6 47 
P4	6 T7 66 
P-1	7 T8 13 
P-1	8 T9 13 
P-1	12 T10 13 
P3	13 T11 30 
P-1	14 T12 28 
P-1	15 T13 33 
P-1	15 T14 34 
P-1	17 T15 32 
P-1	21 T16 43 
P-1	24 T17 27 
P-1	24 T18 42 
P-1	26 T19 29 
P1	26 T20 47 
P-1	28 T21 58 
P3	34 T22 42 
P-1	34 T23 53 
P-1	38 T24 52 
P-1	39 T25 42 
P-1	39 T26 50 
P3	43 T27 56 
P-1	46 T28 52 
P-1	49 T29 54 
P1	50 T30 61 
P-1	51 T31 56 
P-1	51 T32 67 
P2	56 T33 62 
P-1	57 T34 61 
P-1	57 T35 67 
P3	58 T36 67 
P-1	61 T37 65 
NMec = 2020
Viable Sol. = 13032250670
Profit = 64015
T = 38
P = 5
Profits not ignored
Solution time = 1.089e+02
Task data
00    0  10  1038
01    0  73 18118
02    1  25  4438
03    1  51 12121
04    2   8  1053
05    2  18  2005
06    3  47  4668
07    6  66 12777
08    7  13  1564
09    8  13  1637
10   12  13   378
11   13  30  4758
12   14  28  1652
13   15  33  1661
14   15  34  3539
15   17  32  2444
16   21  43  3133
17   24  27   392
18   24  42  3991
19   26  29   470
20   26  47  2704
21   28  58  4719
22   34  42   781
23   34  53  2179
24   38  52  1807
25   39  42   756
26   39  50  2333
27   43  56  2428
28   46  52  1553
29   49  54  1333
30   50  61  2598
31   51  56   600
32   51  67  1506
33   56  62  1174
34   57  61  1007
35   57  67  1005
36   58  67  1065
37   61  65   498
End
