P0	1 T0 10 
P1	2 T1 104 
P2	4 T2 29 
P-1	5 T3 8 
P-1	6 T4 103 
P-1	7 T5 18 
P-1	8 T6 30 
P-1	10 T7 30 
P-1	10 T8 32 
P-1	11 T9 14 
P0	13 T10 22 
P0	23 T11 35 
P-1	26 T12 51 
P-1	38 T13 47 
P0	40 T14 48 
P2	41 T15 57 
P-1	44 T16 57 
P0	50 T17 55 
P-1	53 T18 63 
P-1	58 T19 97 
P0	59 T20 72 
P-1	67 T21 70 
P-1	68 T22 82 
P2	69 T23 85 
P-1	74 T24 81 
P-1	78 T25 83 
P0	78 T26 90 
P-1	83 T27 98 
P-1	87 T28 97 
P-1	88 T29 102 
P-1	89 T30 110 
P0	91 T31 108 
P2	92 T32 118 
P-1	93 T33 96 
P-1	95 T34 96 
P-1	96 T35 100 
P0	115 T36 122 
P1	118 T37 125 
NMec = 2020
Viable Sol. = 2542098528
Profit = 51512
T = 38
P = 3
Profits not ignored
Solution time = 2.053e+01
Task data
00    1  10  1389
01    2 104 19098
02    4  29  4427
03    5   8   817
04    6 103  7554
05    7  18  1669
06    8  30  1943
07   10  30  1513
08   10  32  2649
09   11  14   432
10   13  22  1933
11   23  35  2126
12   26  51  3877
13   38  47   839
14   40  48  1800
15   41  57  3819
16   44  57  2552
17   50  55  1145
18   53  63   865
19   58  97  4254
20   59  72  1788
21   67  70   533
22   68  82  2250
23   69  85  2761
24   74  81   783
25   78  83   569
26   78  90  1346
27   83  98  2000
28   87  97  1675
29   88 102  1658
30   89 110  3055
31   91 108  3097
32   92 118  3095
33   93  96   575
34   95  96   144
35   96 100   507
36  115 122  1901
37  118 125  1787
End
