P0	5 T0 14 
P-1	6 T1 11 
P-1	8 T2 181 
P1	11 T3 35 
P-1	16 T4 25 
P-1	17 T5 24 
P-1	19 T6 27 
P0	23 T7 47 
P-1	32 T8 37 
P1	38 T9 185 
P-1	51 T10 68 
P0	52 T11 66 
P-1	53 T12 61 
P-1	55 T13 73 
P-1	61 T14 69 
P-1	64 T15 80 
P-1	70 T16 79 
P0	75 T17 94 
P-1	79 T18 81 
P-1	84 T19 89 
P-1	86 T20 98 
P-1	87 T21 92 
P-1	93 T22 111 
P0	95 T23 109 
P-1	102 T24 116 
P0	112 T25 120 
P-1	114 T26 124 
P-1	123 T27 146 
P0	126 T28 127 
P0	131 T29 147 
P-1	144 T30 165 
P-1	152 T31 174 
P-1	154 T32 158 
P-1	154 T33 173 
P0	158 T34 164 
P-1	158 T35 167 
P0	165 T36 177 
P0	183 T37 189 
NMec = 2020
Viable Sol. = 1334721438
Profit = 42276
T = 38
P = 2
Profits not ignored
Solution time = 1.078e+01
Task data
00    5  14  2226
01    6  11   857
02    8 181 11623
03   11  35  4570
04   16  25  1189
05   17  24  1227
06   19  27  1087
07   23  47  5095
08   32  37  1532
09   38 185 15292
10   51  68  2353
11   52  66  2727
12   53  61  1110
13   55  73  2718
14   61  69  1962
15   64  80  3560
16   70  79   899
17   75  94  2766
18   79  81   474
19   84  89   633
20   86  98  1797
21   87  92   530
22   93 111  1859
23   95 109  2297
24  102 116  2358
25  112 120  1088
26  114 124  1075
27  123 146  2518
28  126 127   427
29  131 147  2291
30  144 165  3832
31  152 174  2739
32  154 158   701
33  154 173  2713
34  158 164  1251
35  158 167  2175
36  165 177  1600
37  183 189   646
End
