P0	1 T0 10 
P-1	2 T1 104 
P-1	4 T2 29 
P1	5 T3 8 
P-1	6 T4 103 
P-1	7 T5 18 
P-1	8 T6 30 
P-1	10 T7 30 
P1	10 T8 32 
P0	11 T9 14 
P2	13 T10 22 
P0	23 T11 35 
P-1	26 T12 51 
P0	38 T13 47 
P1	40 T14 48 
P-1	41 T15 57 
P2	44 T16 57 
P0	50 T17 55 
P1	53 T18 63 
P-1	58 T19 97 
P0	59 T20 72 
P1	67 T21 70 
P-1	68 T22 82 
P-1	69 T23 85 
P0	74 T24 81 
P1	78 T25 83 
P2	78 T26 90 
P-1	83 T27 98 
P-1	87 T28 97 
P-1	88 T29 102 
P-1	89 T30 110 
P-1	91 T31 108 
P-1	92 T32 118 
P0	93 T33 96 
P1	95 T34 96 
P2	96 T35 100 
P0	115 T36 122 
P1	118 T37 125 
NMec = 2020
Viable Sol. = 2542098528
Profit = 21
T = 38
P = 3
Profits ignored
Solution time = 2.029e+01
Task data
00    1  10     1
01    2 104     1
02    4  29     1
03    5   8     1
04    6 103     1
05    7  18     1
06    8  30     1
07   10  30     1
08   10  32     1
09   11  14     1
10   13  22     1
11   23  35     1
12   26  51     1
13   38  47     1
14   40  48     1
15   41  57     1
16   44  57     1
17   50  55     1
18   53  63     1
19   58  97     1
20   59  72     1
21   67  70     1
22   68  82     1
23   69  85     1
24   74  81     1
25   78  83     1
26   78  90     1
27   83  98     1
28   87  97     1
29   88 102     1
30   89 110     1
31   91 108     1
32   92 118     1
33   93  96     1
34   95  96     1
35   96 100     1
36  115 122     1
37  118 125     1
End
