P-1	0 T0 18 
P0	3 T1 9 
P1	3 T2 14 
P2	4 T3 13 
P3	5 T4 12 
P-1	5 T5 39 
P4	6 T6 12 
P5	6 T7 15 
P-1	6 T8 22 
P-1	6 T9 30 
P6	7 T10 16 
P-1	8 T11 27 
P7	9 T12 19 
P8	9 T13 20 
P-1	12 T14 24 
P-1	12 T15 25 
P0	13 T16 25 
P-1	13 T17 29 
P-1	15 T18 28 
P-1	15 T19 32 
P1	16 T20 24 
P-1	16 T21 31 
P-1	16 T22 41 
P2	17 T23 24 
P-1	18 T24 37 
P-1	19 T25 29 
P3	20 T26 24 
P4	21 T27 27 
P5	21 T28 31 
P6	21 T29 32 
P7	21 T30 34 
P8	22 T31 29 
P1	25 T32 32 
P0	26 T33 34 
P2	26 T34 40 
P3	27 T35 42 
P4	29 T36 37 
P1	34 T37 41 
NMec = 2020
Viable Sol. = 54609142450
Profit = 24
T = 38
P = 9
Profits ignored
Solution time = 4.538e+02
Task data
00    0  18     1
01    3   9     1
02    3  14     1
03    4  13     1
04    5  12     1
05    5  39     1
06    6  12     1
07    6  15     1
08    6  22     1
09    6  30     1
10    7  16     1
11    8  27     1
12    9  19     1
13    9  20     1
14   12  24     1
15   12  25     1
16   13  25     1
17   13  29     1
18   15  28     1
19   15  32     1
20   16  24     1
21   16  31     1
22   16  41     1
23   17  24     1
24   18  37     1
25   19  29     1
26   20  24     1
27   21  27     1
28   21  31     1
29   21  32     1
30   21  34     1
31   22  29     1
32   25  32     1
33   26  34     1
34   26  40     1
35   27  42     1
36   29  37     1
37   34  41     1
End
