P0	0 T0 15 
P-1	0 T1 21 
P1	0 T2 37 
P2	1 T3 7 
P3	2 T4 26 
P4	3 T5 22 
P5	4 T6 11 
P6	4 T7 16 
P7	4 T8 18 
P8	5 T9 13 
P9	6 T10 33 
P-1	8 T11 14 
P2	10 T12 34 
P-1	11 T13 23 
P-1	11 T14 34 
P-1	11 T15 36 
P-1	12 T16 21 
P5	12 T17 27 
P-1	13 T18 21 
P-1	13 T19 24 
P-1	13 T20 25 
P-1	13 T21 25 
P-1	13 T22 25 
P-1	14 T23 35 
P-1	15 T24 25 
P8	15 T25 32 
P0	16 T26 27 
P6	17 T27 32 
P-1	18 T28 28 
P7	19 T29 27 
P-1	23 T30 29 
P-1	23 T31 31 
P-1	24 T32 32 
P4	25 T33 36 
P3	27 T34 36 
P0	31 T35 35 
P5	31 T36 36 
P7	31 T37 37 
NMec = 2020
Viable Sol. = 58653837918
Profit = 58136
T = 38
P = 10
Profits not ignored
Solution time = 5.281e+02
Task data
00    0  15  1252
01    0  21  2510
02    0  37  8592
03    1   7   709
04    2  26  4892
05    3  22  5080
06    4  11  1474
07    4  16  2662
08    4  18  3479
09    5  13  2483
10    6  33  3884
11    8  14   603
12   10  34  6776
13   11  23  1418
14   11  34  1462
15   11  36  2043
16   12  21   946
17   12  27  4069
18   13  21  1577
19   13  24  1314
20   13  25  2008
21   13  25  2256
22   13  25  1484
23   14  35  1523
24   15  25  1504
25   15  32  2177
26   16  27  2511
27   17  32  1984
28   18  28  1091
29   19  27   968
30   23  29   451
31   23  31   888
32   24  32   733
33   25  36  1918
34   27  36  1364
35   31  35   271
36   31  36   701
37   31  37   890
End
