P0	7 T0 8 
P0	9 T1 23 
P-1	14 T2 187 
P1	17 T3 32 
P-1	36 T4 43 
P0	37 T5 54 
P1	38 T6 42 
P1	50 T7 66 
P-1	50 T8 154 
P-1	58 T9 74 
P-1	59 T10 183 
P-1	61 T11 70 
P-1	64 T12 71 
P-1	65 T13 78 
P0	65 T14 79 
P1	70 T15 77 
P-1	83 T16 153 
P0	86 T17 95 
P1	93 T18 97 
P-1	102 T19 109 
P0	105 T20 111 
P-1	106 T21 130 
P1	107 T22 117 
P-1	116 T23 135 
P-1	120 T24 148 
P-1	122 T25 133 
P0	124 T26 129 
P1	126 T27 142 
P0	147 T28 159 
P-1	150 T29 161 
P-1	155 T30 165 
P-1	155 T31 166 
P0	160 T32 169 
P1	161 T33 171 
P-1	166 T34 186 
P-1	170 T35 178 
P-1	170 T36 181 
P0	171 T37 182 
P1	173 T38 184 
NMec = 2020
Viable Sol. = 453891120
Profit = 19
T = 39
P = 2
Profits ignored
Solution time = 4.110e+00
Task data
00    7   8     1
01    9  23     1
02   14 187     1
03   17  32     1
04   36  43     1
05   37  54     1
06   38  42     1
07   50  66     1
08   50 154     1
09   58  74     1
10   59 183     1
11   61  70     1
12   64  71     1
13   65  78     1
14   65  79     1
15   70  77     1
16   83 153     1
17   86  95     1
18   93  97     1
19  102 109     1
20  105 111     1
21  106 130     1
22  107 117     1
23  116 135     1
24  120 148     1
25  122 133     1
26  124 129     1
27  126 142     1
28  147 159     1
29  150 161     1
30  155 165     1
31  155 166     1
32  160 169     1
33  161 171     1
34  166 186     1
35  170 178     1
36  170 181     1
37  171 182     1
38  173 184     1
End
