P0	0 T0 18 
P1	0 T1 19 
P-1	1 T2 11 
P-1	1 T3 39 
P2	3 T4 6 
P3	3 T5 12 
P4	3 T6 29 
P-1	4 T7 15 
P-1	4 T8 16 
P5	4 T9 41 
P-1	5 T10 17 
P6	6 T11 23 
P2	7 T12 17 
P-1	7 T13 45 
P-1	9 T14 31 
P7	10 T15 18 
P-1	11 T16 16 
P-1	12 T17 28 
P-1	14 T18 47 
P3	16 T19 42 
P-1	17 T20 29 
P2	18 T21 37 
P0	20 T22 24 
P-1	21 T23 34 
P-1	21 T24 41 
P-1	22 T25 30 
P-1	22 T26 41 
P-1	23 T27 41 
P1	24 T28 46 
P-1	24 T29 47 
P-1	25 T30 28 
P0	26 T31 48 
P-1	27 T32 40 
P6	28 T33 46 
P7	28 T34 47 
P-1	29 T35 41 
P4	35 T36 47 
P-1	35 T37 47 
P2	44 T38 47 
NMec = 2020
Viable Sol. = 45956707996
Profit = 64926
T = 39
P = 8
Profits not ignored
Solution time = 4.233e+02
Task data
00    0  18  3151
01    0  19  4291
02    1  11  1637
03    1  39  4697
04    3   6   332
05    3  12  2619
06    3  29  5149
07    4  15   761
08    4  16  1673
09    4  41  6505
10    5  17  1648
11    6  23  4636
12    7  17  1893
13    7  45  4767
14    9  31  2509
15   10  18  1905
16   11  16  1051
17   12  28  1493
18   14  47  3917
19   16  42  6418
20   17  29  3000
21   18  37  5381
22   20  24   762
23   21  34  1719
24   21  41  1373
25   22  30   948
26   22  41  1403
27   23  41  1966
28   24  46  5373
29   24  47  3677
30   25  28   698
31   26  48  5635
32   27  40  2408
33   28  46  4624
34   28  47  4250
35   29  41  2274
36   35  47  1507
37   35  47  1326
38   44  47   495
End
