P0	0 T0 15 
P1	0 T1 15 
P-1	0 T2 41 
P-1	1 T3 27 
P-1	2 T4 40 
P-1	2 T5 41 
P2	4 T6 17 
P-1	4 T7 20 
P-1	4 T8 28 
P-1	4 T9 43 
P3	5 T10 10 
P4	5 T11 16 
P5	6 T12 13 
P-1	6 T13 32 
P6	7 T14 15 
P-1	7 T15 21 
P-1	7 T16 26 
P7	8 T17 20 
P8	10 T18 25 
P3	12 T19 23 
P-1	12 T20 30 
P-1	14 T21 27 
P-1	16 T22 28 
P0	16 T23 37 
P1	17 T24 26 
P2	18 T25 20 
P4	18 T26 22 
P5	18 T27 28 
P6	20 T28 32 
P2	21 T29 27 
P4	23 T30 24 
P3	24 T31 32 
P7	24 T32 33 
P4	26 T33 35 
P8	26 T34 43 
P1	28 T35 42 
P2	32 T36 38 
P5	32 T37 41 
P3	34 T38 39 
NMec = 2020
Viable Sol. = 78958578336
Profit = 26
T = 39
P = 9
Profits ignored
Solution time = 7.144e+02
Task data
00    0  15     1
01    0  15     1
02    0  41     1
03    1  27     1
04    2  40     1
05    2  41     1
06    4  17     1
07    4  20     1
08    4  28     1
09    4  43     1
10    5  10     1
11    5  16     1
12    6  13     1
13    6  32     1
14    7  15     1
15    7  21     1
16    7  26     1
17    8  20     1
18   10  25     1
19   12  23     1
20   12  30     1
21   14  27     1
22   16  28     1
23   16  37     1
24   17  26     1
25   18  20     1
26   18  22     1
27   18  28     1
28   20  32     1
29   21  27     1
30   23  24     1
31   24  32     1
32   24  33     1
33   26  35     1
34   26  43     1
35   28  42     1
36   32  38     1
37   32  41     1
38   34  39     1
End
