P0	0 T0 38 
P1	0 T1 58 
P-1	1 T2 77 
P2	2 T3 10 
P-1	3 T4 76 
P3	5 T5 7 
P-1	8 T6 18 
P-1	8 T7 29 
P-1	8 T8 29 
P3	9 T9 73 
P4	10 T10 12 
P-1	10 T11 30 
P2	11 T12 28 
P-1	14 T13 19 
P-1	14 T14 22 
P4	14 T15 39 
P-1	17 T16 21 
P-1	17 T17 21 
P-1	19 T18 22 
P-1	19 T19 25 
P-1	21 T20 43 
P-1	24 T21 56 
P2	29 T22 41 
P-1	32 T23 41 
P-1	33 T24 48 
P-1	34 T25 44 
P-1	36 T26 45 
P0	40 T27 47 
P-1	41 T28 44 
P-1	41 T29 57 
P4	41 T30 61 
P2	42 T31 52 
P-1	48 T32 66 
P0	49 T33 55 
P2	53 T34 62 
P0	57 T35 62 
P1	59 T36 76 
P4	62 T37 77 
P0	64 T38 73 
NMec = 2020
Viable Sol. = 9711525433
Profit = 67215
T = 39
P = 5
Profits not ignored
Solution time = 7.945e+01
Task data
00    0  38  8015
01    0  58 12759
02    1  77  7734
03    2  10  1993
04    3  76 10232
05    5   7   411
06    8  18  2462
07    8  29  1549
08    8  29  4357
09    9  73 11320
10   10  12   707
11   10  30  2084
12   11  28  3663
13   14  19   640
14   14  22  2382
15   14  39  5664
16   17  21   692
17   17  21   344
18   19  22   430
19   19  25  1170
20   21  43  1361
21   24  56  3073
22   29  41  2182
23   32  41  1356
24   33  48  1839
25   34  44  1509
26   36  45  1172
27   40  47  2165
28   41  44   368
29   41  57  1455
30   41  61  4228
31   42  52  2589
32   48  66  1965
33   49  55  1484
34   53  62  1954
35   57  62   719
36   59  76  1998
37   62  77  3155
38   64  73  2209
End
