P0	8 T0 14 
P1	11 T1 17 
P2	11 T2 27 
P-1	16 T3 111 
P-1	19 T4 128 
P0	22 T5 35 
P1	23 T6 28 
P2	28 T7 51 
P0	37 T8 48 
P1	46 T9 67 
P-1	47 T10 119 
P0	51 T11 63 
P-1	51 T12 71 
P-1	55 T13 75 
P2	59 T14 62 
P-1	61 T15 80 
P-1	62 T16 79 
P2	63 T17 77 
P0	64 T18 71 
P1	68 T19 79 
P0	72 T20 88 
P-1	74 T21 95 
P-1	77 T22 92 
P-1	85 T23 92 
P-1	87 T24 106 
P0	89 T25 92 
P1	92 T26 104 
P2	92 T27 106 
P0	93 T28 97 
P-1	99 T29 118 
P-1	99 T30 120 
P-1	100 T31 116 
P0	104 T32 112 
P1	105 T33 116 
P2	107 T34 114 
P-1	111 T35 126 
P0	117 T36 126 
P1	117 T37 127 
P2	118 T38 126 
NMec = 2020
Viable Sol. = 2896821892
Profit = 24
T = 39
P = 3
Profits ignored
Solution time = 2.293e+01
Task data
00    8  14     1
01   11  17     1
02   11  27     1
03   16 111     1
04   19 128     1
05   22  35     1
06   23  28     1
07   28  51     1
08   37  48     1
09   46  67     1
10   47 119     1
11   51  63     1
12   51  71     1
13   55  75     1
14   59  62     1
15   61  80     1
16   62  79     1
17   63  77     1
18   64  71     1
19   68  79     1
20   72  88     1
21   74  95     1
22   77  92     1
23   85  92     1
24   87 106     1
25   89  92     1
26   92 104     1
27   92 106     1
28   93  97     1
29   99 118     1
30   99 120     1
31  100 116     1
32  104 112     1
33  105 116     1
34  107 114     1
35  111 126     1
36  117 126     1
37  117 127     1
38  118 126     1
End
