P-1	0 T0 22 
P0	3 T1 4 
P-1	5 T2 21 
P0	6 T3 12 
P-1	6 T4 39 
P1	7 T5 17 
P-1	7 T6 40 
P-1	11 T7 33 
P2	12 T8 22 
P-1	12 T9 26 
P-1	14 T10 28 
P0	15 T11 26 
P3	17 T12 29 
P4	17 T13 35 
P1	18 T14 39 
P5	19 T15 34 
P-1	19 T16 41 
P-1	19 T17 42 
P-1	23 T18 46 
P2	24 T19 28 
P-1	26 T20 44 
P-1	27 T21 42 
P-1	28 T22 47 
P-1	28 T23 49 
P0	31 T24 38 
P-1	32 T25 47 
P-1	34 T26 50 
P2	35 T27 42 
P-1	38 T28 55 
P0	39 T29 50 
P1	40 T30 51 
P3	40 T31 62 
P4	41 T32 45 
P5	41 T33 59 
P2	44 T34 61 
P4	48 T35 53 
P0	53 T36 61 
P1	53 T37 61 
P4	55 T38 64 
NMec = 2020
Viable Sol. = 23544054738
Profit = 22
T = 39
P = 6
Profits ignored
Solution time = 1.759e+02
Task data
00    0  22     1
01    3   4     1
02    5  21     1
03    6  12     1
04    6  39     1
05    7  17     1
06    7  40     1
07   11  33     1
08   12  22     1
09   12  26     1
10   14  28     1
11   15  26     1
12   17  29     1
13   17  35     1
14   18  39     1
15   19  34     1
16   19  41     1
17   19  42     1
18   23  46     1
19   24  28     1
20   26  44     1
21   27  42     1
22   28  47     1
23   28  49     1
24   31  38     1
25   32  47     1
26   34  50     1
27   35  42     1
28   38  55     1
29   39  50     1
30   40  51     1
31   40  62     1
32   41  45     1
33   41  59     1
34   44  61     1
35   48  53     1
36   53  61     1
37   53  61     1
38   55  64     1
End
