P-1	0 T0 11 
P-1	1 T1 21 
P0	2 T2 21 
P-1	2 T3 85 
P-1	4 T4 20 
P1	5 T5 14 
P2	6 T6 62 
P3	7 T7 16 
P-1	14 T8 39 
P-1	15 T9 45 
P-1	17 T10 19 
P1	17 T11 34 
P-1	18 T12 29 
P3	19 T13 33 
P0	22 T14 41 
P-1	24 T15 38 
P-1	28 T16 34 
P-1	32 T17 42 
P-1	33 T18 50 
P-1	35 T19 50 
P1	35 T20 58 
P-1	36 T21 40 
P3	36 T22 49 
P-1	40 T23 52 
P-1	41 T24 52 
P0	44 T25 55 
P-1	48 T26 64 
P-1	55 T27 65 
P-1	55 T28 66 
P0	57 T29 65 
P3	58 T30 76 
P-1	61 T31 70 
P-1	61 T32 78 
P1	62 T33 78 
P0	71 T34 74 
P2	72 T35 77 
P0	76 T36 90 
P3	77 T37 92 
P1	82 T38 88 
NMec = 2020
Viable Sol. = 12473393710
Profit = 45321
T = 39
P = 4
Profits not ignored
Solution time = 9.649e+01
Task data
00    0  11   804
01    1  21  1782
02    2  21  2440
03    2  85  8641
04    4  20  1881
05    5  14  1136
06    6  62  9112
07    7  16  1564
08   14  39  2896
09   15  45  3703
10   17  19   360
11   17  34  2355
12   18  29  1409
13   19  33  3413
14   22  41  5400
15   24  38  1780
16   28  34  1173
17   32  42  1173
18   33  50  3744
19   35  50  2613
20   35  58  2932
21   36  40   720
22   36  49  2907
23   40  52  1463
24   41  52  1465
25   44  55   761
26   48  64  1916
27   55  65   658
28   55  66   966
29   57  65  1857
30   58  76  2830
31   61  70  1553
32   61  78  2366
33   62  78  2402
34   71  74   427
35   72  77  1174
36   76  90  2356
37   77  92  1278
38   82  88   977
End
