P0	0 T0 18 
P1	0 T1 22 
P2	0 T2 52 
P3	1 T3 4 
P4	3 T4 12 
P-1	4 T5 23 
P-1	7 T6 12 
P-1	8 T7 30 
P3	8 T8 35 
P5	9 T9 47 
P-1	10 T10 24 
P6	12 T11 20 
P-1	12 T12 21 
P-1	16 T13 31 
P-1	16 T14 31 
P-1	17 T15 29 
P-1	18 T16 26 
P-1	18 T17 33 
P4	18 T18 33 
P-1	20 T19 29 
P0	20 T20 36 
P-1	21 T21 47 
P6	22 T22 29 
P-1	22 T23 47 
P-1	26 T24 28 
P-1	26 T25 42 
P-1	27 T26 45 
P-1	28 T27 46 
P1	28 T28 47 
P-1	30 T29 51 
P-1	30 T30 53 
P6	31 T31 49 
P-1	32 T32 55 
P3	36 T33 41 
P4	36 T34 51 
P-1	37 T35 55 
P0	40 T36 53 
P3	42 T37 50 
P-1	47 T38 52 
NMec = 2020
Viable Sol. = 29890080024
Profit = 51108
T = 39
P = 7
Profits not ignored
Solution time = 2.901e+02
Task data
00    0  18  1973
01    0  22  4375
02    0  52  5716
03    1   4   307
04    3  12  1050
05    4  23  1677
06    7  12   665
07    8  30  3288
08    8  35  5086
09    9  47  6268
10   10  24  2589
11   12  20  1771
12   12  21  1303
13   16  31  2029
14   16  31  2439
15   17  29  2665
16   18  26  1918
17   18  33  1595
18   18  33  3510
19   20  29  1181
20   20  36  3433
21   21  47  4328
22   22  29  2022
23   22  47  4324
24   26  28   616
25   26  42  2237
26   27  45  2083
27   28  46  1435
28   28  47  5563
29   30  51  2060
30   30  53  1826
31   31  49  2825
32   32  55  2242
33   36  41  1272
34   36  51  2270
35   37  55  1746
36   40  53  2183
37   42  50  1484
38   47  52   842
End
