P0	0 T0 5 
P1	1 T1 9 
P2	2 T2 11 
P-1	2 T3 18 
P-1	4 T4 21 
P-1	4 T5 22 
P-1	5 T6 25 
P-1	6 T7 15 
P0	6 T8 16 
P-1	7 T9 27 
P-1	7 T10 31 
P-1	8 T11 19 
P3	8 T12 22 
P-1	8 T13 23 
P-1	8 T14 30 
P-1	8 T15 32 
P4	9 T16 19 
P-1	10 T17 23 
P-1	10 T18 27 
P1	11 T19 23 
P5	11 T20 29 
P2	12 T21 25 
P6	12 T22 32 
P7	13 T23 25 
P8	15 T24 32 
P0	19 T25 29 
P4	21 T26 31 
P3	23 T27 24 
P1	28 T28 30 
NMec = 97827
Viable Sol. = 125983512
Profit = 16
T = 29
P = 9
Profits ignored
Solution time = 1.155e+00
Task data
00    0   5     1
01    1   9     1
02    2  11     1
03    2  18     1
04    4  21     1
05    4  22     1
06    5  25     1
07    6  15     1
08    6  16     1
09    7  27     1
10    7  31     1
11    8  19     1
12    8  22     1
13    8  23     1
14    8  30     1
15    8  32     1
16    9  19     1
17   10  23     1
18   10  27     1
19   11  23     1
20   11  29     1
21   12  25     1
22   12  32     1
23   13  25     1
24   15  32     1
25   19  29     1
26   21  31     1
27   23  24     1
28   28  30     1
End
