P0	10 T0 13 
P-1	7 T1 25 
P0	57 T2 65 
P-1	58 T3 68 
P-1	2 T4 77 
P0	68 T5 87 
P-1	87 T6 95 
P0	134 T7 138 
P-1	132 T8 145 
P-1	134 T9 151 
P0	143 T10 154 
P-1	137 T11 158 
P0	161 T12 177 
P-1	161 T13 178 
P0	196 T14 207 
P-1	189 T15 212 
P-1	203 T16 213 
P0	208 T17 220 
P-1	195 T18 222 
P-1	204 T19 227 
P-1	204 T20 227 
P-1	220 T21 227 
P-1	7 T22 261 
P0	247 T23 262 
P-1	250 T24 273 
P-1	255 T25 274 
P-1	50 T26 283 
P-1	5 T27 287 
P0	275 T28 288 
NMec = 97827
Viable Sol. = 0
Profit = 10
T = 29
P = 1
Profits ignored
Solution time = 6.457e-06
Task data
00   10  13     1
01    7  25     1
02   57  65     1
03   58  68     1
04    2  77     1
05   68  87     1
06   87  95     1
07  134 138     1
08  132 145     1
09  134 151     1
10  143 154     1
11  137 158     1
12  161 177     1
13  161 178     1
14  196 207     1
15  189 212     1
16  203 213     1
17  208 220     1
18  195 222     1
19  204 227     1
20  204 227     1
21  220 227     1
22    7 261     1
23  247 262     1
24  250 273     1
25  255 274     1
26   50 283     1
27    5 287     1
28  275 288     1
End
