P-1	1 T0 37 
P-1	1 T1 55 
P-1	2 T2 47 
P-1	2 T3 56 
P-1	3 T4 28 
P-1	4 T5 29 
P-1	5 T6 24 
P-1	6 T7 17 
P0	6 T8 20 
P1	13 T9 20 
P2	14 T10 20 
P3	14 T11 20 
P4	17 T12 24 
P-1	19 T13 57 
P0	21 T14 29 
P-1	24 T15 33 
P1	24 T16 33 
P-1	24 T17 37 
P-1	24 T18 38 
P2	26 T19 34 
P-1	27 T20 54 
P-1	29 T21 38 
P3	29 T22 47 
P0	30 T23 44 
P4	32 T24 36 
P1	35 T25 51 
P2	35 T26 53 
P0	45 T27 55 
P4	46 T28 54 
NMec = 97827
Viable Sol. = 18898118
Profit = 15
T = 29
P = 5
Profits ignored
Solution time = 1.830e-01
Task data
00    1  37     1
01    1  55     1
02    2  47     1
03    2  56     1
04    3  28     1
05    4  29     1
06    5  24     1
07    6  17     1
08    6  20     1
09   13  20     1
10   14  20     1
11   14  20     1
12   17  24     1
13   19  57     1
14   21  29     1
15   24  33     1
16   24  33     1
17   24  37     1
18   24  38     1
19   26  34     1
20   27  54     1
21   29  38     1
22   29  47     1
23   30  44     1
24   32  36     1
25   35  51     1
26   35  53     1
27   45  55     1
28   46  54     1
End
