P-1	0 T0 15 
P-1	1 T1 14 
P-1	1 T2 20 
P-1	1 T3 26 
P-1	1 T4 27 
P0	2 T5 8 
P-1	2 T6 36 
P-1	4 T7 19 
P1	6 T8 14 
P-1	6 T9 25 
P-1	6 T10 27 
P-1	8 T11 28 
P-1	9 T12 15 
P0	10 T13 26 
P2	11 T14 16 
P3	11 T15 18 
P4	11 T16 29 
P5	12 T17 13 
P6	12 T18 21 
P7	12 T19 27 
P5	14 T20 25 
P1	15 T21 31 
P2	19 T22 26 
P3	20 T23 24 
P6	23 T24 33 
P3	25 T25 32 
P5	26 T26 29 
P0	27 T27 34 
P2	30 T28 34 
NMec = 97827
Viable Sol. = 134517444
Profit = 18
T = 29
P = 8
Profits ignored
Solution time = 1.221e+00
Task data
00    0  15     1
01    1  14     1
02    1  20     1
03    1  26     1
04    1  27     1
05    2   8     1
06    2  36     1
07    4  19     1
08    6  14     1
09    6  25     1
10    6  27     1
11    8  28     1
12    9  15     1
13   10  26     1
14   11  16     1
15   11  18     1
16   11  29     1
17   12  13     1
18   12  21     1
19   12  27     1
20   14  25     1
21   15  31     1
22   19  26     1
23   20  24     1
24   23  33     1
25   25  32     1
26   26  29     1
27   27  34     1
28   30  34     1
End
