P0	4 T0 12 
P-1	10 T1 30 
P-1	14 T2 35 
P-1	15 T3 23 
P-1	16 T4 27 
P0	18 T5 26 
P1	21 T6 23 
P1	24 T7 41 
P-1	29 T8 96 
P-1	36 T9 48 
P-1	43 T10 52 
P0	47 T11 56 
P1	48 T12 54 
P1	55 T13 67 
P0	59 T14 66 
P-1	63 T15 74 
P-1	68 T16 74 
P-1	69 T17 89 
P0	70 T18 81 
P1	72 T19 90 
P-1	74 T20 96 
P-1	81 T21 93 
P0	89 T22 99 
P1	91 T23 102 
P-1	105 T24 121 
P0	109 T25 118 
P1	110 T26 117 
P0	122 T27 123 
P0	124 T28 144 
NMec = 97827
Viable Sol. = 10202416
Profit = 16
T = 29
P = 2
Profits ignored
Solution time = 7.629e-02
Task data
00    4  12     1
01   10  30     1
02   14  35     1
03   15  23     1
04   16  27     1
05   18  26     1
06   21  23     1
07   24  41     1
08   29  96     1
09   36  48     1
10   43  52     1
11   47  56     1
12   48  54     1
13   55  67     1
14   59  66     1
15   63  74     1
16   68  74     1
17   69  89     1
18   70  81     1
19   72  90     1
20   74  96     1
21   81  93     1
22   89  99     1
23   91 102     1
24  105 121     1
25  109 118     1
26  110 117     1
27  122 123     1
28  124 144     1
End
