P0	2 T0 9 
P1	4 T1 21 
P2	5 T2 7 
P-1	13 T3 26 
P0	19 T4 30 
P2	20 T5 22 
P-1	20 T6 33 
P-1	21 T7 32 
P1	22 T8 38 
P2	25 T9 44 
P0	31 T10 33 
P0	36 T11 55 
P1	44 T12 50 
P-1	48 T13 61 
P-1	56 T14 65 
P0	58 T15 63 
P1	58 T16 64 
P2	61 T17 69 
P0	65 T18 77 
P-1	65 T19 85 
P-1	65 T20 91 
P-1	68 T21 83 
P-1	69 T22 78 
P-1	70 T23 79 
P-1	74 T24 94 
P1	76 T25 82 
P2	77 T26 93 
P0	78 T27 95 
P1	88 T28 94 
NMec = 97827
Viable Sol. = 39541536
Profit = 18
T = 29
P = 3
Profits ignored
Solution time = 3.865e-01
Task data
00    2   9     1
01    4  21     1
02    5   7     1
03   13  26     1
04   19  30     1
05   20  22     1
06   20  33     1
07   21  32     1
08   22  38     1
09   25  44     1
10   31  33     1
11   36  55     1
12   44  50     1
13   48  61     1
14   56  65     1
15   58  63     1
16   58  64     1
17   61  69     1
18   65  77     1
19   65  85     1
20   65  91     1
21   68  83     1
22   69  78     1
23   70  79     1
24   74  94     1
25   76  82     1
26   77  93     1
27   78  95     1
28   88  94     1
End
