P-1	0 T0 22 
P-1	1 T1 18 
P-1	3 T2 20 
P0	4 T3 16 
P-1	4 T4 24 
P1	5 T5 15 
P-1	5 T6 20 
P-1	5 T7 27 
P2	6 T8 15 
P3	7 T9 16 
P4	7 T10 19 
P-1	7 T11 23 
P-1	7 T12 28 
P5	8 T13 15 
P6	8 T14 20 
P-1	8 T15 22 
P7	9 T16 24 
P8	12 T17 19 
P9	13 T18 23 
P1	16 T19 23 
P2	16 T20 25 
P5	16 T21 25 
P0	17 T22 27 
P3	19 T23 29 
P4	21 T24 22 
P6	22 T25 26 
P8	22 T26 28 
P4	23 T27 27 
P0	28 T28 29 
NMec = 97827
Viable Sol. = 298573430
Profit = 20
T = 29
P = 10
Profits ignored
Solution time = 2.681e+00
Task data
00    0  22     1
01    1  18     1
02    3  20     1
03    4  16     1
04    4  24     1
05    5  15     1
06    5  20     1
07    5  27     1
08    6  15     1
09    7  16     1
10    7  19     1
11    7  23     1
12    7  28     1
13    8  15     1
14    8  20     1
15    8  22     1
16    9  24     1
17   12  19     1
18   13  23     1
19   16  23     1
20   16  25     1
21   16  25     1
22   17  27     1
23   19  29     1
24   21  22     1
25   22  26     1
26   22  28     1
27   23  27     1
28   28  29     1
End
