P-1	0 T0 21 
P-1	0 T1 47 
P0	1 T2 17 
P-1	1 T3 46 
P1	5 T4 11 
P-1	6 T5 46 
P-1	7 T6 32 
P2	8 T7 16 
P3	10 T8 23 
P-1	10 T9 34 
P1	15 T10 21 
P4	15 T11 26 
P5	15 T12 28 
P-1	16 T13 32 
P-1	16 T14 37 
P-1	19 T15 31 
P-1	19 T16 32 
P-1	19 T17 36 
P0	20 T18 22 
P0	23 T19 25 
P-1	23 T20 31 
P1	23 T21 42 
P2	24 T22 42 
P3	25 T23 40 
P0	27 T24 34 
P4	29 T25 33 
P5	29 T26 41 
P0	36 T27 41 
P4	39 T28 45 
P0	42 T29 47 
NMec = 97827
Viable Sol. = 72871898
Profit = 18
T = 30
P = 6
Profits ignored
Solution time = 6.058e-01
Task data
00    0  21     1
01    0  47     1
02    1  17     1
03    1  46     1
04    5  11     1
05    6  46     1
06    7  32     1
07    8  16     1
08   10  23     1
09   10  34     1
10   15  21     1
11   15  26     1
12   15  28     1
13   16  32     1
14   16  37     1
15   19  31     1
16   19  32     1
17   19  36     1
18   20  22     1
19   23  25     1
20   23  31     1
21   23  42     1
22   24  42     1
23   25  40     1
24   27  34     1
25   29  33     1
26   29  41     1
27   36  41     1
28   39  45     1
29   42  47     1
End
