P0	0 T0 2 
P0	3 T1 16 
P1	4 T2 13 
P-1	6 T3 23 
P2	10 T4 15 
P-1	14 T5 19 
P1	16 T6 19 
P-1	16 T7 33 
P0	18 T8 22 
P2	18 T9 25 
P-1	23 T10 34 
P0	23 T11 35 
P-1	23 T12 67 
P1	26 T13 33 
P2	33 T14 50 
P1	35 T15 41 
P0	52 T16 56 
P1	54 T17 62 
P-1	54 T18 97 
P2	55 T19 62 
P0	63 T20 66 
P-1	67 T21 87 
P0	75 T22 76 
P1	75 T23 81 
P-1	75 T24 86 
P-1	76 T25 95 
P0	77 T26 87 
P2	80 T27 83 
P1	82 T28 88 
P2	87 T29 98 
NMec = 97827
Viable Sol. = 129699936
Profit = 21
T = 30
P = 3
Profits ignored
Solution time = 1.201e+00
Task data
00    0   2     1
01    3  16     1
02    4  13     1
03    6  23     1
04   10  15     1
05   14  19     1
06   16  19     1
07   16  33     1
08   18  22     1
09   18  25     1
10   23  34     1
11   23  35     1
12   23  67     1
13   26  33     1
14   33  50     1
15   35  41     1
16   52  56     1
17   54  62     1
18   54  97     1
19   55  62     1
20   63  66     1
21   67  87     1
22   75  76     1
23   75  81     1
24   75  86     1
25   76  95     1
26   77  87     1
27   80  83     1
28   82  88     1
29   87  98     1
End
