P-1	0 T0 14 
P-1	0 T1 26 
P0	2 T2 10 
P1	2 T3 10 
P2	3 T4 8 
P3	3 T5 12 
P-1	3 T6 26 
P-1	4 T7 29 
P4	5 T8 10 
P5	6 T9 16 
P-1	6 T10 21 
P-1	6 T11 30 
P6	7 T12 14 
P7	7 T13 18 
P-1	7 T14 19 
P8	7 T15 19 
P-1	10 T16 23 
P-1	11 T17 27 
P0	14 T18 21 
P-1	14 T19 24 
P-1	14 T20 27 
P1	15 T21 25 
P2	17 T22 24 
P3	17 T23 28 
P4	17 T24 29 
P5	18 T25 27 
P6	19 T26 29 
P7	19 T27 33 
P8	20 T28 32 
P0	23 T29 26 
NMec = 97827
Viable Sol. = 404993223
Profit = 19
T = 30
P = 9
Profits ignored
Solution time = 4.509e+00
Task data
00    0  14     1
01    0  26     1
02    2  10     1
03    2  10     1
04    3   8     1
05    3  12     1
06    3  26     1
07    4  29     1
08    5  10     1
09    6  16     1
10    6  21     1
11    6  30     1
12    7  14     1
13    7  18     1
14    7  19     1
15    7  19     1
16   10  23     1
17   11  27     1
18   14  21     1
19   14  24     1
20   14  27     1
21   15  25     1
22   17  24     1
23   17  28     1
24   17  29     1
25   18  27     1
26   19  29     1
27   19  33     1
28   20  32     1
29   23  26     1
End
