P-1	0 T0 148 
P-1	11 T1 105 
P-1	12 T2 24 
P-1	14 T3 20 
P0	16 T4 22 
P-1	16 T5 40 
P-1	16 T6 136 
P1	20 T7 36 
P-1	26 T8 54 
P0	31 T9 57 
P1	37 T10 49 
P-1	39 T11 145 
P1	51 T12 61 
P-1	64 T13 70 
P0	65 T14 69 
P1	67 T15 88 
P0	72 T16 88 
P-1	82 T17 100 
P-1	86 T18 97 
P0	93 T19 99 
P1	94 T20 104 
P-1	101 T21 111 
P-1	102 T22 121 
P-1	106 T23 113 
P0	106 T24 130 
P1	109 T25 117 
P-1	118 T26 138 
P-1	125 T27 138 
P0	136 T28 148 
P1	137 T29 147 
NMec = 97827
Viable Sol. = 3819719
Profit = 14
T = 30
P = 2
Profits ignored
Solution time = 3.761e-02
Task data
00    0 148     1
01   11 105     1
02   12  24     1
03   14  20     1
04   16  22     1
05   16  40     1
06   16 136     1
07   20  36     1
08   26  54     1
09   31  57     1
10   37  49     1
11   39 145     1
12   51  61     1
13   64  70     1
14   65  69     1
15   67  88     1
16   72  88     1
17   82 100     1
18   86  97     1
19   93  99     1
20   94 104     1
21  101 111     1
22  102 121     1
23  106 113     1
24  106 130     1
25  109 117     1
26  118 138     1
27  125 138     1
28  136 148     1
29  137 147     1
End
