P0	0 T0 6 
P-1	1 T1 16 
P-1	1 T2 20 
P1	2 T3 9 
P-1	3 T4 34 
P2	4 T5 5 
P-1	4 T6 25 
P-1	4 T7 27 
P-1	5 T8 15 
P0	7 T9 11 
P-1	7 T10 16 
P-1	7 T11 17 
P-1	7 T12 24 
P-1	9 T13 13 
P2	9 T14 19 
P1	10 T15 13 
P3	11 T16 21 
P4	11 T17 31 
P0	12 T18 16 
P5	12 T19 18 
P6	13 T20 25 
P0	17 T21 25 
P1	17 T22 32 
P2	21 T23 31 
P3	24 T24 43 
P5	25 T25 32 
P0	29 T26 38 
P6	31 T27 32 
P2	32 T28 34 
P1	34 T29 40 
P2	35 T30 40 
NMec = 97827
Viable Sol. = 613394800
Profit = 21
T = 31
P = 7
Profits ignored
Solution time = 4.564e+00
Task data
00    0   6     1
01    1  16     1
02    1  20     1
03    2   9     1
04    3  34     1
05    4   5     1
06    4  25     1
07    4  27     1
08    5  15     1
09    7  11     1
10    7  16     1
11    7  17     1
12    7  24     1
13    9  13     1
14    9  19     1
15   10  13     1
16   11  21     1
17   11  31     1
18   12  16     1
19   12  18     1
20   13  25     1
21   17  25     1
22   17  32     1
23   21  31     1
24   24  43     1
25   25  32     1
26   29  38     1
27   31  32     1
28   32  34     1
29   34  40     1
30   35  40     1
End
