P0	0 T0 3 
P1	1 T1 28 
P2	1 T2 33 
P3	2 T3 9 
P4	2 T4 26 
P5	2 T5 28 
P-1	4 T6 14 
P0	4 T7 20 
P-1	5 T8 14 
P6	5 T9 20 
P7	7 T10 15 
P-1	7 T11 21 
P8	8 T12 19 
P-1	9 T13 17 
P-1	9 T14 27 
P-1	10 T15 34 
P-1	12 T16 25 
P-1	12 T17 27 
P-1	12 T18 34 
P3	14 T19 17 
P-1	15 T20 24 
P-1	15 T21 30 
P7	16 T22 32 
P-1	18 T23 27 
P3	19 T24 21 
P0	21 T25 32 
P-1	22 T26 27 
P3	22 T27 34 
P-1	23 T28 29 
P6	23 T29 32 
P8	23 T30 34 
NMec = 97827
Viable Sol. = 709918296
Profit = 45273
T = 31
P = 9
Profits not ignored
Solution time = 8.953e+00
Task data
00    0   3   411
01    1  28  6631
02    1  33  3853
03    2   9  1633
04    2  26  6796
05    2  28  5699
06    4  14   733
07    4  20  1740
08    5  14   629
09    5  20  1579
10    7  15   895
11    7  21  1193
12    8  19  1770
13    9  17  1331
14    9  27  2042
15   10  34  2431
16   12  25  1957
17   12  27  2138
18   12  34  2494
19   14  17  1046
20   15  24  2384
21   15  30  1243
22   16  32  2511
23   18  27  1023
24   19  21   693
25   21  32  3436
26   22  27   976
27   22  34  1727
28   23  29   728
29   23  32  1719
30   23  34  3134
End
