P0	0 T0 1 
P1	1 T1 58 
P0	2 T2 15 
P2	4 T3 13 
P-1	4 T4 16 
P3	4 T5 16 
P-1	5 T6 38 
P-1	6 T7 28 
P-1	8 T8 15 
P-1	9 T9 11 
P4	9 T10 26 
P-1	11 T11 28 
P-1	13 T12 32 
P2	14 T13 21 
P0	17 T14 25 
P3	18 T15 19 
P3	20 T16 30 
P2	22 T17 59 
P-1	24 T18 33 
P-1	25 T19 43 
P0	27 T20 38 
P4	27 T21 40 
P-1	33 T22 41 
P3	34 T23 46 
P-1	37 T24 39 
P-1	37 T25 50 
P0	39 T26 59 
P-1	40 T27 49 
P4	41 T28 50 
P-1	41 T29 58 
P3	48 T30 51 
NMec = 97827
Viable Sol. = 321358368
Profit = 40478
T = 31
P = 5
Profits not ignored
Solution time = 2.889e+00
Task data
00    0   1   340
01    1  58 10879
02    2  15  1874
03    4  13  1709
04    4  16  1067
05    4  16  2863
06    5  38  4639
07    6  28  2503
08    8  15  1116
09    9  11   870
10    9  26  3882
11   11  28  2643
12   13  32  2292
13   14  21  1058
14   17  25  1859
15   18  19   491
16   20  30  1518
17   22  59  4438
18   24  33   999
19   25  43  1923
20   27  38  1818
21   27  40  1038
22   33  41  1069
23   34  46  2898
24   37  39   285
25   37  50  1587
26   39  59  1843
27   40  49  1294
28   41  50  1570
29   41  58  1032
30   48  51   400
End
