P0	0 T0 1 
P-1	1 T1 58 
P-1	2 T2 15 
P0	4 T3 13 
P-1	4 T4 16 
P1	4 T5 16 
P-1	5 T6 38 
P-1	6 T7 28 
P2	8 T8 15 
P3	9 T9 11 
P4	9 T10 26 
P-1	11 T11 28 
P3	13 T12 32 
P0	14 T13 21 
P1	17 T14 25 
P2	18 T15 19 
P2	20 T16 30 
P-1	22 T17 59 
P0	24 T18 33 
P-1	25 T19 43 
P1	27 T20 38 
P4	27 T21 40 
P-1	33 T22 41 
P0	34 T23 46 
P2	37 T24 39 
P-1	37 T25 50 
P1	39 T26 59 
P2	40 T27 49 
P3	41 T28 50 
P4	41 T29 58 
P0	48 T30 51 
NMec = 97827
Viable Sol. = 321358368
Profit = 21
T = 31
P = 5
Profits ignored
Solution time = 2.840e+00
Task data
00    0   1     1
01    1  58     1
02    2  15     1
03    4  13     1
04    4  16     1
05    4  16     1
06    5  38     1
07    6  28     1
08    8  15     1
09    9  11     1
10    9  26     1
11   11  28     1
12   13  32     1
13   14  21     1
14   17  25     1
15   18  19     1
16   20  30     1
17   22  59     1
18   24  33     1
19   25  43     1
20   27  38     1
21   27  40     1
22   33  41     1
23   34  46     1
24   37  39     1
25   37  50     1
26   39  59     1
27   40  49     1
28   41  50     1
29   41  58     1
30   48  51     1
End
