P0	0 T0 3 
P-1	1 T1 28 
P-1	1 T2 33 
P1	2 T3 9 
P-1	2 T4 26 
P-1	2 T5 28 
P0	4 T6 14 
P2	4 T7 20 
P3	5 T8 14 
P4	5 T9 20 
P5	7 T10 15 
P6	7 T11 21 
P7	8 T12 19 
P8	9 T13 17 
P-1	9 T14 27 
P-1	10 T15 34 
P-1	12 T16 25 
P-1	12 T17 27 
P-1	12 T18 34 
P1	14 T19 17 
P-1	15 T20 24 
P0	15 T21 30 
P3	16 T22 32 
P1	18 T23 27 
P5	19 T24 21 
P2	21 T25 32 
P4	22 T26 27 
P5	22 T27 34 
P6	23 T28 29 
P7	23 T29 32 
P8	23 T30 34 
NMec = 97827
Viable Sol. = 709918296
Profit = 21
T = 31
P = 9
Profits ignored
Solution time = 8.693e+00
Task data
00    0   3     1
01    1  28     1
02    1  33     1
03    2   9     1
04    2  26     1
05    2  28     1
06    4  14     1
07    4  20     1
08    5  14     1
09    5  20     1
10    7  15     1
11    7  21     1
12    8  19     1
13    9  17     1
14    9  27     1
15   10  34     1
16   12  25     1
17   12  27     1
18   12  34     1
19   14  17     1
20   15  24     1
21   15  30     1
22   16  32     1
23   18  27     1
24   19  21     1
25   21  32     1
26   22  27     1
27   22  34     1
28   23  29     1
29   23  32     1
30   23  34     1
End
