P0	0 T0 3 
P1	0 T1 17 
P2	1 T2 12 
P3	2 T3 10 
P4	2 T4 17 
P-1	4 T5 15 
P-1	5 T6 14 
P0	5 T7 18 
P-1	8 T8 27 
P5	9 T9 23 
P-1	9 T10 31 
P-1	10 T11 15 
P2	13 T12 22 
P3	17 T13 31 
P1	18 T14 26 
P-1	19 T15 32 
P0	21 T16 31 
P-1	22 T17 31 
P-1	23 T18 32 
P2	23 T19 33 
P-1	23 T20 45 
P-1	24 T21 29 
P-1	26 T22 37 
P1	27 T23 46 
P4	27 T24 48 
P-1	28 T25 33 
P5	28 T26 48 
P0	35 T27 47 
P2	37 T28 46 
P3	38 T29 51 
P-1	43 T30 48 
NMec = 97827
Viable Sol. = 547842494
Profit = 43721
T = 31
P = 6
Profits not ignored
Solution time = 4.432e+00
Task data
00    0   3   245
01    0  17  1731
02    1  12  1625
03    2  10  1338
04    2  17  2312
05    4  15   993
06    5  14   821
07    5  18  2765
08    8  27  1614
09    9  23  2169
10    9  31  2450
11   10  15   561
12   13  22   956
13   17  31  3611
14   18  26  1941
15   19  32  1629
16   21  31  2872
17   22  31  1128
18   23  32  1043
19   23  33  1737
20   23  45  2366
21   24  29   610
22   26  37   972
23   27  46  3597
24   27  48  4579
25   28  33   870
26   28  48  5540
27   35  47  2550
28   37  46  1491
29   38  51  2662
30   43  48   968
End
