P0	0 T0 8 
P-1	1 T1 23 
P-1	2 T2 13 
P1	3 T3 42 
P2	4 T4 8 
P-1	5 T5 64 
P-1	6 T6 13 
P3	6 T7 17 
P0	9 T8 23 
P2	12 T9 16 
P2	18 T10 35 
P-1	19 T11 22 
P-1	19 T12 41 
P3	20 T13 28 
P-1	23 T14 37 
P-1	26 T15 38 
P-1	27 T16 46 
P-1	28 T17 44 
P0	29 T18 50 
P-1	31 T19 37 
P3	34 T20 48 
P-1	38 T21 44 
P-1	43 T22 45 
P1	43 T23 65 
P2	44 T24 60 
P-1	46 T25 59 
P-1	53 T26 59 
P0	59 T27 71 
P3	59 T28 72 
P-1	59 T29 74 
P2	62 T30 73 
NMec = 97827
Viable Sol. = 184829536
Profit = 42836
T = 31
P = 4
Profits not ignored
Solution time = 1.553e+00
Task data
00    0   8   847
01    1  23  2115
02    2  13  1337
03    3  42  6458
04    4   8   701
05    5  64  7020
06    6  13  1604
07    6  17  2983
08    9  23  2926
09   12  16   992
10   18  35  2885
11   19  22   859
12   19  41  2055
13   20  28  1183
14   23  37  1178
15   26  38  1720
16   27  46  2208
17   28  44  1409
18   29  50  5027
19   31  37  1047
20   34  48  4135
21   38  44   858
22   43  45   473
23   43  65  3701
24   44  60  2812
25   46  59  1131
26   53  59  1231
27   59  71  3322
28   59  72  2164
29   59  74  1229
30   62  73  2700
End
