P0	0 T0 3 
P-1	0 T1 17 
P-1	1 T2 12 
P1	2 T3 10 
P-1	2 T4 17 
P-1	4 T5 15 
P0	5 T6 14 
P2	5 T7 18 
P3	8 T8 27 
P4	9 T9 23 
P-1	9 T10 31 
P5	10 T11 15 
P1	13 T12 22 
P-1	17 T13 31 
P0	18 T14 26 
P-1	19 T15 32 
P-1	21 T16 31 
P-1	22 T17 31 
P-1	23 T18 32 
P1	23 T19 33 
P-1	23 T20 45 
P2	24 T21 29 
P4	26 T22 37 
P-1	27 T23 46 
P0	27 T24 48 
P3	28 T25 33 
P5	28 T26 48 
P1	35 T27 47 
P2	37 T28 46 
P3	38 T29 51 
P4	43 T30 48 
NMec = 97827
Viable Sol. = 547842494
Profit = 19
T = 31
P = 6
Profits ignored
Solution time = 4.525e+00
Task data
00    0   3     1
01    0  17     1
02    1  12     1
03    2  10     1
04    2  17     1
05    4  15     1
06    5  14     1
07    5  18     1
08    8  27     1
09    9  23     1
10    9  31     1
11   10  15     1
12   13  22     1
13   17  31     1
14   18  26     1
15   19  32     1
16   21  31     1
17   22  31     1
18   23  32     1
19   23  33     1
20   23  45     1
21   24  29     1
22   26  37     1
23   27  46     1
24   27  48     1
25   28  33     1
26   28  48     1
27   35  47     1
28   37  46     1
29   38  51     1
30   43  48     1
End
