P-1	1 T0 15 
P0	1 T1 27 
P1	2 T2 21 
P-1	4 T3 25 
P-1	7 T4 15 
P-1	7 T5 20 
P-1	7 T6 24 
P2	8 T7 13 
P3	8 T8 15 
P4	8 T9 17 
P-1	9 T10 28 
P5	10 T11 31 
P-1	11 T12 19 
P6	12 T13 34 
P-1	13 T14 24 
P-1	13 T15 28 
P7	13 T16 36 
P2	16 T17 24 
P-1	16 T18 27 
P-1	17 T19 21 
P-1	18 T20 33 
P3	18 T21 35 
P-1	19 T22 29 
P-1	19 T23 29 
P4	19 T24 31 
P-1	19 T25 37 
P1	22 T26 33 
P-1	25 T27 26 
P-1	26 T28 29 
P2	26 T29 34 
P0	28 T30 38 
NMec = 97827
Viable Sol. = 314082782
Profit = 39930
T = 31
P = 8
Profits not ignored
Solution time = 2.552e+00
Task data
00    1  15  1144
01    1  27  4386
02    2  21  2181
03    4  25  2546
04    7  15  1053
05    7  20  1238
06    7  24  2353
07    8  13  1250
08    8  15  1526
09    8  17  1516
10    9  28  1877
11   10  31  3459
12   11  19   765
13   12  34  5863
14   13  24  2321
15   13  28  3351
16   13  36  3868
17   16  24  1931
18   16  27  1274
19   17  21   433
20   18  33  1803
21   18  35  4511
22   19  29  1901
23   19  29  1186
24   19  31  3400
25   19  37  2039
26   22  33  2761
27   25  26   175
28   26  29   264
29   26  34  1264
30   28  38  2014
End
