P-1	0 T0 151 
P-1	1 T1 71 
P-1	1 T2 152 
P0	6 T3 15 
P1	13 T4 27 
P-1	18 T5 43 
P-1	21 T6 47 
P-1	21 T7 121 
P-1	22 T8 37 
P0	27 T9 38 
P-1	32 T10 49 
P1	35 T11 53 
P-1	37 T12 62 
P0	39 T13 55 
P-1	45 T14 121 
P-1	54 T15 76 
P0	56 T16 66 
P1	58 T17 65 
P-1	60 T18 75 
P0	67 T19 77 
P1	68 T20 78 
P0	78 T21 87 
P1	81 T22 87 
P0	92 T23 108 
P1	93 T24 103 
P0	110 T25 119 
P-1	124 T26 134 
P-1	131 T27 152 
P0	133 T28 142 
P1	133 T29 145 
P0	143 T30 153 
NMec = 97827
Viable Sol. = 4209981
Profit = 17
T = 31
P = 2
Profits ignored
Solution time = 3.210e-02
Task data
00    0 151     1
01    1  71     1
02    1 152     1
03    6  15     1
04   13  27     1
05   18  43     1
06   21  47     1
07   21 121     1
08   22  37     1
09   27  38     1
10   32  49     1
11   35  53     1
12   37  62     1
13   39  55     1
14   45 121     1
15   54  76     1
16   56  66     1
17   58  65     1
18   60  75     1
19   67  77     1
20   68  78     1
21   78  87     1
22   81  87     1
23   92 108     1
24   93 103     1
25  110 119     1
26  124 134     1
27  131 152     1
28  133 142     1
29  133 145     1
30  143 153     1
End
