P0	0 T0 8 
P-1	1 T1 23 
P-1	2 T2 13 
P-1	3 T3 42 
P1	4 T4 8 
P-1	5 T5 64 
P2	6 T6 13 
P3	6 T7 17 
P0	9 T8 23 
P1	12 T9 16 
P-1	18 T10 35 
P1	19 T11 22 
P-1	19 T12 41 
P2	20 T13 28 
P-1	23 T14 37 
P0	26 T15 38 
P-1	27 T16 46 
P-1	28 T17 44 
P1	29 T18 50 
P2	31 T19 37 
P3	34 T20 48 
P2	38 T21 44 
P0	43 T22 45 
P-1	43 T23 65 
P-1	44 T24 60 
P-1	46 T25 59 
P0	53 T26 59 
P1	59 T27 71 
P2	59 T28 72 
P3	59 T29 74 
P0	62 T30 73 
NMec = 97827
Viable Sol. = 184829536
Profit = 19
T = 31
P = 4
Profits ignored
Solution time = 1.422e+00
Task data
00    0   8     1
01    1  23     1
02    2  13     1
03    3  42     1
04    4   8     1
05    5  64     1
06    6  13     1
07    6  17     1
08    9  23     1
09   12  16     1
10   18  35     1
11   19  22     1
12   19  41     1
13   20  28     1
14   23  37     1
15   26  38     1
16   27  46     1
17   28  44     1
18   29  50     1
19   31  37     1
20   34  48     1
21   38  44     1
22   43  45     1
23   43  65     1
24   44  60     1
25   46  59     1
26   53  59     1
27   59  71     1
28   59  72     1
29   59  74     1
30   62  73     1
End
