P-1	3 T0 14 
P0	4 T1 13 
P1	6 T2 24 
P-1	6 T3 75 
P-1	7 T4 17 
P2	8 T5 21 
P-1	8 T6 78 
P-1	11 T7 16 
P3	13 T8 45 
P-1	15 T9 27 
P0	16 T10 34 
P-1	21 T11 52 
P2	24 T12 40 
P-1	32 T13 44 
P-1	36 T14 62 
P-1	37 T15 45 
P0	38 T16 51 
P-1	38 T17 52 
P1	40 T18 62 
P2	41 T19 60 
P-1	43 T20 61 
P-1	44 T21 68 
P-1	45 T22 48 
P-1	45 T23 53 
P-1	48 T24 62 
P3	50 T25 61 
P0	58 T26 77 
P-1	59 T27 70 
P1	63 T28 74 
P2	63 T29 78 
P3	69 T30 75 
P1	75 T31 79 
NMec = 97827
Viable Sol. = 102951245
Profit = 47284
T = 32
P = 4
Profits not ignored
Solution time = 8.111e-01
Task data
00    3  14  2398
01    4  13  2739
02    6  24  4302
03    6  75  4731
04    7  17  2098
05    8  21  3459
06    8  78  6403
07   11  16   826
08   13  45  6197
09   15  27  1118
10   16  34  3400
11   21  52  3765
12   24  40  2612
13   32  44  1267
14   36  62  3862
15   37  45   837
16   38  51  3089
17   38  52  2403
18   40  62  4633
19   41  60  5416
20   43  61  3808
21   44  68  4114
22   45  48   717
23   45  53   834
24   48  62  1917
25   50  61  2636
26   58  77  2276
27   59  70   820
28   63  74  3228
29   63  78  1598
30   69  75   724
31   75  79   975
End
