P0	0 T0 3 
P-1	5 T1 317 
P0	7 T2 281 
P-1	18 T3 33 
P-1	20 T4 42 
P-1	21 T5 44 
P-1	40 T6 52 
P-1	42 T7 58 
P-1	77 T8 161 
P-1	99 T9 121 
P-1	106 T10 115 
P-1	121 T11 137 
P-1	124 T12 132 
P-1	129 T13 135 
P-1	133 T14 152 
P-1	139 T15 146 
P-1	147 T16 157 
P-1	181 T17 187 
P-1	207 T18 217 
P-1	209 T19 228 
P-1	237 T20 246 
P-1	244 T21 252 
P-1	251 T22 271 
P-1	261 T23 270 
P-1	273 T24 284 
P-1	279 T25 297 
P0	283 T26 292 
P0	293 T27 318 
P-1	294 T28 303 
P-1	296 T29 312 
P-1	301 T30 311 
P-1	311 T31 316 
NMec = 97827
Viable Sol. = 940062
Profit = 57874
T = 32
P = 1
Profits not ignored
Solution time = 1.111e-02
Task data
00    0   3   644
01    5 317 38458
02    7 281 51374
03   18  33  1896
04   20  42  2272
05   21  44  3760
06   40  52  1945
07   42  58  2701
08   77 161 15031
09   99 121  2488
10  106 115  1633
11  121 137  3171
12  124 132  1391
13  129 135  1316
14  133 152  3819
15  139 146  1306
16  147 157  1469
17  181 187   551
18  207 217   951
19  209 228  5139
20  237 246  1488
21  244 252   815
22  251 271  4996
23  261 270  2519
24  273 284  2019
25  279 297  3379
26  283 292  1453
27  293 318  4403
28  294 303  2688
29  296 312  1535
30  301 311  1961
31  311 316  1400
End
