P0	0 T0 13 
P-1	0 T1 25 
P1	1 T2 13 
P2	1 T3 15 
P3	1 T4 17 
P4	2 T5 11 
P-1	2 T6 31 
P5	3 T7 16 
P-1	4 T8 38 
P6	5 T9 15 
P-1	5 T10 29 
P-1	10 T11 19 
P-1	10 T12 19 
P-1	11 T13 34 
P4	13 T14 23 
P-1	13 T15 30 
P-1	13 T16 32 
P-1	14 T17 27 
P-1	16 T18 31 
P0	16 T19 31 
P1	16 T20 34 
P2	17 T21 25 
P5	17 T22 26 
P6	17 T23 35 
P3	18 T24 28 
P7	19 T25 32 
P4	24 T26 33 
P2	27 T27 33 
P3	29 T28 39 
P5	31 T29 36 
P0	33 T30 38 
P7	33 T31 38 
NMec = 97827
Viable Sol. = 1023906073
Profit = 21
T = 32
P = 8
Profits ignored
Solution time = 8.365e+00
Task data
00    0  13     1
01    0  25     1
02    1  13     1
03    1  15     1
04    1  17     1
05    2  11     1
06    2  31     1
07    3  16     1
08    4  38     1
09    5  15     1
10    5  29     1
11   10  19     1
12   10  19     1
13   11  34     1
14   13  23     1
15   13  30     1
16   13  32     1
17   14  27     1
18   16  31     1
19   16  31     1
20   16  34     1
21   17  25     1
22   17  26     1
23   17  35     1
24   18  28     1
25   19  32     1
26   24  33     1
27   27  33     1
28   29  39     1
29   31  36     1
30   33  38     1
31   33  38     1
End
