P0	0 T0 12 
P1	0 T1 14 
P2	1 T2 11 
P-1	1 T3 24 
P-1	1 T4 34 
P-1	2 T5 25 
P-1	3 T6 27 
P3	4 T7 8 
P4	4 T8 16 
P-1	4 T9 28 
P5	5 T10 16 
P6	6 T11 20 
P7	8 T12 10 
P-1	8 T13 26 
P-1	9 T14 29 
P3	10 T15 23 
P7	11 T16 21 
P2	12 T17 23 
P-1	14 T18 27 
P-1	15 T19 28 
P0	16 T20 30 
P1	16 T21 34 
P4	19 T22 26 
P5	20 T23 28 
P6	21 T24 28 
P8	21 T25 29 
P7	22 T26 33 
P2	24 T27 25 
P2	26 T28 28 
P3	26 T29 35 
P2	30 T30 33 
P4	30 T31 35 
NMec = 97827
Viable Sol. = 1893385492
Profit = 23
T = 32
P = 9
Profits ignored
Solution time = 1.449e+01
Task data
00    0  12     1
01    0  14     1
02    1  11     1
03    1  24     1
04    1  34     1
05    2  25     1
06    3  27     1
07    4   8     1
08    4  16     1
09    4  28     1
10    5  16     1
11    6  20     1
12    8  10     1
13    8  26     1
14    9  29     1
15   10  23     1
16   11  21     1
17   12  23     1
18   14  27     1
19   15  28     1
20   16  30     1
21   16  34     1
22   19  26     1
23   20  28     1
24   21  28     1
25   21  29     1
26   22  33     1
27   24  25     1
28   26  28     1
29   26  35     1
30   30  33     1
31   30  35     1
End
