P0	0 T0 2 
P-1	0 T1 25 
P0	3 T2 17 
P1	4 T3 18 
P2	5 T4 15 
P3	6 T5 17 
P4	7 T6 13 
P-1	10 T7 29 
P5	11 T8 19 
P-1	12 T9 36 
P-1	15 T10 24 
P-1	16 T11 38 
P-1	17 T12 43 
P0	18 T13 23 
P1	19 T14 23 
P2	19 T15 30 
P3	21 T16 36 
P-1	21 T17 45 
P4	22 T18 37 
P5	23 T19 25 
P0	26 T20 40 
P1	27 T21 34 
P-1	27 T22 53 
P-1	31 T23 44 
P2	33 T24 40 
P-1	34 T25 47 
P1	37 T26 49 
P3	39 T27 47 
P4	39 T28 52 
P5	40 T29 50 
P0	41 T30 46 
P2	41 T31 52 
NMec = 97827
Viable Sol. = 1147943460
Profit = 22
T = 32
P = 6
Profits ignored
Solution time = 1.122e+01
Task data
00    0   2     1
01    0  25     1
02    3  17     1
03    4  18     1
04    5  15     1
05    6  17     1
06    7  13     1
07   10  29     1
08   11  19     1
09   12  36     1
10   15  24     1
11   16  38     1
12   17  43     1
13   18  23     1
14   19  23     1
15   19  30     1
16   21  36     1
17   21  45     1
18   22  37     1
19   23  25     1
20   26  40     1
21   27  34     1
22   27  53     1
23   31  44     1
24   33  40     1
25   34  47     1
26   37  49     1
27   39  47     1
28   39  52     1
29   40  50     1
30   41  46     1
31   41  52     1
End
