P-1	0 T0 15 
P-1	1 T1 45 
P0	3 T2 10 
P1	6 T3 31 
P0	11 T4 21 
P-1	12 T5 104 
P-1	29 T6 123 
P-1	34 T7 45 
P-1	35 T8 41 
P0	36 T9 45 
P1	36 T10 47 
P-1	37 T11 51 
P-1	39 T12 59 
P-1	45 T13 93 
P0	48 T14 62 
P1	49 T15 54 
P1	61 T16 88 
P0	65 T17 73 
P-1	68 T18 93 
P-1	81 T19 95 
P-1	86 T20 105 
P0	87 T21 98 
P1	93 T22 98 
P0	110 T23 134 
P1	118 T24 123 
P-1	123 T25 146 
P1	128 T26 131 
P-1	130 T27 154 
P1	133 T28 138 
P0	137 T29 142 
P0	143 T30 149 
P0	155 T31 158 
NMec = 97827
Viable Sol. = 16477472
Profit = 18
T = 32
P = 2
Profits ignored
Solution time = 1.230e-01
Task data
00    0  15     1
01    1  45     1
02    3  10     1
03    6  31     1
04   11  21     1
05   12 104     1
06   29 123     1
07   34  45     1
08   35  41     1
09   36  45     1
10   36  47     1
11   37  51     1
12   39  59     1
13   45  93     1
14   48  62     1
15   49  54     1
16   61  88     1
17   65  73     1
18   68  93     1
19   81  95     1
20   86 105     1
21   87  98     1
22   93  98     1
23  110 134     1
24  118 123     1
25  123 146     1
26  128 131     1
27  130 154     1
28  133 138     1
29  137 142     1
30  143 149     1
31  155 158     1
End
