P-1	0 T0 26 
P-1	1 T1 23 
P-1	1 T2 61 
P0	3 T3 6 
P-1	3 T4 26 
P1	6 T5 23 
P0	7 T6 12 
P-1	8 T7 42 
P2	9 T8 15 
P-1	13 T9 40 
P-1	14 T10 39 
P-1	16 T11 26 
P0	16 T12 36 
P-1	16 T13 43 
P-1	16 T14 48 
P2	18 T15 28 
P3	21 T16 35 
P4	22 T17 30 
P1	25 T18 40 
P2	32 T19 35 
P-1	33 T20 52 
P-1	33 T21 53 
P-1	34 T22 50 
P4	35 T23 45 
P-1	35 T24 56 
P0	37 T25 55 
P2	38 T26 47 
P3	39 T27 44 
P1	41 T28 63 
P2	51 T29 61 
P3	52 T30 62 
P4	53 T31 57 
NMec = 97827
Viable Sol. = 144139707
Profit = 18
T = 32
P = 5
Profits ignored
Solution time = 1.245e+00
Task data
00    0  26     1
01    1  23     1
02    1  61     1
03    3   6     1
04    3  26     1
05    6  23     1
06    7  12     1
07    8  42     1
08    9  15     1
09   13  40     1
10   14  39     1
11   16  26     1
12   16  36     1
13   16  43     1
14   16  48     1
15   18  28     1
16   21  35     1
17   22  30     1
18   25  40     1
19   32  35     1
20   33  52     1
21   33  53     1
22   34  50     1
23   35  45     1
24   35  56     1
25   37  55     1
26   38  47     1
27   39  44     1
28   41  63     1
29   51  61     1
30   52  62     1
31   53  57     1
End
