P0	4 T0 26 
P-1	5 T1 49 
P-1	10 T2 54 
P-1	15 T3 32 
P1	15 T4 36 
P2	17 T5 37 
P-1	23 T6 47 
P0	28 T7 37 
P-1	28 T8 47 
P-1	38 T9 95 
P0	39 T10 50 
P1	40 T11 47 
P2	44 T12 51 
P1	50 T13 52 
P0	55 T14 60 
P-1	57 T15 82 
P1	60 T16 72 
P-1	64 T17 82 
P-1	67 T18 85 
P0	70 T19 77 
P1	73 T20 87 
P-1	74 T21 88 
P-1	74 T22 91 
P2	75 T23 80 
P-1	75 T24 96 
P-1	76 T25 93 
P0	79 T26 88 
P1	88 T27 92 
P-1	88 T28 99 
P2	88 T29 105 
P0	97 T30 101 
P1	97 T31 103 
NMec = 97827
Viable Sol. = 51503689
Profit = 18
T = 32
P = 3
Profits ignored
Solution time = 4.086e-01
Task data
00    4  26     1
01    5  49     1
02   10  54     1
03   15  32     1
04   15  36     1
05   17  37     1
06   23  47     1
07   28  37     1
08   28  47     1
09   38  95     1
10   39  50     1
11   40  47     1
12   44  51     1
13   50  52     1
14   55  60     1
15   57  82     1
16   60  72     1
17   64  82     1
18   67  85     1
19   70  77     1
20   73  87     1
21   74  88     1
22   74  91     1
23   75  80     1
24   75  96     1
25   76  93     1
26   79  88     1
27   88  92     1
28   88  99     1
29   88 105     1
30   97 101     1
31   97 103     1
End
