P-1	0 T0 19 
P-1	1 T1 19 
P-1	1 T2 25 
P-1	1 T3 45 
P0	2 T4 10 
P-1	2 T5 43 
P1	4 T6 9 
P-1	5 T7 13 
P-1	5 T8 20 
P2	6 T9 12 
P3	6 T10 17 
P4	6 T11 27 
P5	7 T12 21 
P6	9 T13 13 
P1	10 T14 21 
P-1	10 T15 33 
P-1	11 T16 37 
P0	13 T17 23 
P2	13 T18 29 
P6	17 T19 24 
P-1	19 T20 32 
P-1	20 T21 35 
P1	22 T22 31 
P3	23 T23 35 
P0	24 T24 34 
P5	24 T25 43 
P6	26 T26 41 
P4	29 T27 42 
P2	30 T28 37 
P1	34 T29 43 
P0	36 T30 45 
P2	38 T31 42 
NMec = 97827
Viable Sol. = 908403841
Profit = 21
T = 32
P = 7
Profits ignored
Solution time = 7.349e+00
Task data
00    0  19     1
01    1  19     1
02    1  25     1
03    1  45     1
04    2  10     1
05    2  43     1
06    4   9     1
07    5  13     1
08    5  20     1
09    6  12     1
10    6  17     1
11    6  27     1
12    7  21     1
13    9  13     1
14   10  21     1
15   10  33     1
16   11  37     1
17   13  23     1
18   13  29     1
19   17  24     1
20   19  32     1
21   20  35     1
22   22  31     1
23   23  35     1
24   24  34     1
25   24  43     1
26   26  41     1
27   29  42     1
28   30  37     1
29   34  43     1
30   36  45     1
31   38  42     1
End
