P-1	0 T0 9 
P0	0 T1 12 
P1	0 T2 15 
P2	1 T3 6 
P3	1 T4 26 
P-1	1 T5 26 
P4	1 T6 28 
P5	2 T7 7 
P-1	3 T8 8 
P6	3 T9 10 
P-1	3 T10 18 
P7	3 T11 21 
P8	4 T12 17 
P9	4 T13 24 
P-1	5 T14 14 
P-1	5 T15 16 
P-1	5 T16 20 
P-1	6 T17 7 
P-1	6 T18 21 
P-1	7 T19 22 
P-1	7 T20 29 
P2	7 T21 31 
P5	8 T22 20 
P6	11 T23 22 
P-1	11 T24 26 
P-1	13 T25 20 
P0	13 T26 29 
P-1	14 T27 18 
P1	18 T28 29 
P8	20 T29 27 
P-1	21 T30 29 
P5	21 T31 29 
NMec = 97827
Viable Sol. = 1531453638
Profit = 47419
T = 32
P = 10
Profits not ignored
Solution time = 1.581e+01
Task data
00    0   9  1335
01    0  12  2281
02    0  15  3604
03    1   6  1119
04    1  26  5525
05    1  26  2728
06    1  28  5326
07    2   7  1353
08    3   8  1048
09    3  10  1545
10    3  18  1485
11    3  21  3290
12    4  17  2970
13    4  24  2809
14    5  14  1446
15    5  16  1820
16    5  20  2045
17    6   7   418
18    6  21  2041
19    7  22  2374
20    7  29  2041
21    7  31  4179
22    8  20  1666
23   11  22  2911
24   11  26  1127
25   13  20   555
26   13  29  3245
27   14  18   642
28   18  29  2188
29   20  27  1875
30   21  29   630
31   21  29  1533
End
