P-1	2 T0 6 
P0	2 T1 8 
P-1	10 T2 197 
P0	14 T3 15 
P0	21 T4 35 
P-1	22 T5 40 
P-1	27 T6 37 
P-1	29 T7 32 
P0	37 T8 299 
P-1	85 T9 89 
P-1	95 T10 113 
P-1	107 T11 123 
P-1	110 T12 129 
P-1	119 T13 129 
P-1	135 T14 143 
P-1	138 T15 143 
P-1	160 T16 165 
P-1	172 T17 177 
P-1	179 T18 193 
P-1	181 T19 190 
P-1	183 T20 195 
P-1	191 T21 198 
P-1	207 T22 218 
P-1	208 T23 220 
P-1	211 T24 238 
P-1	236 T25 255 
P-1	259 T26 271 
P-1	272 T27 283 
P-1	280 T28 304 
P-1	283 T29 299 
P-1	291 T30 299 
P-1	291 T31 303 
P0	300 T32 304 
NMec = 97827
Viable Sol. = 4718022
Profit = 56888
T = 33
P = 1
Profits not ignored
Solution time = 4.537e-02
Task data
00    2   6   786
01    2   8   921
02   10 197 23126
03   14  15   277
04   21  35  2417
05   22  40  2574
06   27  37  2655
07   29  32   273
08   37 299 52465
09   85  89   516
10   95 113  1885
11  107 123  3544
12  110 129  3491
13  119 129  2114
14  135 143  1195
15  138 143   782
16  160 165  1441
17  172 177  1379
18  179 193  1289
19  181 190   941
20  183 195  1773
21  191 198   741
22  207 218  1041
23  208 220  2174
24  211 238  4012
25  236 255  3965
26  259 271  2049
27  272 283  1512
28  280 304  2277
29  283 299  1219
30  291 299  2109
31  291 303  2021
32  300 304   808
End
