P0	2 T0 6 
P-1	2 T1 8 
P0	14 T2 15 
P0	29 T3 32 
P-1	21 T4 35 
P-1	27 T5 37 
P-1	22 T6 40 
P0	85 T7 89 
P0	95 T8 113 
P-1	107 T9 123 
P-1	110 T10 129 
P0	119 T11 129 
P0	135 T12 143 
P-1	138 T13 143 
P0	160 T14 165 
P0	172 T15 177 
P0	181 T16 190 
P-1	179 T17 193 
P-1	183 T18 195 
P-1	10 T19 197 
P0	191 T20 198 
P0	207 T21 218 
P-1	208 T22 220 
P-1	211 T23 238 
P0	236 T24 255 
P0	259 T25 271 
P0	272 T26 283 
P-1	37 T27 299 
P-1	283 T28 299 
P0	291 T29 299 
P-1	291 T30 303 
P-1	280 T31 304 
P0	300 T32 304 
NMec = 97827
Viable Sol. = 0
Profit = 17
T = 33
P = 1
Profits ignored
Solution time = 7.794e-06
Task data
00    2   6     1
01    2   8     1
02   14  15     1
03   29  32     1
04   21  35     1
05   27  37     1
06   22  40     1
07   85  89     1
08   95 113     1
09  107 123     1
10  110 129     1
11  119 129     1
12  135 143     1
13  138 143     1
14  160 165     1
15  172 177     1
16  181 190     1
17  179 193     1
18  183 195     1
19   10 197     1
20  191 198     1
21  207 218     1
22  208 220     1
23  211 238     1
24  236 255     1
25  259 271     1
26  272 283     1
27   37 299     1
28  283 299     1
29  291 299     1
30  291 303     1
31  280 304     1
32  300 304     1
End
