P0	0 T0 17 
P1	1 T1 17 
P-1	2 T2 21 
P-1	3 T3 23 
P2	4 T4 18 
P3	4 T5 22 
P-1	4 T6 23 
P-1	5 T7 23 
P-1	5 T8 27 
P-1	6 T9 35 
P4	7 T10 13 
P-1	8 T11 24 
P5	12 T12 16 
P6	12 T13 17 
P-1	12 T14 36 
P-1	13 T15 23 
P4	14 T16 17 
P-1	14 T17 35 
P7	15 T18 21 
P8	15 T19 26 
P-1	15 T20 32 
P5	17 T21 36 
P0	18 T22 24 
P1	18 T23 29 
P4	18 T24 30 
P2	20 T25 33 
P6	21 T26 30 
P7	22 T27 29 
P3	23 T28 31 
P0	26 T29 35 
P8	29 T30 31 
P1	30 T31 35 
P3	33 T32 36 
NMec = 97827
Viable Sol. = 2094941390
Profit = 22
T = 33
P = 9
Profits ignored
Solution time = 1.603e+01
Task data
00    0  17     1
01    1  17     1
02    2  21     1
03    3  23     1
04    4  18     1
05    4  22     1
06    4  23     1
07    5  23     1
08    5  27     1
09    6  35     1
10    7  13     1
11    8  24     1
12   12  16     1
13   12  17     1
14   12  36     1
15   13  23     1
16   14  17     1
17   14  35     1
18   15  21     1
19   15  26     1
20   15  32     1
21   17  36     1
22   18  24     1
23   18  29     1
24   18  30     1
25   20  33     1
26   21  30     1
27   22  29     1
28   23  31     1
29   26  35     1
30   29  31     1
31   30  35     1
32   33  36     1
End
