P-1	1 T0 12 
P-1	1 T1 33 
P0	2 T2 14 
P1	6 T3 25 
P-1	15 T4 38 
P-1	17 T5 34 
P0	19 T6 22 
P-1	24 T7 51 
P0	26 T8 29 
P-1	28 T9 52 
P0	31 T10 38 
P-1	32 T11 49 
P1	34 T12 48 
P0	39 T13 47 
P-1	51 T14 89 
P0	52 T15 55 
P-1	52 T16 72 
P-1	53 T17 61 
P-1	55 T18 58 
P1	55 T19 66 
P0	57 T20 86 
P1	69 T21 75 
P-1	83 T22 163 
P1	86 T23 97 
P0	90 T24 92 
P0	97 T25 101 
P1	98 T26 107 
P0	103 T27 117 
P-1	111 T28 130 
P-1	113 T29 139 
P0	120 T30 135 
P1	129 T31 147 
P0	146 T32 159 
NMec = 97827
Viable Sol. = 62843256
Profit = 19
T = 33
P = 2
Profits ignored
Solution time = 5.117e-01
Task data
00    1  12     1
01    1  33     1
02    2  14     1
03    6  25     1
04   15  38     1
05   17  34     1
06   19  22     1
07   24  51     1
08   26  29     1
09   28  52     1
10   31  38     1
11   32  49     1
12   34  48     1
13   39  47     1
14   51  89     1
15   52  55     1
16   52  72     1
17   53  61     1
18   55  58     1
19   55  66     1
20   57  86     1
21   69  75     1
22   83 163     1
23   86  97     1
24   90  92     1
25   97 101     1
26   98 107     1
27  103 117     1
28  111 130     1
29  113 139     1
30  120 135     1
31  129 147     1
32  146 159     1
End
