P0	0 T0 44 
P1	1 T1 8 
P2	1 T2 22 
P-1	4 T3 27 
P3	5 T4 26 
P1	9 T5 18 
P4	10 T6 27 
P5	11 T7 22 
P-1	11 T8 34 
P-1	12 T9 24 
P-1	12 T10 30 
P-1	13 T11 32 
P-1	14 T12 28 
P-1	14 T13 29 
P6	15 T14 35 
P-1	17 T15 31 
P-1	18 T16 27 
P-1	18 T17 34 
P-1	18 T18 44 
P-1	20 T19 36 
P1	20 T20 36 
P-1	20 T21 41 
P-1	20 T22 45 
P-1	21 T23 43 
P2	24 T24 46 
P-1	25 T25 39 
P5	26 T26 32 
P-1	28 T27 40 
P3	30 T28 44 
P4	31 T29 42 
P-1	32 T30 38 
P5	34 T31 45 
P-1	35 T32 42 
NMec = 97827
Viable Sol. = 238362910
Profit = 43526
T = 33
P = 7
Profits not ignored
Solution time = 2.069e+00
Task data
00    0  44  6241
01    1   8  1486
02    1  22  5117
03    4  27  2370
04    5  26  2899
05    9  18   888
06   10  27  2746
07   11  22  2212
08   11  34  3719
09   12  24  2145
10   12  30  1937
11   13  32  1287
12   14  28  2107
13   14  29  1859
14   15  35  4927
15   17  31  2305
16   18  27   944
17   18  34  1549
18   18  44  4427
19   20  36  1416
20   20  36  4254
21   20  41  3994
22   20  45  2641
23   21  43  3003
24   24  46  5982
25   25  39  1272
26   26  32  1113
27   28  40  1859
28   30  44  1926
29   31  42  2387
30   32  38  1514
31   34  45  1348
32   35  42   804
End
