P-1	0 T0 21 
P-1	3 T1 62 
P0	7 T2 15 
P-1	7 T3 23 
P-1	8 T4 52 
P-1	12 T5 22 
P1	12 T6 25 
P2	14 T7 19 
P0	16 T8 32 
P-1	17 T9 37 
P3	18 T10 26 
P-1	18 T11 43 
P4	19 T12 32 
P2	21 T13 27 
P-1	21 T14 37 
P-1	25 T15 47 
P1	26 T16 38 
P-1	27 T17 46 
P2	29 T18 39 
P3	29 T19 44 
P0	33 T20 43 
P4	34 T21 41 
P-1	36 T22 58 
P-1	37 T23 59 
P1	39 T24 50 
P-1	42 T25 62 
P2	43 T26 52 
P-1	44 T27 61 
P0	46 T28 54 
P3	46 T29 58 
P4	48 T30 56 
P1	51 T31 60 
P2	54 T32 62 
NMec = 97827
Viable Sol. = 376133383
Profit = 19
T = 33
P = 5
Profits ignored
Solution time = 3.552e+00
Task data
00    0  21     1
01    3  62     1
02    7  15     1
03    7  23     1
04    8  52     1
05   12  22     1
06   12  25     1
07   14  19     1
08   16  32     1
09   17  37     1
10   18  26     1
11   18  43     1
12   19  32     1
13   21  27     1
14   21  37     1
15   25  47     1
16   26  38     1
17   27  46     1
18   29  39     1
19   29  44     1
20   33  43     1
21   34  41     1
22   36  58     1
23   37  59     1
24   39  50     1
25   42  62     1
26   43  52     1
27   44  61     1
28   46  54     1
29   46  58     1
30   48  56     1
31   51  60     1
32   54  62     1
End
