P0	2 T0 10 
P-1	3 T1 81 
P-1	3 T2 94 
P-1	11 T3 25 
P0	11 T4 26 
P-1	11 T5 35 
P1	13 T6 24 
P2	20 T7 28 
P-1	21 T8 38 
P-1	23 T9 82 
P-1	24 T10 43 
P-1	26 T11 54 
P0	28 T12 41 
P1	28 T13 48 
P2	34 T14 44 
P-1	42 T15 54 
P-1	43 T16 52 
P-1	44 T17 56 
P0	45 T18 60 
P1	49 T19 55 
P-1	50 T20 69 
P2	52 T21 62 
P-1	53 T22 64 
P-1	56 T23 66 
P1	57 T24 64 
P0	62 T25 76 
P2	64 T26 73 
P-1	68 T27 85 
P1	72 T28 78 
P2	74 T29 85 
P0	77 T30 98 
P1	86 T31 97 
P2	97 T32 102 
NMec = 97827
Viable Sol. = 64917112
Profit = 18
T = 33
P = 3
Profits ignored
Solution time = 4.698e-01
Task data
00    2  10     1
01    3  81     1
02    3  94     1
03   11  25     1
04   11  26     1
05   11  35     1
06   13  24     1
07   20  28     1
08   21  38     1
09   23  82     1
10   24  43     1
11   26  54     1
12   28  41     1
13   28  48     1
14   34  44     1
15   42  54     1
16   43  52     1
17   44  56     1
18   45  60     1
19   49  55     1
20   50  69     1
21   52  62     1
22   53  64     1
23   56  66     1
24   57  64     1
25   62  76     1
26   64  73     1
27   68  85     1
28   72  78     1
29   74  85     1
30   77  98     1
31   86  97     1
32   97 102     1
End
