P0	0 T0 13 
P1	1 T1 8 
P-1	4 T2 27 
P-1	5 T3 19 
P2	7 T4 9 
P3	8 T5 9 
P4	8 T6 17 
P5	8 T7 28 
P-1	9 T8 31 
P1	10 T9 23 
P2	11 T10 22 
P-1	13 T11 37 
P0	14 T12 21 
P-1	15 T13 37 
P3	16 T14 20 
P4	18 T15 21 
P-1	19 T16 37 
P-1	20 T17 38 
P-1	21 T18 37 
P3	21 T19 38 
P0	22 T20 30 
P1	24 T21 29 
P-1	24 T22 39 
P2	26 T23 35 
P-1	27 T24 50 
P-1	28 T25 40 
P4	28 T26 47 
P5	29 T27 49 
P0	33 T28 40 
P1	33 T29 45 
P2	38 T30 45 
P3	39 T31 46 
P0	46 T32 49 
NMec = 97827
Viable Sol. = 1210476900
Profit = 22
T = 33
P = 6
Profits ignored
Solution time = 9.652e+00
Task data
00    0  13     1
01    1   8     1
02    4  27     1
03    5  19     1
04    7   9     1
05    8   9     1
06    8  17     1
07    8  28     1
08    9  31     1
09   10  23     1
10   11  22     1
11   13  37     1
12   14  21     1
13   15  37     1
14   16  20     1
15   18  21     1
16   19  37     1
17   20  38     1
18   21  37     1
19   21  38     1
20   22  30     1
21   24  29     1
22   24  39     1
23   26  35     1
24   27  50     1
25   28  40     1
26   28  47     1
27   29  49     1
28   33  40     1
29   33  45     1
30   38  45     1
31   39  46     1
32   46  49     1
End
