P0	0 T0 9 
P1	0 T1 10 
P-1	0 T2 62 
P2	1 T3 6 
P3	4 T4 16 
P-1	4 T5 32 
P4	6 T6 16 
P-1	8 T7 47 
P0	11 T8 29 
P1	13 T9 23 
P2	13 T10 25 
P-1	13 T11 60 
P-1	15 T12 33 
P-1	17 T13 50 
P-1	18 T14 33 
P3	19 T15 22 
P4	19 T16 27 
P3	23 T17 40 
P1	25 T18 43 
P2	26 T19 45 
P4	29 T20 45 
P-1	30 T21 49 
P0	31 T22 43 
P-1	37 T23 49 
P-1	37 T24 50 
P-1	38 T25 53 
P-1	39 T26 56 
P3	41 T27 51 
P0	44 T28 55 
P1	45 T29 50 
P2	47 T30 58 
P4	48 T31 58 
P1	51 T32 64 
P0	56 T33 59 
NMec = 97827
Viable Sol. = 768730809
Profit = 22
T = 34
P = 5
Profits ignored
Solution time = 6.221e+00
Task data
00    0   9     1
01    0  10     1
02    0  62     1
03    1   6     1
04    4  16     1
05    4  32     1
06    6  16     1
07    8  47     1
08   11  29     1
09   13  23     1
10   13  25     1
11   13  60     1
12   15  33     1
13   17  50     1
14   18  33     1
15   19  22     1
16   19  27     1
17   23  40     1
18   25  43     1
19   26  45     1
20   29  45     1
21   30  49     1
22   31  43     1
23   37  49     1
24   37  50     1
25   38  53     1
26   39  56     1
27   41  51     1
28   44  55     1
29   45  50     1
30   47  58     1
31   48  58     1
32   51  64     1
33   56  59     1
End
