P-1	0 T0 8 
P0	0 T1 11 
P1	0 T2 17 
P-1	4 T3 24 
P2	6 T4 9 
P-1	7 T5 60 
P3	8 T6 16 
P-1	9 T7 29 
P-1	10 T8 77 
P0	13 T9 27 
P-1	14 T10 32 
P1	18 T11 35 
P2	21 T12 27 
P3	22 T13 39 
P0	31 T14 41 
P2	32 T15 35 
P-1	33 T16 44 
P1	36 T17 55 
P2	41 T18 45 
P0	42 T19 50 
P3	44 T20 54 
P-1	46 T21 63 
P0	55 T22 63 
P-1	56 T23 68 
P-1	57 T24 70 
P-1	57 T25 75 
P1	60 T26 65 
P-1	60 T27 77 
P-1	61 T28 84 
P2	63 T29 70 
P3	63 T30 83 
P0	65 T31 74 
P1	67 T32 81 
P2	72 T33 84 
NMec = 97827
Viable Sol. = 1184580814
Profit = 21
T = 34
P = 4
Profits ignored
Solution time = 1.034e+01
Task data
00    0   8     1
01    0  11     1
02    0  17     1
03    4  24     1
04    6   9     1
05    7  60     1
06    8  16     1
07    9  29     1
08   10  77     1
09   13  27     1
10   14  32     1
11   18  35     1
12   21  27     1
13   22  39     1
14   31  41     1
15   32  35     1
16   33  44     1
17   36  55     1
18   41  45     1
19   42  50     1
20   44  54     1
21   46  63     1
22   55  63     1
23   56  68     1
24   57  70     1
25   57  75     1
26   60  65     1
27   60  77     1
28   61  84     1
29   63  70     1
30   63  83     1
31   65  74     1
32   67  81     1
33   72  84     1
End
