P0	0 T0 8 
P1	0 T1 18 
P2	0 T2 47 
P-1	1 T3 20 
P-1	3 T4 11 
P3	4 T5 14 
P4	5 T6 16 
P5	5 T7 48 
P-1	8 T8 10 
P6	8 T9 28 
P0	10 T10 30 
P-1	11 T11 16 
P-1	13 T12 19 
P-1	13 T13 28 
P-1	15 T14 27 
P-1	16 T15 23 
P-1	16 T16 23 
P3	16 T17 25 
P4	17 T18 27 
P-1	17 T19 35 
P1	19 T20 22 
P-1	22 T21 37 
P-1	22 T22 42 
P1	25 T23 41 
P3	26 T24 47 
P-1	27 T25 34 
P4	28 T26 44 
P6	29 T27 32 
P-1	31 T28 36 
P0	32 T29 39 
P6	33 T30 43 
P-1	35 T31 39 
P-1	36 T32 47 
P0	40 T33 43 
NMec = 97827
Viable Sol. = 5508293217
Profit = 52889
T = 34
P = 7
Profits not ignored
Solution time = 5.083e+01
Task data
00    0   8  1569
01    0  18  4809
02    0  47  6918
03    1  20  2376
04    3  11  1004
05    4  14  1240
06    5  16  2286
07    5  48 10439
08    8  10   491
09    8  28  5410
10   10  30  3326
11   11  16   749
12   13  19   702
13   13  28  2915
14   15  27  2423
15   16  23  1358
16   16  23   797
17   16  25  2358
18   17  27  2541
19   17  35  2135
20   19  22   718
21   22  37  1718
22   22  42  3253
23   25  41  3199
24   26  47  2490
25   27  34   832
26   28  44  1686
27   29  32   431
28   31  36  1109
29   32  39  1158
30   33  43  1821
31   35  39  1104
32   36  47  1235
33   40  43   490
End
