P0	0 T0 6 
P1	2 T1 9 
P2	2 T2 30 
P3	3 T3 27 
P-1	5 T4 17 
P4	6 T5 22 
P-1	6 T6 32 
P0	7 T7 29 
P5	7 T8 29 
P6	9 T9 25 
P-1	10 T10 22 
P1	12 T11 24 
P-1	12 T12 26 
P-1	12 T13 26 
P-1	12 T14 32 
P7	13 T15 20 
P-1	13 T16 32 
P-1	13 T17 38 
P-1	14 T18 27 
P-1	15 T19 35 
P-1	18 T20 37 
P-1	19 T21 22 
P-1	19 T22 28 
P4	23 T23 39 
P-1	24 T24 28 
P7	24 T25 42 
P1	25 T26 31 
P3	29 T27 37 
P6	29 T28 38 
P0	31 T29 35 
P2	31 T30 39 
P1	32 T31 38 
P0	38 T32 40 
P1	40 T33 42 
NMec = 97827
Viable Sol. = 2960829104
Profit = 45049
T = 34
P = 8
Profits not ignored
Solution time = 2.231e+01
Task data
00    0   6   771
01    2   9   798
02    2  30  4916
03    3  27  3283
04    5  17  1096
05    6  22  2212
06    6  32  1812
07    7  29  5526
08    7  29  4590
09    9  25  3238
10   10  22  1492
11   12  24  3178
12   12  26  2505
13   12  26   989
14   12  32  2225
15   13  20  1828
16   13  32  2508
17   13  38  3402
18   14  27  2923
19   15  35  1583
20   18  37  2622
21   19  22   433
22   19  28  1618
23   23  39  3368
24   24  28   895
25   24  42  2989
26   25  31  1339
27   29  37   989
28   29  38  2107
29   31  35   544
30   31  39   771
31   32  38  1455
32   38  40   413
33   40  42   734
End
