P0	0 T0 18 
P-1	0 T1 37 
P-1	1 T2 26 
P1	3 T3 19 
P2	4 T4 14 
P3	4 T5 19 
P4	5 T6 11 
P5	5 T7 12 
P-1	5 T8 31 
P-1	7 T9 29 
P6	11 T10 24 
P-1	11 T11 31 
P4	12 T12 22 
P5	13 T13 25 
P-1	13 T14 28 
P-1	13 T15 29 
P-1	13 T16 36 
P2	15 T17 20 
P-1	17 T18 29 
P7	18 T19 27 
P-1	18 T20 35 
P-1	19 T21 28 
P0	19 T22 35 
P1	20 T23 28 
P3	20 T24 29 
P2	23 T25 30 
P4	23 T26 31 
P8	24 T27 34 
P6	25 T28 35 
P5	28 T29 34 
P7	28 T30 36 
P1	29 T31 33 
P3	30 T32 35 
P2	33 T33 36 
NMec = 97827
Viable Sol. = 4516362791
Profit = 23
T = 34
P = 9
Profits ignored
Solution time = 3.837e+01
Task data
00    0  18     1
01    0  37     1
02    1  26     1
03    3  19     1
04    4  14     1
05    4  19     1
06    5  11     1
07    5  12     1
08    5  31     1
09    7  29     1
10   11  24     1
11   11  31     1
12   12  22     1
13   13  25     1
14   13  28     1
15   13  29     1
16   13  36     1
17   15  20     1
18   17  29     1
19   18  27     1
20   18  35     1
21   19  28     1
22   19  35     1
23   20  28     1
24   20  29     1
25   23  30     1
26   23  31     1
27   24  34     1
28   25  35     1
29   28  34     1
30   28  36     1
31   29  33     1
32   30  35     1
33   33  36     1
End
