P0	2 T0 21 
P-1	2 T1 100 
P1	4 T2 15 
P2	4 T3 41 
P-1	7 T4 103 
P-1	9 T5 16 
P-1	10 T6 25 
P-1	18 T7 54 
P-1	20 T8 27 
P1	20 T9 73 
P0	24 T10 30 
P-1	30 T11 37 
P-1	34 T12 36 
P0	34 T13 57 
P-1	37 T14 57 
P-1	47 T15 58 
P2	47 T16 59 
P-1	48 T17 69 
P-1	51 T18 64 
P-1	52 T19 60 
P-1	54 T20 67 
P-1	54 T21 67 
P0	61 T22 72 
P2	61 T23 80 
P-1	62 T24 79 
P0	75 T25 86 
P1	78 T26 84 
P-1	86 T27 103 
P0	87 T28 98 
P-1	90 T29 103 
P1	91 T30 102 
P2	93 T31 104 
P-1	95 T32 100 
P0	102 T33 104 
NMec = 97827
Viable Sol. = 144971162
Profit = 42880
T = 34
P = 3
Profits not ignored
Solution time = 1.194e+00
Task data
00    2  21  1993
01    2 100  7217
02    4  15  1115
03    4  41  6249
04    7 103 10309
05    9  16   660
06   10  25  1540
07   18  54  3982
08   20  27   985
09   20  73 10749
10   24  30  1083
11   30  37  1156
12   34  36   748
13   34  57  5488
14   37  57  2012
15   47  58   883
16   47  59  1180
17   48  69  2015
18   51  64  1839
19   52  60   831
20   54  67  2231
21   54  67  1236
22   61  72  1707
23   61  80  3283
24   62  79  1970
25   75  86  1322
26   78  84  1658
27   86 103  1739
28   87  98  2383
29   90 103  1559
30   91 102  2145
31   93 104  2193
32   95 100   462
33  102 104   332
End
