P-1	0 T0 9 
P0	0 T1 10 
P1	0 T2 62 
P-1	1 T3 6 
P2	4 T4 16 
P3	4 T5 32 
P4	6 T6 16 
P-1	8 T7 47 
P-1	11 T8 29 
P0	13 T9 23 
P-1	13 T10 25 
P-1	13 T11 60 
P-1	15 T12 33 
P-1	17 T13 50 
P2	18 T14 33 
P4	19 T15 22 
P-1	19 T16 27 
P-1	23 T17 40 
P0	25 T18 43 
P4	26 T19 45 
P-1	29 T20 45 
P-1	30 T21 49 
P-1	31 T22 43 
P-1	37 T23 49 
P2	37 T24 50 
P3	38 T25 53 
P-1	39 T26 56 
P-1	41 T27 51 
P-1	44 T28 55 
P-1	45 T29 50 
P0	47 T30 58 
P4	48 T31 58 
P2	51 T32 64 
P3	56 T33 59 
NMec = 97827
Viable Sol. = 768730809
Profit = 53652
T = 34
P = 5
Profits not ignored
Solution time = 6.897e+00
Task data
00    0   9   839
01    0  10  1352
02    0  62 12833
03    1   6   621
04    4  16  2414
05    4  32  7493
06    6  16  1381
07    8  47  4899
08   11  29  1385
09   13  23  2424
10   13  25   766
11   13  60  6601
12   15  33  2863
13   17  50  4106
14   18  33  4045
15   19  22   451
16   19  27   985
17   23  40  1238
18   25  43  4848
19   26  45  4576
20   29  45  1815
21   30  49  1749
22   31  43  2479
23   37  49  1089
24   37  50  1905
25   38  53  4384
26   39  56  2217
27   41  51  1207
28   44  55  1520
29   45  50   591
30   47  58  1522
31   48  58  1986
32   51  64  1452
33   56  59   586
End
