P0	35 T0 37 
P0	38 T1 47 
P-1	46 T2 56 
P-1	41 T3 57 
P0	56 T4 62 
P0	88 T5 99 
P-1	93 T6 106 
P0	103 T7 109 
P-1	98 T8 117 
P0	111 T9 124 
P-1	121 T10 124 
P-1	113 T11 128 
P0	135 T12 142 
P-1	130 T13 148 
P0	147 T14 152 
P0	157 T15 165 
P-1	148 T16 166 
P-1	153 T17 177 
P-1	164 T18 181 
P0	169 T19 181 
P-1	171 T20 185 
P-1	175 T21 192 
P0	182 T22 193 
P-1	180 T23 197 
P0	200 T24 207 
P-1	203 T25 216 
P-1	206 T26 223 
P0	232 T27 243 
P-1	165 T28 256 
P0	262 T29 270 
P-1	261 T30 273 
P-1	14 T31 285 
P0	288 T32 291 
P0	298 T33 306 
NMec = 97827
Viable Sol. = 0
Profit = 16
T = 34
P = 1
Profits ignored
Solution time = 9.998e-06
Task data
00   35  37     1
01   38  47     1
02   46  56     1
03   41  57     1
04   56  62     1
05   88  99     1
06   93 106     1
07  103 109     1
08   98 117     1
09  111 124     1
10  121 124     1
11  113 128     1
12  135 142     1
13  130 148     1
14  147 152     1
15  157 165     1
16  148 166     1
17  153 177     1
18  164 181     1
19  169 181     1
20  171 185     1
21  175 192     1
22  182 193     1
23  180 197     1
24  200 207     1
25  203 216     1
26  206 223     1
27  232 243     1
28  165 256     1
29  262 270     1
30  261 273     1
31   14 285     1
32  288 291     1
33  298 306     1
End
