P-1	0 T0 22 
P-1	0 T1 23 
P-1	1 T2 25 
P-1	1 T3 28 
P0	2 T4 10 
P-1	2 T5 24 
P-1	2 T6 28 
P1	3 T7 13 
P-1	3 T8 19 
P-1	3 T9 24 
P-1	3 T10 32 
P2	4 T11 19 
P3	4 T12 20 
P-1	4 T13 22 
P-1	4 T14 31 
P4	5 T15 19 
P-1	5 T16 26 
P5	7 T17 14 
P6	7 T18 15 
P-1	8 T19 23 
P-1	8 T20 25 
P-1	8 T21 26 
P-1	8 T22 26 
P7	9 T23 33 
P0	13 T24 23 
P8	13 T25 33 
P1	16 T26 24 
P5	16 T27 27 
P6	16 T28 28 
P9	16 T29 30 
P2	20 T30 23 
P3	21 T31 27 
P4	21 T32 29 
P0	25 T33 32 
NMec = 97827
Viable Sol. = 1693928625
Profit = 18
T = 34
P = 10
Profits ignored
Solution time = 1.588e+01
Task data
00    0  22     1
01    0  23     1
02    1  25     1
03    1  28     1
04    2  10     1
05    2  24     1
06    2  28     1
07    3  13     1
08    3  19     1
09    3  24     1
10    3  32     1
11    4  19     1
12    4  20     1
13    4  22     1
14    4  31     1
15    5  19     1
16    5  26     1
17    7  14     1
18    7  15     1
19    8  23     1
20    8  25     1
21    8  26     1
22    8  26     1
23    9  33     1
24   13  23     1
25   13  33     1
26   16  24     1
27   16  27     1
28   16  28     1
29   16  30     1
30   20  23     1
31   21  27     1
32   21  29     1
33   25  32     1
End
