P0	0 T0 6 
P1	1 T1 36 
P-1	2 T2 21 
P-1	4 T3 47 
P-1	6 T4 17 
P-1	7 T5 26 
P-1	9 T6 16 
P-1	10 T7 27 
P-1	11 T8 18 
P-1	11 T9 19 
P0	11 T10 26 
P2	11 T11 30 
P-1	15 T12 36 
P-1	16 T13 33 
P-1	16 T14 34 
P3	16 T15 35 
P4	16 T16 54 
P5	16 T17 57 
P-1	17 T18 36 
P-1	21 T19 32 
P-1	26 T20 49 
P-1	27 T21 35 
P-1	29 T22 37 
P0	32 T23 44 
P2	32 T24 47 
P-1	33 T25 45 
P-1	34 T26 56 
P-1	36 T27 38 
P3	36 T28 43 
P-1	40 T29 57 
P1	41 T30 51 
P-1	41 T31 53 
P3	44 T32 50 
P-1	45 T33 47 
P0	45 T34 52 
NMec = 97827
Viable Sol. = 1596223076
Profit = 51015
T = 35
P = 6
Profits not ignored
Solution time = 1.544e+01
Task data
00    0   6   546
01    1  36  8601
02    2  21  2933
03    4  47  4512
04    6  17  1354
05    7  26  3231
06    9  16  1112
07   10  27  1934
08   11  18  1180
09   11  19  2086
10   11  26  3648
11   11  30  3913
12   15  36  2739
13   16  33  1952
14   16  34  1704
15   16  35  4503
16   16  54  8480
17   16  57  7437
18   17  36  3260
19   21  32  1275
20   26  49  3639
21   27  35  1253
22   29  37  1921
23   32  44  2891
24   32  47  4118
25   33  45  1813
26   34  56  3718
27   36  38   711
28   36  43  1353
29   40  57  1244
30   41  51  1934
31   41  53  1584
32   44  50  1466
33   45  47   203
34   45  52  2125
End
