P0	5 T0 10 
P1	7 T1 14 
P-1	10 T2 27 
P-1	11 T3 31 
P0	13 T4 22 
P2	14 T5 26 
P-1	14 T6 32 
P1	18 T7 27 
P0	23 T8 36 
P1	28 T9 111 
P2	29 T10 31 
P0	47 T11 62 
P-1	48 T12 68 
P-1	54 T13 62 
P-1	55 T14 68 
P-1	58 T15 69 
P2	59 T16 82 
P-1	61 T17 62 
P-1	62 T18 70 
P-1	63 T19 72 
P-1	63 T20 77 
P-1	67 T21 68 
P0	67 T22 79 
P-1	67 T23 83 
P-1	69 T24 77 
P-1	72 T25 82 
P-1	81 T26 89 
P0	81 T27 110 
P2	92 T28 97 
P2	98 T29 114 
P-1	99 T30 107 
P-1	101 T31 110 
P-1	103 T32 107 
P-1	107 T33 113 
P-1	110 T34 113 
NMec = 97827
Viable Sol. = 570849912
Profit = 44571
T = 35
P = 3
Profits not ignored
Solution time = 4.745e+00
Task data
00    5  10   646
01    7  14   959
02   10  27  1339
03   11  31  2655
04   13  22  1382
05   14  26  3007
06   14  32  2609
07   18  27  1356
08   23  36  2748
09   28 111 15293
10   29  31   455
11   47  62  1761
12   48  68  3754
13   54  62   753
14   55  68  2114
15   58  69  1665
16   59  82  6002
17   61  62   429
18   62  70  1851
19   63  72   795
20   63  77  1347
21   67  68   474
22   67  79  3171
23   67  83  1169
24   69  77   927
25   72  82  1093
26   81  89   802
27   81 110  4040
28   92  97   649
29   98 114  3102
30   99 107  1321
31  101 110  2396
32  103 107   744
33  107 113   690
34  110 113   494
End
