P0	0 T0 18 
P1	1 T1 11 
P-1	3 T2 23 
P2	5 T3 80 
P3	11 T4 68 
P-1	12 T5 38 
P-1	12 T6 70 
P1	13 T7 78 
P-1	16 T8 44 
P-1	17 T9 29 
P-1	18 T10 28 
P-1	24 T11 27 
P0	25 T12 40 
P-1	28 T13 34 
P-1	31 T14 33 
P-1	32 T15 47 
P-1	32 T16 71 
P-1	33 T17 40 
P-1	33 T18 53 
P-1	36 T19 52 
P-1	39 T20 56 
P-1	39 T21 61 
P-1	40 T22 50 
P-1	40 T23 86 
P0	43 T24 48 
P-1	45 T25 58 
P-1	47 T26 59 
P0	51 T27 63 
P-1	52 T28 68 
P-1	54 T29 67 
P-1	57 T30 67 
P-1	59 T31 63 
P-1	62 T32 70 
P-1	64 T33 71 
P0	64 T34 84 
NMec = 97827
Viable Sol. = 211093780
Profit = 57423
T = 35
P = 4
Profits not ignored
Solution time = 1.963e+00
Task data
00    0  18  4898
01    1  11  1370
02    3  23  2174
03    5  80 13959
04   11  68 11992
05   12  38  3532
06   12  70 11278
07   13  78 14491
08   16  44  3825
09   17  29  1130
10   18  28  2314
11   24  27   476
12   25  40  3261
13   28  34   842
14   31  33   654
15   32  47  2247
16   32  71  5201
17   33  40   988
18   33  53  3028
19   36  52  2213
20   39  56  2394
21   39  61  3121
22   40  50  1626
23   40  86  6554
24   43  48  1228
25   45  58  1299
26   47  59  2585
27   51  63  2668
28   52  68  1640
29   54  67  1521
30   57  67  1170
31   59  63   499
32   62  70  1246
33   64  71  1913
34   64  84  3556
End
