P-1	6 T0 11 
P0	8 T1 32 
P-1	14 T2 26 
P-1	30 T3 48 
P0	39 T4 63 
P-1	48 T5 56 
P-1	61 T6 258 
P-1	63 T7 87 
P0	65 T8 76 
P-1	70 T9 84 
P0	90 T10 105 
P-1	99 T11 108 
P-1	99 T12 123 
P0	107 T13 212 
P-1	112 T14 115 
P-1	122 T15 124 
P-1	123 T16 132 
P-1	162 T17 169 
P-1	162 T18 172 
P-1	195 T19 213 
P-1	208 T20 227 
P-1	212 T21 237 
P0	217 T22 232 
P0	243 T23 248 
P-1	248 T24 257 
P-1	261 T25 286 
P0	265 T26 272 
P-1	265 T27 277 
P-1	268 T28 287 
P-1	269 T29 284 
P0	276 T30 295 
P0	296 T31 305 
P-1	301 T32 317 
P-1	310 T33 321 
P0	316 T34 325 
NMec = 97827
Viable Sol. = 4127872
Profit = 47353
T = 35
P = 1
Profits not ignored
Solution time = 4.254e-02
Task data
00    6  11  1233
01    8  32  5226
02   14  26  1926
03   30  48  2576
04   39  63  3835
05   48  56  1056
06   61 258 21366
07   63  87  4690
08   65  76  2351
09   70  84  1791
10   90 105  2023
11   99 108  1932
12   99 123  1843
13  107 212 22857
14  112 115   361
15  122 124   310
16  123 132   647
17  162 169  1297
18  162 172   986
19  195 213  2488
20  208 227  2011
21  212 237  5537
22  217 232  1853
23  243 248  1644
24  248 257  1636
25  261 286  4588
26  265 272   707
27  265 277  2710
28  268 287  2182
29  269 284  2621
30  276 295  4130
31  296 305   702
32  301 317  1612
33  310 321  1725
34  316 325  2025
End
