P-1	1 T0 9 
P-1	3 T1 164 
P0	4 T2 17 
P1	5 T3 11 
P-1	6 T4 133 
P-1	15 T5 157 
P-1	20 T6 29 
P0	21 T7 27 
P-1	21 T8 44 
P1	27 T9 35 
P0	28 T10 32 
P-1	28 T11 50 
P-1	29 T12 51 
P0	35 T13 50 
P-1	35 T14 172 
P1	44 T15 47 
P1	50 T16 54 
P0	55 T17 71 
P1	61 T18 70 
P-1	62 T19 84 
P0	75 T20 82 
P1	79 T21 89 
P-1	79 T22 94 
P0	87 T23 106 
P1	90 T24 103 
P0	107 T25 119 
P1	113 T26 123 
P-1	118 T27 137 
P0	126 T28 152 
P1	134 T29 145 
P-1	141 T30 157 
P-1	146 T31 159 
P-1	146 T32 165 
P1	147 T33 166 
P0	153 T34 170 
NMec = 97827
Viable Sol. = 74134060
Profit = 20
T = 35
P = 2
Profits ignored
Solution time = 7.461e-01
Task data
00    1   9     1
01    3 164     1
02    4  17     1
03    5  11     1
04    6 133     1
05   15 157     1
06   20  29     1
07   21  27     1
08   21  44     1
09   27  35     1
10   28  32     1
11   28  50     1
12   29  51     1
13   35  50     1
14   35 172     1
15   44  47     1
16   50  54     1
17   55  71     1
18   61  70     1
19   62  84     1
20   75  82     1
21   79  89     1
22   79  94     1
23   87 106     1
24   90 103     1
25  107 119     1
26  113 123     1
27  118 137     1
28  126 152     1
29  134 145     1
30  141 157     1
31  146 159     1
32  146 165     1
33  147 166     1
34  153 170     1
End
