P0	0 T0 6 
P-1	1 T1 36 
P-1	2 T2 21 
P-1	4 T3 47 
P-1	6 T4 17 
P-1	7 T5 26 
P0	9 T6 16 
P-1	10 T7 27 
P1	11 T8 18 
P2	11 T9 19 
P3	11 T10 26 
P4	11 T11 30 
P-1	15 T12 36 
P-1	16 T13 33 
P-1	16 T14 34 
P5	16 T15 35 
P-1	16 T16 54 
P-1	16 T17 57 
P0	17 T18 36 
P1	21 T19 32 
P-1	26 T20 49 
P2	27 T21 35 
P3	29 T22 37 
P4	32 T23 44 
P-1	32 T24 47 
P-1	33 T25 45 
P-1	34 T26 56 
P1	36 T27 38 
P2	36 T28 43 
P0	40 T29 57 
P1	41 T30 51 
P3	41 T31 53 
P2	44 T32 50 
P4	45 T33 47 
P5	45 T34 52 
NMec = 97827
Viable Sol. = 1596223076
Profit = 20
T = 35
P = 6
Profits ignored
Solution time = 1.590e+01
Task data
00    0   6     1
01    1  36     1
02    2  21     1
03    4  47     1
04    6  17     1
05    7  26     1
06    9  16     1
07   10  27     1
08   11  18     1
09   11  19     1
10   11  26     1
11   11  30     1
12   15  36     1
13   16  33     1
14   16  34     1
15   16  35     1
16   16  54     1
17   16  57     1
18   17  36     1
19   21  32     1
20   26  49     1
21   27  35     1
22   29  37     1
23   32  44     1
24   32  47     1
25   33  45     1
26   34  56     1
27   36  38     1
28   36  43     1
29   40  57     1
30   41  51     1
31   41  53     1
32   44  50     1
33   45  47     1
34   45  52     1
End
