P0	0 T0 10 
P1	0 T1 11 
P-1	0 T2 18 
P-1	0 T3 49 
P2	1 T4 28 
P3	1 T5 44 
P-1	3 T6 16 
P4	3 T7 22 
P-1	3 T8 49 
P5	4 T9 16 
P6	6 T10 24 
P-1	9 T11 32 
P0	11 T12 24 
P-1	13 T13 22 
P-1	13 T14 40 
P-1	15 T15 28 
P-1	15 T16 30 
P1	15 T17 36 
P-1	16 T18 33 
P-1	18 T19 32 
P5	20 T20 40 
P-1	22 T21 36 
P-1	23 T22 42 
P0	25 T23 43 
P4	26 T24 41 
P-1	26 T25 48 
P-1	27 T26 37 
P-1	28 T27 32 
P6	28 T28 45 
P2	31 T29 37 
P-1	31 T30 41 
P-1	31 T31 45 
P-1	32 T32 42 
P1	38 T33 45 
P2	39 T34 46 
NMec = 97827
Viable Sol. = 1428765408
Profit = 44483
T = 35
P = 7
Profits not ignored
Solution time = 1.396e+01
Task data
00    0  10  1137
01    0  11  1737
02    0  18  1298
03    0  49  3639
04    1  28  3599
05    1  44  9301
06    3  16  1564
07    3  22  2435
08    3  49  4230
09    4  16  1696
10    6  24  1804
11    9  32  3939
12   11  24  1738
13   13  22   931
14   13  40  3432
15   15  28  1741
16   15  30  1305
17   15  36  4556
18   16  33  1250
19   18  32  2419
20   20  40  4089
21   22  36  1202
22   23  42  2528
23   25  43  3781
24   26  41  2745
25   26  48  2402
26   27  37  1558
27   28  32   625
28   28  45  2729
29   31  37   725
30   31  41   940
31   31  45  1266
32   32  42  1146
33   38  45  1143
34   39  46  1268
End
