P-1	1 T0 18 
P0	1 T1 22 
P1	3 T2 65 
P-1	5 T3 19 
P-1	5 T4 20 
P-1	7 T5 21 
P2	8 T6 18 
P3	9 T7 20 
P4	15 T8 35 
P-1	17 T9 30 
P2	19 T10 27 
P-1	19 T11 45 
P-1	21 T12 36 
P0	23 T13 35 
P-1	25 T14 43 
P-1	26 T15 45 
P-1	27 T16 44 
P3	27 T17 45 
P-1	28 T18 35 
P2	29 T19 53 
P-1	32 T20 49 
P-1	32 T21 55 
P-1	34 T22 48 
P-1	36 T23 53 
P-1	37 T24 45 
P-1	39 T25 51 
P0	40 T26 63 
P-1	41 T27 54 
P4	41 T28 69 
P-1	42 T29 52 
P-1	51 T30 66 
P3	52 T31 66 
P2	58 T32 63 
P-1	63 T33 64 
P0	65 T34 69 
NMec = 97827
Viable Sol. = 1048216818
Profit = 48636
T = 35
P = 5
Profits not ignored
Solution time = 8.521e+00
Task data
00    1  18  1807
01    1  22  2295
02    3  65  9283
03    5  19  1443
04    5  20  1739
05    7  21  1898
06    8  18  2525
07    9  20  1968
08   15  35  4686
09   17  30  2902
10   19  27   662
11   19  45  2837
12   21  36  1489
13   23  35  1743
14   25  43  1849
15   26  45  1635
16   27  44  3991
17   27  45  4782
18   28  35   820
19   29  53  5345
20   32  49  1845
21   32  55  2466
22   34  48  1709
23   36  53  1940
24   37  45   749
25   39  51  2052
26   40  63  5401
27   41  54  1240
28   41  69  4723
29   42  52  2674
30   51  66  2094
31   52  66  3655
32   58  63   947
33   63  64   275
34   65  69   621
End
