P0	0 T0 36 
P1	1 T1 17 
P2	2 T2 25 
P3	3 T3 7 
P-1	3 T4 36 
P4	4 T5 12 
P-1	4 T6 20 
P-1	5 T7 21 
P-1	5 T8 41 
P-1	6 T9 24 
P5	6 T10 30 
P-1	8 T11 22 
P3	8 T12 35 
P6	9 T13 17 
P-1	10 T14 12 
P7	10 T15 24 
P-1	10 T16 36 
P-1	13 T17 32 
P4	14 T18 23 
P-1	15 T19 23 
P-1	15 T20 23 
P1	18 T21 26 
P6	18 T22 41 
P-1	19 T23 30 
P-1	19 T24 35 
P-1	22 T25 33 
P-1	23 T26 32 
P4	24 T27 30 
P7	25 T28 38 
P2	26 T29 31 
P1	28 T30 43 
P4	31 T31 40 
P2	32 T32 40 
P-1	33 T33 38 
P5	35 T34 42 
NMec = 97827
Viable Sol. = 5496228910
Profit = 46640
T = 35
P = 8
Profits not ignored
Solution time = 5.108e+01
Task data
00    0  36  5326
01    1  17  2337
02    2  25  3322
03    3   7  1047
04    3  36  2755
05    4  12   783
06    4  20  1497
07    5  21  2105
08    5  41  3794
09    6  24  1766
10    6  30  3896
11    8  22  1326
12    8  35  6081
13    9  17  1702
14   10  12   327
15   10  24  3640
16   10  36  4064
17   13  32  1662
18   14  23  2752
19   15  23   901
20   15  23   881
21   18  26  1687
22   18  41  4147
23   19  30  2372
24   19  35  2607
25   22  33  1331
26   23  32   616
27   24  30  1016
28   25  38  1642
29   26  31   879
30   28  43  1193
31   31  40  1177
32   32  40  2210
33   33  38   383
34   35  42  1803
End
