P0	0 T0 10 
P1	0 T1 11 
P-1	0 T2 18 
P-1	0 T3 49 
P-1	1 T4 28 
P-1	1 T5 44 
P-1	3 T6 16 
P2	3 T7 22 
P-1	3 T8 49 
P3	4 T9 16 
P4	6 T10 24 
P-1	9 T11 32 
P0	11 T12 24 
P1	13 T13 22 
P-1	13 T14 40 
P5	15 T15 28 
P6	15 T16 30 
P-1	15 T17 36 
P-1	16 T18 33 
P-1	18 T19 32 
P-1	20 T20 40 
P-1	22 T21 36 
P-1	23 T22 42 
P-1	25 T23 43 
P-1	26 T24 41 
P-1	26 T25 48 
P0	27 T26 37 
P1	28 T27 32 
P2	28 T28 45 
P3	31 T29 37 
P4	31 T30 41 
P5	31 T31 45 
P6	32 T32 42 
P0	38 T33 45 
P1	39 T34 46 
NMec = 97827
Viable Sol. = 1428765408
Profit = 18
T = 35
P = 7
Profits ignored
Solution time = 1.415e+01
Task data
00    0  10     1
01    0  11     1
02    0  18     1
03    0  49     1
04    1  28     1
05    1  44     1
06    3  16     1
07    3  22     1
08    3  49     1
09    4  16     1
10    6  24     1
11    9  32     1
12   11  24     1
13   13  22     1
14   13  40     1
15   15  28     1
16   15  30     1
17   15  36     1
18   16  33     1
19   18  32     1
20   20  40     1
21   22  36     1
22   23  42     1
23   25  43     1
24   26  41     1
25   26  48     1
26   27  37     1
27   28  32     1
28   28  45     1
29   31  37     1
30   31  41     1
31   31  45     1
32   32  42     1
33   38  45     1
34   39  46     1
End
