P0	1 T0 9 
P-1	3 T1 164 
P-1	4 T2 17 
P-1	5 T3 11 
P1	6 T4 133 
P-1	15 T5 157 
P-1	20 T6 29 
P0	21 T7 27 
P-1	21 T8 44 
P-1	27 T9 35 
P0	28 T10 32 
P-1	28 T11 50 
P-1	29 T12 51 
P-1	35 T13 50 
P0	35 T14 172 
P-1	44 T15 47 
P-1	50 T16 54 
P-1	55 T17 71 
P-1	61 T18 70 
P-1	62 T19 84 
P-1	75 T20 82 
P-1	79 T21 89 
P-1	79 T22 94 
P-1	87 T23 106 
P-1	90 T24 103 
P-1	107 T25 119 
P-1	113 T26 123 
P-1	118 T27 137 
P-1	126 T28 152 
P1	134 T29 145 
P-1	141 T30 157 
P-1	146 T31 159 
P1	146 T32 165 
P-1	147 T33 166 
P-1	153 T34 170 
NMec = 97827
Viable Sol. = 74134060
Profit = 59060
T = 35
P = 2
Profits not ignored
Solution time = 7.119e-01
Task data
00    1   9  2027
01    3 164 15958
02    4  17  1282
03    5  11  1216
04    6 133 21161
05   15 157 13973
06   20  29  1131
07   21  27   917
08   21  44  4007
09   27  35   757
10   28  32   923
11   28  50  5324
12   29  51  3334
13   35  50  2925
14   35 172 26337
15   44  47   317
16   50  54   418
17   55  71  1682
18   61  70  2343
19   62  84  2319
20   75  82  1645
21   79  89  2476
22   79  94  3666
23   87 106  2618
24   90 103  1281
25  107 119  1669
26  113 123  2010
27  118 137  3707
28  126 152  4007
29  134 145  2102
30  141 157  4110
31  146 159  3499
32  146 165  5593
33  147 166  2155
34  153 170  2316
End
