P-1	0 T0 36 
P0	1 T1 17 
P-1	2 T2 25 
P1	3 T3 7 
P-1	3 T4 36 
P2	4 T5 12 
P-1	4 T6 20 
P3	5 T7 21 
P-1	5 T8 41 
P-1	6 T9 24 
P-1	6 T10 30 
P1	8 T11 22 
P-1	8 T12 35 
P4	9 T13 17 
P5	10 T14 12 
P-1	10 T15 24 
P-1	10 T16 36 
P-1	13 T17 32 
P2	14 T18 23 
P5	15 T19 23 
P6	15 T20 23 
P0	18 T21 26 
P-1	18 T22 41 
P4	19 T23 30 
P7	19 T24 35 
P3	22 T25 33 
P1	23 T26 32 
P2	24 T27 30 
P5	25 T28 38 
P6	26 T29 31 
P0	28 T30 43 
P2	31 T31 40 
P4	32 T32 40 
P1	33 T33 38 
P3	35 T34 42 
NMec = 97827
Viable Sol. = 5496228910
Profit = 23
T = 35
P = 8
Profits ignored
Solution time = 5.845e+01
Task data
00    0  36     1
01    1  17     1
02    2  25     1
03    3   7     1
04    3  36     1
05    4  12     1
06    4  20     1
07    5  21     1
08    5  41     1
09    6  24     1
10    6  30     1
11    8  22     1
12    8  35     1
13    9  17     1
14   10  12     1
15   10  24     1
16   10  36     1
17   13  32     1
18   14  23     1
19   15  23     1
20   15  23     1
21   18  26     1
22   18  41     1
23   19  30     1
24   19  35     1
25   22  33     1
26   23  32     1
27   24  30     1
28   25  38     1
29   26  31     1
30   28  43     1
31   31  40     1
32   32  40     1
33   33  38     1
34   35  42     1
End
