P0	0 T0 3 
P-1	0 T1 10 
P1	0 T2 12 
P2	0 T3 34 
P3	1 T4 10 
P-1	1 T5 27 
P4	2 T6 13 
P-1	2 T7 14 
P5	2 T8 17 
P-1	3 T9 12 
P-1	3 T10 22 
P0	5 T11 20 
P-1	5 T12 30 
P-1	6 T13 20 
P-1	6 T14 22 
P-1	6 T15 25 
P6	7 T16 16 
P7	7 T17 27 
P8	9 T18 17 
P9	9 T19 31 
P-1	10 T20 27 
P3	11 T21 33 
P-1	12 T22 25 
P1	14 T23 19 
P-1	14 T24 31 
P-1	15 T25 20 
P4	16 T26 32 
P6	17 T27 33 
P5	19 T28 28 
P-1	20 T29 29 
P1	20 T30 31 
P8	20 T31 34 
P-1	23 T32 27 
P0	24 T33 33 
P-1	26 T34 29 
NMec = 97827
Viable Sol. = 11215746212
Profit = 48131
T = 35
P = 10
Profits not ignored
Solution time = 1.213e+02
Task data
00    0   3   405
01    0  10   906
02    0  12  1930
03    0  34  4635
04    1  10  1357
05    1  27  2122
06    2  13  1504
07    2  14   964
08    2  17  2981
09    3  12  1093
10    3  22  2773
11    5  20  3360
12    5  30  3408
13    6  20  1367
14    6  22  1627
15    6  25  1879
16    7  16  2042
17    7  27  4119
18    9  17  1932
19    9  31  5275
20   10  27  1985
21   11  33  2438
22   12  25  2090
23   14  19  1370
24   14  31  2248
25   15  20   794
26   16  32  2404
27   17  33  4435
28   19  28  1546
29   20  29   931
30   20  31  2019
31   20  34  3280
32   23  27   452
33   24  33  1099
34   26  29   338
End
