P-1	0 T0 6 
P-1	1 T1 15 
P0	2 T2 9 
P1	2 T3 54 
P2	3 T4 27 
P3	3 T5 66 
P4	4 T6 11 
P-1	4 T7 17 
P-1	7 T8 66 
P-1	8 T9 14 
P-1	9 T10 14 
P-1	9 T11 18 
P0	10 T12 25 
P4	12 T13 35 
P-1	12 T14 52 
P-1	14 T15 29 
P-1	25 T16 41 
P0	27 T17 40 
P-1	28 T18 46 
P2	30 T19 37 
P-1	31 T20 54 
P-1	32 T21 55 
P-1	33 T22 41 
P-1	34 T23 46 
P-1	35 T24 47 
P-1	36 T25 54 
P-1	37 T26 42 
P-1	39 T27 43 
P2	39 T28 50 
P4	40 T29 55 
P0	41 T30 53 
P-1	51 T31 64 
P2	51 T32 68 
P0	57 T33 66 
P1	60 T34 70 
P4	64 T35 69 
NMec = 97827
Viable Sol. = 1438410360
Profit = 50816
T = 36
P = 5
Profits not ignored
Solution time = 1.129e+01
Task data
00    0   6   520
01    1  15  2321
02    2   9   702
03    2  54  8091
04    3  27  3696
05    3  66  8751
06    4  11   848
07    4  17  3665
08    7  66  5858
09    8  14   738
10    9  14   831
11    9  18   947
12   10  25  3715
13   12  35  5795
14   12  52  3848
15   14  29  2042
16   25  41  1158
17   27  40  3699
18   28  46  2286
19   30  37   741
20   31  54  1950
21   32  55  2020
22   33  41  1533
23   34  46  2271
24   35  47  1591
25   36  54  2163
26   37  42  1687
27   39  43   461
28   39  50  2750
29   40  55  3544
30   41  53  1699
31   51  64  1396
32   51  68  2357
33   57  66  2491
34   60  70   715
35   64  69  1222
End
