P0	0 T0 8 
P-1	1 T1 12 
P1	2 T2 11 
P-1	2 T3 14 
P-1	4 T4 16 
P2	5 T5 6 
P3	5 T6 13 
P-1	6 T7 14 
P-1	6 T8 14 
P-1	6 T9 25 
P2	8 T10 19 
P0	9 T11 17 
P4	10 T12 21 
P5	11 T13 16 
P6	11 T14 24 
P1	12 T15 22 
P3	14 T16 25 
P-1	14 T17 36 
P-1	16 T18 40 
P-1	20 T19 44 
P0	21 T20 29 
P2	21 T21 29 
P-1	21 T22 43 
P4	22 T23 35 
P-1	24 T24 47 
P1	25 T25 27 
P3	26 T26 29 
P-1	26 T27 37 
P5	26 T28 38 
P0	30 T29 34 
P1	30 T30 39 
P2	31 T31 40 
P3	32 T32 42 
P6	33 T33 43 
P0	37 T34 45 
P4	37 T35 46 
NMec = 97827
Viable Sol. = 24060352604
Profit = 24
T = 36
P = 7
Profits ignored
Solution time = 2.418e+02
Task data
00    0   8     1
01    1  12     1
02    2  11     1
03    2  14     1
04    4  16     1
05    5   6     1
06    5  13     1
07    6  14     1
08    6  14     1
09    6  25     1
10    8  19     1
11    9  17     1
12   10  21     1
13   11  16     1
14   11  24     1
15   12  22     1
16   14  25     1
17   14  36     1
18   16  40     1
19   20  44     1
20   21  29     1
21   21  29     1
22   21  43     1
23   22  35     1
24   24  47     1
25   25  27     1
26   26  29     1
27   26  37     1
28   26  38     1
29   30  34     1
30   30  39     1
31   31  40     1
32   32  42     1
33   33  43     1
34   37  45     1
35   37  46     1
End
