P0	0 T0 8 
P1	1 T1 12 
P2	2 T2 11 
P3	2 T3 14 
P4	4 T4 16 
P5	5 T5 6 
P6	5 T6 13 
P-1	6 T7 14 
P-1	6 T8 14 
P-1	6 T9 25 
P5	8 T10 19 
P0	9 T11 17 
P-1	10 T12 21 
P-1	11 T13 16 
P-1	11 T14 24 
P2	12 T15 22 
P1	14 T16 25 
P6	14 T17 36 
P3	16 T18 40 
P0	20 T19 44 
P-1	21 T20 29 
P4	21 T21 29 
P5	21 T22 43 
P-1	22 T23 35 
P2	24 T24 47 
P-1	25 T25 27 
P1	26 T26 29 
P-1	26 T27 37 
P-1	26 T28 38 
P1	30 T29 34 
P-1	30 T30 39 
P-1	31 T31 40 
P4	32 T32 42 
P-1	33 T33 43 
P1	37 T34 45 
P6	37 T35 46 
NMec = 97827
Viable Sol. = 24060352604
Profit = 40445
T = 36
P = 7
Profits not ignored
Solution time = 2.420e+02
Task data
00    0   8  1048
01    1  12  1103
02    2  11  1842
03    2  14  2170
04    4  16  2061
05    5   6   253
06    5  13  1759
07    6  14  1006
08    6  14  1247
09    6  25  1888
10    8  19  1193
11    9  17  1576
12   10  21  1166
13   11  16  1102
14   11  24  1459
15   12  22  1102
16   14  25  1541
17   14  36  2552
18   16  40  3479
19   20  44  4022
20   21  29  1119
21   21  29  1192
22   21  43  2993
23   22  35  1850
24   24  47  3063
25   25  27   449
26   26  29   989
27   26  37  1171
28   26  38  1148
29   30  34   910
30   30  39  1334
31   31  40  1435
32   32  42  2942
33   33  43  1798
34   37  45  1607
35   37  46  1048
End
