P0	17 T0 23 
P0	29 T1 36 
P0	37 T2 46 
P-1	40 T3 48 
P-1	48 T4 67 
P0	53 T5 65 
P0	73 T6 75 
P0	81 T7 87 
P-1	90 T8 112 
P0	91 T9 105 
P0	106 T10 115 
P-1	107 T11 112 
P0	120 T12 141 
P-1	128 T13 140 
P-1	130 T14 147 
P-1	139 T15 154 
P-1	151 T16 165 
P0	152 T17 168 
P-1	160 T18 168 
P-1	162 T19 178 
P-1	171 T20 184 
P0	181 T21 358 
P-1	194 T22 212 
P-1	211 T23 234 
P-1	233 T24 240 
P-1	241 T25 250 
P-1	246 T26 267 
P-1	258 T27 285 
P-1	260 T28 282 
P-1	263 T29 271 
P-1	268 T30 295 
P-1	292 T31 303 
P-1	293 T32 300 
P-1	300 T33 308 
P-1	310 T34 323 
P-1	329 T35 337 
NMec = 97827
Viable Sol. = 30878848
Profit = 52936
T = 36
P = 1
Profits not ignored
Solution time = 2.658e-01
Task data
00   17  23  1359
01   29  36  1283
02   37  46  1215
03   40  48   918
04   48  67  2068
05   53  65  2496
06   73  75   369
07   81  87  1306
08   90 112  1675
09   91 105  3662
10  106 115  2251
11  107 112   741
12  120 141  4787
13  128 140  1489
14  130 147  1468
15  139 154  1368
16  151 165  2446
17  152 168  2833
18  160 168   849
19  162 178  2072
20  171 184  2708
21  181 358 31375
22  194 212  2450
23  211 234  4102
24  233 240   791
25  241 250  2347
26  246 267  2330
27  258 285  5176
28  260 282  3952
29  263 271  1152
30  268 295  2489
31  292 303  2136
32  293 300  1388
33  300 308   809
34  310 323  1471
35  329 337   797
End
