P0	17 T0 23 
P0	29 T1 36 
P0	37 T2 46 
P-1	40 T3 48 
P0	53 T4 65 
P-1	48 T5 67 
P0	73 T6 75 
P0	81 T7 87 
P0	91 T8 105 
P-1	90 T9 112 
P0	107 T10 112 
P-1	106 T11 115 
P0	128 T12 140 
P-1	120 T13 141 
P-1	130 T14 147 
P-1	139 T15 154 
P0	151 T16 165 
P-1	152 T17 168 
P-1	160 T18 168 
P-1	162 T19 178 
P0	171 T20 184 
P0	194 T21 212 
P-1	211 T22 234 
P0	233 T23 240 
P0	241 T24 250 
P-1	246 T25 267 
P0	263 T26 271 
P-1	260 T27 282 
P-1	258 T28 285 
P-1	268 T29 295 
P0	293 T30 300 
P-1	292 T31 303 
P-1	300 T32 308 
P0	310 T33 323 
P0	329 T34 337 
P-1	181 T35 358 
NMec = 97827
Viable Sol. = 0
Profit = 18
T = 36
P = 1
Profits ignored
Solution time = 6.481e-06
Task data
00   17  23     1
01   29  36     1
02   37  46     1
03   40  48     1
04   53  65     1
05   48  67     1
06   73  75     1
07   81  87     1
08   91 105     1
09   90 112     1
10  107 112     1
11  106 115     1
12  128 140     1
13  120 141     1
14  130 147     1
15  139 154     1
16  151 165     1
17  152 168     1
18  160 168     1
19  162 178     1
20  171 184     1
21  194 212     1
22  211 234     1
23  233 240     1
24  241 250     1
25  246 267     1
26  263 271     1
27  260 282     1
28  258 285     1
29  268 295     1
30  293 300     1
31  292 303     1
32  300 308     1
33  310 323     1
34  329 337     1
35  181 358     1
End
