P0	0 T0 6 
P1	2 T1 15 
P2	2 T2 19 
P3	2 T3 53 
P4	3 T4 57 
P5	6 T5 16 
P0	9 T6 21 
P-1	9 T7 56 
P-1	13 T8 40 
P-1	16 T9 23 
P1	16 T10 31 
P-1	16 T11 35 
P5	19 T12 39 
P0	23 T13 28 
P-1	25 T14 38 
P2	25 T15 55 
P-1	26 T16 45 
P-1	27 T17 46 
P-1	30 T18 34 
P0	30 T19 35 
P-1	31 T20 49 
P-1	33 T21 36 
P-1	34 T22 38 
P-1	34 T23 42 
P-1	34 T24 47 
P-1	35 T25 40 
P1	35 T26 50 
P-1	36 T27 41 
P0	36 T28 55 
P5	41 T29 52 
P-1	44 T30 53 
P-1	47 T31 57 
P-1	50 T32 55 
P-1	50 T33 57 
P1	52 T34 55 
P5	53 T35 59 
NMec = 97827
Viable Sol. = 4088473592
Profit = 61086
T = 36
P = 6
Profits not ignored
Solution time = 3.879e+01
Task data
00    0   6   657
01    2  15  1366
02    2  19  3587
03    2  53 11712
04    3  57 14204
05    6  16  1484
06    9  21  1732
07    9  56  5277
08   13  40  2822
09   16  23   577
10   16  31  2475
11   16  35  1929
12   19  39  2784
13   23  28   818
14   25  38  1890
15   25  55  6973
16   26  45  2240
17   27  46  2823
18   30  34   523
19   30  35  1473
20   31  49  2608
21   33  36   582
22   34  38   552
23   34  42   945
24   34  47  2488
25   35  40   583
26   35  50  3307
27   36  41   353
28   36  55  2946
29   41  52  3445
30   44  53  1633
31   47  57  1372
32   50  55   722
33   50  57   977
34   52  55   623
35   53  59  1500
End
