P-1	1 T0 85 
P0	3 T1 5 
P-1	4 T2 28 
P-1	8 T3 39 
P-1	12 T4 59 
P0	15 T5 21 
P-1	15 T6 62 
P-1	15 T7 83 
P1	16 T8 23 
P-1	16 T9 49 
P-1	17 T10 38 
P-1	20 T11 26 
P-1	20 T12 41 
P0	22 T13 28 
P2	22 T14 31 
P1	25 T15 34 
P3	26 T16 28 
P-1	27 T17 74 
P-1	29 T18 43 
P-1	32 T19 41 
P-1	33 T20 56 
P0	35 T21 62 
P1	36 T22 44 
P2	38 T23 56 
P3	39 T24 49 
P-1	44 T25 86 
P1	50 T26 69 
P-1	51 T27 79 
P-1	55 T28 78 
P-1	62 T29 81 
P-1	64 T30 87 
P0	65 T31 73 
P2	65 T32 76 
P3	65 T33 87 
P1	71 T34 83 
P0	81 T35 83 
NMec = 97827
Viable Sol. = 255124136
Profit = 17
T = 36
P = 4
Profits ignored
Solution time = 2.286e+00
Task data
00    1  85     1
01    3   5     1
02    4  28     1
03    8  39     1
04   12  59     1
05   15  21     1
06   15  62     1
07   15  83     1
08   16  23     1
09   16  49     1
10   17  38     1
11   20  26     1
12   20  41     1
13   22  28     1
14   22  31     1
15   25  34     1
16   26  28     1
17   27  74     1
18   29  43     1
19   32  41     1
20   33  56     1
21   35  62     1
22   36  44     1
23   38  56     1
24   39  49     1
25   44  86     1
26   50  69     1
27   51  79     1
28   55  78     1
29   62  81     1
30   64  87     1
31   65  73     1
32   65  76     1
33   65  87     1
34   71  83     1
35   81  83     1
End
