P0	3 T0 10 
P1	7 T1 24 
P-1	19 T2 31 
P0	22 T3 25 
P-1	23 T4 134 
P-1	24 T5 143 
P1	25 T6 44 
P-1	28 T7 50 
P-1	33 T8 54 
P-1	38 T9 102 
P-1	39 T10 53 
P0	41 T11 50 
P1	50 T12 62 
P0	51 T13 67 
P-1	57 T14 168 
P1	64 T15 89 
P-1	64 T16 168 
P0	73 T17 84 
P-1	73 T18 93 
P0	87 T19 98 
P1	92 T20 101 
P-1	105 T21 119 
P0	110 T22 120 
P1	112 T23 133 
P-1	120 T24 142 
P-1	122 T25 138 
P0	133 T26 142 
P-1	137 T27 154 
P1	138 T28 139 
P-1	140 T29 163 
P-1	141 T30 148 
P0	146 T31 149 
P1	148 T32 158 
P0	156 T33 178 
P1	160 T34 167 
P1	170 T35 179 
NMec = 97827
Viable Sol. = 99098556
Profit = 20
T = 36
P = 2
Profits ignored
Solution time = 7.730e-01
Task data
00    3  10     1
01    7  24     1
02   19  31     1
03   22  25     1
04   23 134     1
05   24 143     1
06   25  44     1
07   28  50     1
08   33  54     1
09   38 102     1
10   39  53     1
11   41  50     1
12   50  62     1
13   51  67     1
14   57 168     1
15   64  89     1
16   64 168     1
17   73  84     1
18   73  93     1
19   87  98     1
20   92 101     1
21  105 119     1
22  110 120     1
23  112 133     1
24  120 142     1
25  122 138     1
26  133 142     1
27  137 154     1
28  138 139     1
29  140 163     1
30  141 148     1
31  146 149     1
32  148 158     1
33  156 178     1
34  160 167     1
35  170 179     1
End
