P0	0 T0 14 
P1	1 T1 8 
P-1	1 T2 26 
P2	2 T3 17 
P3	2 T4 20 
P-1	3 T5 8 
P4	3 T6 10 
P5	3 T7 17 
P6	3 T8 25 
P7	4 T9 17 
P-1	5 T10 17 
P-1	6 T11 29 
P-1	9 T12 22 
P1	9 T13 34 
P-1	10 T14 20 
P4	11 T15 15 
P-1	13 T16 24 
P0	16 T17 20 
P-1	17 T18 29 
P2	18 T19 27 
P4	18 T20 29 
P5	19 T21 27 
P7	19 T22 29 
P0	21 T23 27 
P-1	22 T24 25 
P-1	22 T25 34 
P3	23 T26 40 
P-1	24 T27 32 
P-1	26 T28 30 
P-1	27 T29 29 
P6	27 T30 40 
P-1	28 T31 30 
P0	28 T32 41 
P2	29 T33 40 
P5	29 T34 43 
P1	35 T35 42 
NMec = 97827
Viable Sol. = 28086525262
Profit = 46226
T = 36
P = 8
Profits not ignored
Solution time = 2.479e+02
Task data
00    0  14  1583
01    1   8  1108
02    1  26  2164
03    2  17  3734
04    2  20  2189
05    3   8   649
06    3  10  1734
07    3  17  1423
08    3  25  4826
09    4  17  3038
10    5  17  1273
11    6  29  3337
12    9  22  1173
13    9  34  4768
14   10  20  1357
15   11  15   394
16   13  24  1253
17   16  20   773
18   17  29  1691
19   18  27  2114
20   18  29  2913
21   19  27  1519
22   19  29  2822
23   21  27   807
24   22  25   410
25   22  34  1730
26   23  40  1808
27   24  32   901
28   26  30   371
29   27  29   397
30   27  40  1906
31   28  30   556
32   28  41   977
33   29  40  2451
34   29  43  2620
35   35  42   719
End
