P0	3 T0 10 
P1	7 T1 24 
P0	19 T2 31 
P-1	22 T3 25 
P-1	23 T4 134 
P-1	24 T5 143 
P1	25 T6 44 
P-1	28 T7 50 
P-1	33 T8 54 
P0	38 T9 102 
P-1	39 T10 53 
P-1	41 T11 50 
P1	50 T12 62 
P-1	51 T13 67 
P-1	57 T14 168 
P-1	64 T15 89 
P1	64 T16 168 
P-1	73 T17 84 
P-1	73 T18 93 
P-1	87 T19 98 
P-1	92 T20 101 
P-1	105 T21 119 
P-1	110 T22 120 
P0	112 T23 133 
P-1	120 T24 142 
P-1	122 T25 138 
P-1	133 T26 142 
P0	137 T27 154 
P-1	138 T28 139 
P-1	140 T29 163 
P-1	141 T30 148 
P-1	146 T31 149 
P-1	148 T32 158 
P0	156 T33 178 
P-1	160 T34 167 
P1	170 T35 179 
NMec = 97827
Viable Sol. = 99098556
Profit = 63576
T = 36
P = 2
Profits not ignored
Solution time = 7.801e-01
Task data
00    3  10   848
01    7  24  1427
02   19  31  1500
03   22  25   615
04   23 134  8818
05   24 143 20203
06   25  44  2834
07   28  50  2936
08   33  54  4176
09   38 102 17079
10   39  53  3019
11   41  50  1601
12   50  62  1677
13   51  67  1582
14   57 168 19076
15   64  89  4758
16   64 168 25532
17   73  84  1197
18   73  93  3905
19   87  98  2845
20   92 101  2459
21  105 119  1743
22  110 120   923
23  112 133  4911
24  120 142  2086
25  122 138  3925
26  133 142  2198
27  137 154  2779
28  138 139   264
29  140 163  4671
30  141 148   986
31  146 149   349
32  148 158  1883
33  156 178  4449
34  160 167  1316
35  170 179   540
End
