P0	0 T0 7 
P1	1 T1 34 
P2	2 T2 18 
P3	2 T3 26 
P4	6 T4 16 
P5	6 T5 16 
P6	6 T6 23 
P-1	7 T7 16 
P7	7 T8 23 
P-1	7 T9 29 
P0	9 T10 18 
P-1	9 T11 21 
P-1	9 T12 27 
P8	10 T13 22 
P-1	11 T14 23 
P-1	11 T15 26 
P-1	11 T16 34 
P9	11 T17 35 
P-1	12 T18 15 
P-1	13 T19 25 
P-1	13 T20 28 
P-1	14 T21 34 
P-1	15 T22 23 
P-1	16 T23 20 
P-1	16 T24 25 
P4	17 T25 21 
P-1	17 T26 30 
P5	18 T27 34 
P-1	19 T28 24 
P-1	19 T29 24 
P0	19 T30 25 
P2	20 T31 35 
P-1	21 T32 30 
P4	22 T33 29 
P8	23 T34 34 
P0	26 T35 30 
NMec = 97827
Viable Sol. = 8454739696
Profit = 48945
T = 36
P = 10
Profits not ignored
Solution time = 9.343e+01
Task data
00    0   7  1796
01    1  34  4098
02    2  18  2314
03    2  26  7014
04    6  16  2141
05    6  16  1703
06    6  23  4173
07    7  16  1409
08    7  23  4512
09    7  29  2765
10    9  18  1837
11    9  21  1823
12    9  27  2134
13   10  22  3490
14   11  23   698
15   11  26  2530
16   11  34  2871
17   11  35  4157
18   12  15   473
19   13  25  1766
20   13  28  2072
21   14  34  1876
22   15  23  1895
23   16  20   477
24   16  25  1280
25   17  21  1356
26   17  30  1066
27   18  34  1762
28   19  24   575
29   19  24   787
30   19  25  1464
31   20  35  2456
32   21  30  1153
33   22  29  1208
34   23  34  2243
35   26  30  1221
End
