P0	0 T0 15 
P-1	0 T1 183 
P-1	2 T2 21 
P-1	4 T3 21 
P-1	12 T4 24 
P-1	12 T5 173 
P-1	14 T6 26 
P-1	14 T7 35 
P0	18 T8 22 
P1	21 T9 30 
P0	23 T10 32 
P-1	26 T11 46 
P-1	28 T12 46 
P1	31 T13 37 
P-1	35 T14 48 
P0	36 T15 56 
P-1	40 T16 66 
P1	41 T17 44 
P-1	41 T18 57 
P-1	46 T19 61 
P-1	48 T20 72 
P-1	51 T21 70 
P-1	54 T22 60 
P1	56 T23 66 
P0	57 T24 69 
P-1	68 T25 81 
P-1	70 T26 90 
P0	74 T27 84 
P1	76 T28 92 
P-1	85 T29 94 
P-1	89 T30 98 
P0	91 T31 104 
P1	94 T32 100 
P0	106 T33 121 
P0	131 T34 143 
P1	132 T35 145 
P0	144 T36 155 
NMec = 97827
Viable Sol. = 61846473
Profit = 17
T = 37
P = 2
Profits ignored
Solution time = 4.373e-01
Task data
00    0  15     1
01    0 183     1
02    2  21     1
03    4  21     1
04   12  24     1
05   12 173     1
06   14  26     1
07   14  35     1
08   18  22     1
09   21  30     1
10   23  32     1
11   26  46     1
12   28  46     1
13   31  37     1
14   35  48     1
15   36  56     1
16   40  66     1
17   41  44     1
18   41  57     1
19   46  61     1
20   48  72     1
21   51  70     1
22   54  60     1
23   56  66     1
24   57  69     1
25   68  81     1
26   70  90     1
27   74  84     1
28   76  92     1
29   85  94     1
30   89  98     1
31   91 104     1
32   94 100     1
33  106 121     1
34  131 143     1
35  132 145     1
36  144 155     1
End
