P-1	1 T0 79 
P-1	1 T1 91 
P0	3 T2 24 
P1	4 T3 17 
P2	5 T4 11 
P-1	8 T5 21 
P3	8 T6 47 
P-1	11 T7 27 
P-1	12 T8 22 
P2	15 T9 39 
P-1	17 T10 31 
P-1	18 T11 32 
P1	21 T12 41 
P-1	24 T13 30 
P0	25 T14 32 
P-1	28 T15 49 
P0	33 T16 57 
P-1	37 T17 38 
P-1	37 T18 49 
P2	40 T19 41 
P-1	41 T20 55 
P1	42 T21 47 
P-1	42 T22 47 
P2	47 T23 57 
P-1	49 T24 61 
P-1	52 T25 69 
P1	52 T26 84 
P3	54 T27 68 
P-1	56 T28 73 
P-1	56 T29 75 
P0	59 T30 69 
P2	60 T31 64 
P-1	66 T32 83 
P-1	67 T33 88 
P2	68 T34 89 
P3	69 T35 79 
P0	71 T36 89 
NMec = 97827
Viable Sol. = 3011639466
Profit = 46786
T = 37
P = 4
Profits not ignored
Solution time = 2.959e+01
Task data
00    1  79  8483
01    1  91  8460
02    3  24  2114
03    4  17   815
04    5  11  1041
05    8  21  1974
06    8  47  6831
07   11  27  2075
08   12  22  1208
09   15  39  5360
10   17  31  1752
11   18  32  1987
12   21  41  5369
13   24  30  1538
14   25  32  1499
15   28  49  2677
16   33  57  4016
17   37  38   399
18   37  49  1527
19   40  41   361
20   41  55  1093
21   42  47   754
22   42  47   672
23   47  57  2901
24   49  61  1231
25   52  69  1783
26   52  84  4135
27   54  68  2828
28   56  73  1165
29   56  75  1910
30   59  69  1583
31   60  64  1026
32   66  83  1560
33   67  88  2344
34   68  89  2674
35   69  79  2003
36   71  89  1476
End
