P-1	0 T0 13 
P0	1 T1 4 
P1	1 T2 9 
P2	3 T3 5 
P3	3 T4 12 
P4	4 T5 7 
P5	4 T6 21 
P-1	4 T7 30 
P0	6 T8 13 
P2	6 T9 27 
P-1	6 T10 32 
P1	10 T11 21 
P4	11 T12 23 
P6	11 T13 23 
P7	12 T14 22 
P-1	12 T15 35 
P-1	13 T16 40 
P-1	15 T17 37 
P-1	16 T18 32 
P-1	18 T19 30 
P-1	20 T20 34 
P-1	21 T21 45 
P0	22 T22 26 
P-1	24 T23 31 
P-1	24 T24 31 
P1	24 T25 34 
P3	26 T26 33 
P4	26 T27 34 
P5	26 T28 36 
P0	27 T29 29 
P6	27 T30 30 
P2	28 T31 36 
P7	29 T32 43 
P0	34 T33 45 
P1	35 T34 46 
P3	36 T35 46 
P2	37 T36 44 
NMec = 97827
Viable Sol. = 35560293840
Profit = 25
T = 37
P = 8
Profits ignored
Solution time = 2.811e+02
Task data
00    0  13     1
01    1   4     1
02    1   9     1
03    3   5     1
04    3  12     1
05    4   7     1
06    4  21     1
07    4  30     1
08    6  13     1
09    6  27     1
10    6  32     1
11   10  21     1
12   11  23     1
13   11  23     1
14   12  22     1
15   12  35     1
16   13  40     1
17   15  37     1
18   16  32     1
19   18  30     1
20   20  34     1
21   21  45     1
22   22  26     1
23   24  31     1
24   24  31     1
25   24  34     1
26   26  33     1
27   26  34     1
28   26  36     1
29   27  29     1
30   27  30     1
31   28  36     1
32   29  43     1
33   34  45     1
34   35  46     1
35   36  46     1
36   37  44     1
End
