P0	0 T0 23 
P-1	2 T1 8 
P1	3 T2 7 
P2	3 T3 21 
P3	3 T4 52 
P-1	6 T5 16 
P4	6 T6 61 
P-1	7 T7 10 
P5	7 T8 24 
P1	11 T9 29 
P-1	11 T10 31 
P-1	12 T11 32 
P-1	12 T12 33 
P-1	13 T13 37 
P-1	14 T14 19 
P-1	15 T15 55 
P-1	20 T16 30 
P-1	20 T17 39 
P-1	22 T18 28 
P-1	22 T19 36 
P2	22 T20 56 
P0	24 T21 39 
P5	26 T22 31 
P-1	27 T23 46 
P1	31 T24 36 
P-1	32 T25 40 
P-1	32 T26 52 
P5	33 T27 49 
P-1	33 T28 53 
P1	37 T29 44 
P-1	42 T30 44 
P-1	42 T31 56 
P-1	43 T32 59 
P0	43 T33 59 
P1	46 T34 51 
P-1	50 T35 57 
P5	51 T36 61 
NMec = 97827
Viable Sol. = 10521523196
Profit = 64292
T = 37
P = 6
Profits not ignored
Solution time = 1.016e+02
Task data
00    0  23  3623
01    2   8   971
02    3   7  1272
03    3  21  2498
04    3  52 13861
05    6  16  1075
06    6  61 12144
07    7  10  1004
08    7  24  3228
09   11  29  3703
10   11  31  2965
11   12  32  3044
12   12  33  2535
13   13  37  2426
14   14  19   994
15   15  55  2862
16   20  30   967
17   20  39  2667
18   22  28  1144
19   22  36  2001
20   22  56  8302
21   24  39  2044
22   26  31  1010
23   27  46  2992
24   31  36   652
25   32  40  1073
26   32  52  3701
27   33  49  2910
28   33  53  2559
29   37  44  1600
30   42  44   259
31   42  56  1725
32   43  59  1806
33   43  59  4581
34   46  51  1481
35   50  57  1264
36   51  61  1383
End
