P0	0 T0 8 
P1	0 T1 20 
P2	0 T2 38 
P-1	1 T3 17 
P-1	3 T4 14 
P3	5 T5 12 
P4	5 T6 19 
P5	5 T7 25 
P-1	7 T8 18 
P6	7 T9 25 
P7	7 T10 37 
P8	8 T11 28 
P-1	9 T12 16 
P0	10 T13 33 
P-1	12 T14 30 
P-1	13 T15 20 
P3	14 T16 15 
P-1	15 T17 37 
P3	16 T18 23 
P-1	16 T19 28 
P-1	20 T20 35 
P-1	21 T21 26 
P-1	21 T22 28 
P-1	21 T23 32 
P1	21 T24 34 
P-1	22 T25 32 
P4	22 T26 39 
P-1	22 T27 39 
P-1	23 T28 32 
P3	25 T29 37 
P-1	25 T30 40 
P5	26 T31 34 
P6	26 T32 39 
P-1	27 T33 29 
P-1	27 T34 36 
P-1	28 T35 35 
P8	31 T36 36 
NMec = 97827
Viable Sol. = 26883033958
Profit = 53247
T = 37
P = 9
Profits not ignored
Solution time = 3.102e+02
Task data
00    0   8   624
01    0  20  3921
02    0  38  7841
03    1  17  1707
04    3  14  1204
05    5  12  1973
06    5  19  2641
07    5  25  4962
08    7  18  1261
09    7  25  2803
10    7  37  4217
11    8  28  3595
12    9  16   772
13   10  33  4705
14   12  30  2441
15   13  20  1005
16   14  15   420
17   15  37  2151
18   16  23   776
19   16  28  2009
20   20  35  1872
21   21  26   561
22   21  28   762
23   21  32  1845
24   21  34  3098
25   22  32  2119
26   22  39  3265
27   22  39  2269
28   23  32  1585
29   25  37  2400
30   25  40  1995
31   26  34  1391
32   26  39  3512
33   27  29   504
34   27  36  1389
35   28  35  1010
36   31  36  1103
End
