P-1	0 T0 17 
P-1	0 T1 40 
P-1	1 T2 12 
P0	2 T3 6 
P1	2 T4 14 
P2	2 T5 17 
P-1	2 T6 35 
P-1	2 T7 47 
P3	4 T8 14 
P4	6 T9 11 
P-1	6 T10 25 
P0	8 T11 13 
P-1	10 T12 28 
P5	11 T13 29 
P4	12 T14 18 
P6	12 T15 27 
P-1	14 T16 32 
P0	15 T17 18 
P1	16 T18 22 
P3	17 T19 32 
P2	18 T20 26 
P-1	19 T21 39 
P-1	22 T22 39 
P0	23 T23 33 
P1	23 T24 34 
P-1	23 T25 38 
P-1	23 T26 41 
P4	24 T27 37 
P-1	25 T28 40 
P-1	25 T29 49 
P2	28 T30 48 
P6	29 T31 43 
P5	31 T32 42 
P0	35 T33 44 
P1	37 T34 51 
P3	38 T35 43 
P4	38 T36 45 
NMec = 97827
Viable Sol. = 12717862812
Profit = 23
T = 37
P = 7
Profits ignored
Solution time = 1.235e+02
Task data
00    0  17     1
01    0  40     1
02    1  12     1
03    2   6     1
04    2  14     1
05    2  17     1
06    2  35     1
07    2  47     1
08    4  14     1
09    6  11     1
10    6  25     1
11    8  13     1
12   10  28     1
13   11  29     1
14   12  18     1
15   12  27     1
16   14  32     1
17   15  18     1
18   16  22     1
19   17  32     1
20   18  26     1
21   19  39     1
22   22  39     1
23   23  33     1
24   23  34     1
25   23  38     1
26   23  41     1
27   24  37     1
28   25  40     1
29   25  49     1
30   28  48     1
31   29  43     1
32   31  42     1
33   35  44     1
34   37  51     1
35   38  43     1
36   38  45     1
End
