P0	3 T0 10 
P0	38 T1 47 
P-1	52 T2 65 
P0	53 T3 242 
P-1	70 T4 82 
P-1	71 T5 87 
P-1	73 T6 80 
P-1	75 T7 84 
P-1	148 T8 156 
P-1	160 T9 170 
P-1	172 T10 180 
P-1	173 T11 187 
P-1	175 T12 177 
P-1	177 T13 191 
P-1	178 T14 191 
P-1	187 T15 198 
P-1	192 T16 212 
P-1	233 T17 237 
P-1	238 T18 243 
P-1	240 T19 260 
P-1	241 T20 262 
P-1	242 T21 250 
P-1	253 T22 267 
P0	255 T23 271 
P0	281 T24 297 
P-1	284 T25 293 
P0	310 T26 329 
P-1	313 T27 330 
P-1	319 T28 339 
P-1	324 T29 329 
P0	337 T30 343 
P-1	343 T31 360 
P-1	351 T32 359 
P-1	353 T33 359 
P0	357 T34 365 
P-1	357 T35 366 
P-1	362 T36 368 
NMec = 97827
Viable Sol. = 14723592
Profit = 47300
T = 37
P = 1
Profits not ignored
Solution time = 1.914e-01
Task data
00    3  10   931
01   38  47  1573
02   52  65  1670
03   53 242 31558
04   70  82  2293
05   71  87  3583
06   73  80  1367
07   75  84   727
08  148 156   955
09  160 170  1459
10  172 180   736
11  173 187  2013
12  175 177   585
13  177 191  1399
14  178 191  3082
15  187 198   698
16  192 212  2496
17  233 237   374
18  238 243   750
19  240 260  3413
20  241 262  3054
21  242 250  1719
22  253 267  2531
23  255 271  3262
24  281 297  2086
25  284 293  1077
26  310 329  4573
27  313 330  1713
28  319 339  1942
29  324 329  1575
30  337 343  1409
31  343 360  2048
32  351 359   817
33  353 359   800
34  357 365  1908
35  357 366  1325
36  362 368   712
End
