P-1	0 T0 16 
P-1	1 T1 94 
P-1	2 T2 107 
P0	3 T3 10 
P-1	4 T4 17 
P1	5 T5 13 
P-1	5 T6 23 
P-1	7 T7 29 
P2	8 T8 18 
P-1	8 T9 114 
P-1	11 T10 22 
P0	13 T11 33 
P1	14 T12 20 
P-1	17 T13 44 
P2	20 T14 24 
P-1	22 T15 97 
P1	23 T16 36 
P-1	28 T17 43 
P-1	31 T18 43 
P2	33 T19 37 
P0	35 T20 53 
P-1	37 T21 109 
P1	40 T22 44 
P2	40 T23 51 
P-1	45 T24 62 
P-1	46 T25 59 
P1	47 T26 71 
P-1	52 T27 120 
P0	59 T28 64 
P2	59 T29 76 
P0	65 T30 72 
P1	72 T31 89 
P0	78 T32 84 
P0	98 T33 123 
P1	101 T34 110 
P2	103 T35 118 
P1	111 T36 113 
NMec = 97827
Viable Sol. = 371279115
Profit = 21
T = 37
P = 3
Profits ignored
Solution time = 2.645e+00
Task data
00    0  16     1
01    1  94     1
02    2 107     1
03    3  10     1
04    4  17     1
05    5  13     1
06    5  23     1
07    7  29     1
08    8  18     1
09    8 114     1
10   11  22     1
11   13  33     1
12   14  20     1
13   17  44     1
14   20  24     1
15   22  97     1
16   23  36     1
17   28  43     1
18   31  43     1
19   33  37     1
20   35  53     1
21   37 109     1
22   40  44     1
23   40  51     1
24   45  62     1
25   46  59     1
26   47  71     1
27   52 120     1
28   59  64     1
29   59  76     1
30   65  72     1
31   72  89     1
32   78  84     1
33   98 123     1
34  101 110     1
35  103 118     1
36  111 113     1
End
