P0	0 T0 12 
P-1	0 T1 24 
P-1	0 T2 32 
P1	2 T3 34 
P2	3 T4 5 
P3	3 T5 16 
P4	5 T6 10 
P5	5 T7 24 
P2	6 T8 19 
P-1	6 T9 30 
P6	8 T10 15 
P-1	8 T11 24 
P7	9 T12 26 
P-1	10 T13 24 
P-1	10 T14 29 
P4	11 T15 33 
P-1	13 T16 23 
P-1	13 T17 24 
P-1	13 T18 24 
P-1	13 T19 25 
P-1	13 T20 27 
P0	13 T21 32 
P8	13 T22 32 
P-1	14 T23 18 
P9	14 T24 30 
P-1	15 T25 33 
P-1	16 T26 20 
P6	16 T27 34 
P-1	17 T28 26 
P-1	18 T29 24 
P-1	19 T30 35 
P2	21 T31 35 
P3	21 T32 36 
P-1	23 T33 30 
P-1	24 T34 32 
P5	26 T35 29 
P7	28 T36 33 
NMec = 97827
Viable Sol. = 13959906456
Profit = 49033
T = 37
P = 10
Profits not ignored
Solution time = 1.426e+02
Task data
00    0  12  2806
01    0  24  2489
02    0  32  3288
03    2  34  5120
04    3   5   264
05    3  16  1851
06    5  10   648
07    5  24  4424
08    6  19  1617
09    6  30  2524
10    8  15  1485
11    8  24  1270
12    9  26  3934
13   10  24  1690
14   10  29  2009
15   11  33  3368
16   13  23  1443
17   13  24  1889
18   13  24  3047
19   13  25  1027
20   13  27  1189
21   13  32  3645
22   13  32  4339
23   14  18   485
24   14  30  4608
25   15  33  1864
26   16  20   311
27   16  34  3829
28   17  26   724
29   18  24   656
30   19  35  2046
31   21  35  2901
32   21  36  2379
33   23  30  2039
34   24  32  1783
35   26  29   936
36   28  33   879
End
