P0	0 T0 12 
P-1	0 T1 24 
P-1	0 T2 32 
P-1	2 T3 34 
P1	3 T4 5 
P2	3 T5 16 
P3	5 T6 10 
P-1	5 T7 24 
P1	6 T8 19 
P-1	6 T9 30 
P4	8 T10 15 
P-1	8 T11 24 
P-1	9 T12 26 
P-1	10 T13 24 
P-1	10 T14 29 
P-1	11 T15 33 
P0	13 T16 23 
P-1	13 T17 24 
P-1	13 T18 24 
P-1	13 T19 25 
P-1	13 T20 27 
P-1	13 T21 32 
P-1	13 T22 32 
P3	14 T23 18 
P5	14 T24 30 
P6	15 T25 33 
P4	16 T26 20 
P7	16 T27 34 
P2	17 T28 26 
P8	18 T29 24 
P3	19 T30 35 
P1	21 T31 35 
P4	21 T32 36 
P9	23 T33 30 
P0	24 T34 32 
P8	26 T35 29 
P2	28 T36 33 
NMec = 97827
Viable Sol. = 13959906456
Profit = 21
T = 37
P = 10
Profits ignored
Solution time = 1.358e+02
Task data
00    0  12     1
01    0  24     1
02    0  32     1
03    2  34     1
04    3   5     1
05    3  16     1
06    5  10     1
07    5  24     1
08    6  19     1
09    6  30     1
10    8  15     1
11    8  24     1
12    9  26     1
13   10  24     1
14   10  29     1
15   11  33     1
16   13  23     1
17   13  24     1
18   13  24     1
19   13  25     1
20   13  27     1
21   13  32     1
22   13  32     1
23   14  18     1
24   14  30     1
25   15  33     1
26   16  20     1
27   16  34     1
28   17  26     1
29   18  24     1
30   19  35     1
31   21  35     1
32   21  36     1
33   23  30     1
34   24  32     1
35   26  29     1
36   28  33     1
End
