P-1	2 T0 113 
P-1	5 T1 65 
P0	6 T2 8 
P-1	9 T3 17 
P0	9 T4 20 
P1	10 T5 25 
P2	11 T6 23 
P-1	13 T7 78 
P-1	19 T8 78 
P-1	23 T9 110 
P0	32 T10 50 
P1	34 T11 44 
P-1	40 T12 62 
P-1	41 T13 47 
P2	41 T14 107 
P-1	42 T15 75 
P-1	44 T16 60 
P1	45 T17 94 
P-1	46 T18 53 
P-1	48 T19 69 
P-1	56 T20 69 
P0	58 T21 76 
P-1	67 T22 74 
P-1	67 T23 74 
P-1	67 T24 82 
P-1	69 T25 76 
P-1	73 T26 79 
P-1	76 T27 83 
P0	77 T28 81 
P-1	79 T29 97 
P-1	80 T30 91 
P0	83 T31 104 
P-1	84 T32 91 
P-1	88 T33 99 
P-1	99 T34 107 
P1	102 T35 119 
P0	105 T36 122 
P2	115 T37 126 
NMec = 97827
Viable Sol. = 508135244
Profit = 48712
T = 38
P = 3
Profits not ignored
Solution time = 3.866e+00
Task data
00    2 113  7732
01    5  65  3427
02    6   8   288
03    9  17   701
04    9  20  1985
05   10  25  1372
06   11  23  1262
07   13  78  8046
08   19  78  7492
09   23 110  6766
10   32  50  4290
11   34  44   890
12   40  62  2095
13   41  47  1657
14   41 107 12015
15   42  75  1971
16   44  60  1442
17   45  94 10948
18   46  53  1120
19   48  69  2065
20   56  69  1199
21   58  76  2906
22   67  74  1079
23   67  74  1746
24   67  82  1961
25   69  76  2123
26   73  79   923
27   76  83   844
28   77  81   685
29   79  97  2081
30   80  91  2250
31   83 104  5219
32   84  91  2154
33   88  99   889
34   99 107   893
35  102 119  2300
36  105 122  3491
37  115 126  1061
End
