P-1	0 T0 13 
P-1	0 T1 26 
P-1	1 T2 8 
P-1	3 T3 11 
P0	3 T4 16 
P1	3 T5 20 
P-1	3 T6 49 
P-1	4 T7 38 
P2	5 T8 10 
P3	6 T9 11 
P4	6 T10 16 
P5	7 T11 17 
P6	8 T12 26 
P-1	12 T13 31 
P2	13 T14 26 
P-1	13 T15 27 
P-1	16 T16 30 
P-1	16 T17 31 
P0	18 T18 26 
P-1	20 T19 45 
P-1	21 T20 44 
P1	22 T21 28 
P-1	22 T22 41 
P3	23 T23 32 
P-1	23 T24 44 
P4	24 T25 30 
P-1	26 T26 40 
P0	27 T27 31 
P2	27 T28 36 
P5	27 T29 38 
P6	27 T30 53 
P1	30 T31 45 
P4	31 T32 37 
P0	33 T33 43 
P3	36 T34 45 
P2	38 T35 54 
P4	41 T36 53 
P0	45 T37 52 
NMec = 97827
Viable Sol. = 28522185987
Profit = 23
T = 38
P = 7
Profits ignored
Solution time = 2.327e+02
Task data
00    0  13     1
01    0  26     1
02    1   8     1
03    3  11     1
04    3  16     1
05    3  20     1
06    3  49     1
07    4  38     1
08    5  10     1
09    6  11     1
10    6  16     1
11    7  17     1
12    8  26     1
13   12  31     1
14   13  26     1
15   13  27     1
16   16  30     1
17   16  31     1
18   18  26     1
19   20  45     1
20   21  44     1
21   22  28     1
22   22  41     1
23   23  32     1
24   23  44     1
25   24  30     1
26   26  40     1
27   27  31     1
28   27  36     1
29   27  38     1
30   27  53     1
31   30  45     1
32   31  37     1
33   33  43     1
34   36  45     1
35   38  54     1
36   41  53     1
37   45  52     1
End
