P0	0 T0 2 
P1	0 T1 5 
P2	2 T2 11 
P3	2 T3 16 
P0	3 T4 9 
P-1	3 T5 10 
P4	3 T6 11 
P5	3 T7 19 
P6	3 T8 20 
P7	5 T9 11 
P-1	5 T10 20 
P-1	6 T11 20 
P-1	7 T12 19 
P-1	8 T13 21 
P-1	9 T14 16 
P1	9 T15 22 
P0	11 T16 17 
P2	14 T17 38 
P4	16 T18 29 
P3	17 T19 30 
P-1	17 T20 32 
P-1	17 T21 38 
P0	19 T22 27 
P7	19 T23 44 
P5	21 T24 28 
P-1	21 T25 32 
P6	22 T26 23 
P-1	24 T27 34 
P1	25 T28 42 
P-1	26 T29 41 
P6	27 T30 42 
P-1	29 T31 35 
P0	29 T32 35 
P5	29 T33 45 
P3	31 T34 42 
P4	32 T35 46 
P0	36 T36 42 
P2	39 T37 42 
NMec = 97827
Viable Sol. = 134642898752
Profit = 51347
T = 38
P = 8
Profits not ignored
Solution time = 9.736e+02
Task data
00    0   2   306
01    0   5   607
02    2  11  1786
03    2  16  1453
04    3   9   992
05    3  10   795
06    3  11   959
07    3  19  3015
08    3  20  4194
09    5  11   943
10    5  20  1657
11    6  20  1212
12    7  19  2267
13    8  21  2283
14    9  16   633
15    9  22  2931
16   11  17  1308
17   14  38  3925
18   16  29  2980
19   17  30  2098
20   17  32  3043
21   17  38  2186
22   19  27  2623
23   19  44  4539
24   21  28  1409
25   21  32  1554
26   22  23   337
27   24  34  1605
28   25  42  3898
29   26  41  1420
30   27  42  2956
31   29  35   573
32   29  35  1761
33   29  45  1271
34   31  42  1149
35   32  46  1591
36   36  42  1683
37   39  42   633
End
