P0	0 T0 13 
P1	0 T1 26 
P-1	1 T2 8 
P-1	3 T3 11 
P2	3 T4 16 
P3	3 T5 20 
P4	3 T6 49 
P5	4 T7 38 
P-1	5 T8 10 
P-1	6 T9 11 
P-1	6 T10 16 
P-1	7 T11 17 
P6	8 T12 26 
P-1	12 T13 31 
P-1	13 T14 26 
P-1	13 T15 27 
P0	16 T16 30 
P-1	16 T17 31 
P2	18 T18 26 
P-1	20 T19 45 
P-1	21 T20 44 
P-1	22 T21 28 
P-1	22 T22 41 
P-1	23 T23 32 
P3	23 T24 44 
P-1	24 T25 30 
P-1	26 T26 40 
P1	27 T27 31 
P-1	27 T28 36 
P2	27 T29 38 
P6	27 T30 53 
P-1	30 T31 45 
P0	31 T32 37 
P1	33 T33 43 
P-1	36 T34 45 
P0	38 T35 54 
P2	41 T36 53 
P1	45 T37 52 
NMec = 97827
Viable Sol. = 28522185987
Profit = 56987
T = 38
P = 7
Profits not ignored
Solution time = 2.210e+02
Task data
00    0  13  2844
01    0  26  6764
02    1   8   796
03    3  11  1042
04    3  16  2825
05    3  20  2557
06    3  49  8380
07    4  38  6912
08    5  10   422
09    6  11  1041
10    6  16  2453
11    7  17  1265
12    8  26  4273
13   12  31  2278
14   13  26  1917
15   13  27  2903
16   16  30  2351
17   16  31  2385
18   18  26  1436
19   20  45  2253
20   21  44  2568
21   22  28  1260
22   22  41  1803
23   23  32  1201
24   23  44  3148
25   24  30  1272
26   26  40  2734
27   27  31   994
28   27  36   848
29   27  38  2546
30   27  53  3211
31   30  45  1651
32   31  37   496
33   33  43  1246
34   36  45   978
35   38  54  3302
36   41  53  1659
37   45  52  2043
End
