P-1	7 T0 39 
P-1	9 T1 334 
P-1	16 T2 35 
P-1	24 T3 43 
P0	28 T4 249 
P-1	30 T5 35 
P-1	49 T6 183 
P-1	54 T7 64 
P-1	95 T8 106 
P-1	101 T9 118 
P-1	126 T10 149 
P-1	134 T11 145 
P-1	134 T12 146 
P-1	155 T13 160 
P-1	155 T14 166 
P-1	163 T15 168 
P-1	177 T16 187 
P-1	180 T17 198 
P-1	188 T18 367 
P-1	191 T19 200 
P-1	191 T20 200 
P-1	196 T21 214 
P-1	214 T22 238 
P-1	222 T23 231 
P-1	227 T24 327 
P-1	240 T25 251 
P-1	245 T26 251 
P0	278 T27 286 
P-1	280 T28 290 
P-1	282 T29 287 
P-1	314 T30 319 
P0	316 T31 331 
P-1	317 T32 321 
P-1	320 T33 332 
P-1	326 T34 343 
P0	344 T35 352 
P0	361 T36 376 
P-1	369 T37 375 
NMec = 97827
Viable Sol. = 9790792
Profit = 67068
T = 38
P = 1
Profits not ignored
Solution time = 8.990e-02
Task data
00    7  39  3589
01    9 334 51767
02   16  35  1810
03   24  43  2183
04   28 249 59609
05   30  35  1505
06   49 183 30206
07   54  64  1985
08   95 106  2008
09  101 118  1098
10  126 149  1494
11  134 145  1852
12  134 146   890
13  155 160  1016
14  155 166  2262
15  163 168   655
16  177 187  1191
17  180 198  2027
18  188 367 18483
19  191 200  1075
20  191 200  1295
21  196 214  2067
22  214 238  6197
23  222 231  1166
24  227 327 17171
25  240 251   912
26  245 251   675
27  278 286  2029
28  280 290   950
29  282 287  1329
30  314 319   358
31  316 331  2576
32  317 321   456
33  320 332  1948
34  326 343  1647
35  344 352  1042
36  361 376  1812
37  369 375  1449
End
