P0	0 T0 2 
P1	0 T1 5 
P-1	2 T2 11 
P-1	2 T3 16 
P-1	3 T4 9 
P0	3 T5 10 
P-1	3 T6 11 
P-1	3 T7 19 
P-1	3 T8 20 
P2	5 T9 11 
P3	5 T10 20 
P1	6 T11 20 
P4	7 T12 19 
P5	8 T13 21 
P6	9 T14 16 
P7	9 T15 22 
P0	11 T16 17 
P-1	14 T17 38 
P2	16 T18 29 
P6	17 T19 30 
P-1	17 T20 32 
P-1	17 T21 38 
P0	19 T22 27 
P-1	19 T23 44 
P1	21 T24 28 
P-1	21 T25 32 
P3	22 T26 23 
P-1	24 T27 34 
P3	25 T28 42 
P4	26 T29 41 
P5	27 T30 42 
P0	29 T31 35 
P1	29 T32 35 
P7	29 T33 45 
P2	31 T34 42 
P6	32 T35 46 
P0	36 T36 42 
P1	39 T37 42 
NMec = 97827
Viable Sol. = 134642898752
Profit = 26
T = 38
P = 8
Profits ignored
Solution time = 1.112e+03
Task data
00    0   2     1
01    0   5     1
02    2  11     1
03    2  16     1
04    3   9     1
05    3  10     1
06    3  11     1
07    3  19     1
08    3  20     1
09    5  11     1
10    5  20     1
11    6  20     1
12    7  19     1
13    8  21     1
14    9  16     1
15    9  22     1
16   11  17     1
17   14  38     1
18   16  29     1
19   17  30     1
20   17  32     1
21   17  38     1
22   19  27     1
23   19  44     1
24   21  28     1
25   21  32     1
26   22  23     1
27   24  34     1
28   25  42     1
29   26  41     1
30   27  42     1
31   29  35     1
32   29  35     1
33   29  45     1
34   31  42     1
35   32  46     1
36   36  42     1
37   39  42     1
End
