P-1	2 T0 113 
P-1	5 T1 65 
P0	6 T2 8 
P-1	9 T3 17 
P0	9 T4 20 
P1	10 T5 25 
P2	11 T6 23 
P-1	13 T7 78 
P-1	19 T8 78 
P-1	23 T9 110 
P-1	32 T10 50 
P0	34 T11 44 
P-1	40 T12 62 
P1	41 T13 47 
P-1	41 T14 107 
P-1	42 T15 75 
P2	44 T16 60 
P-1	45 T17 94 
P0	46 T18 53 
P-1	48 T19 69 
P0	56 T20 69 
P-1	58 T21 76 
P-1	67 T22 74 
P1	67 T23 74 
P-1	67 T24 82 
P2	69 T25 76 
P0	73 T26 79 
P1	76 T27 83 
P2	77 T28 81 
P-1	79 T29 97 
P-1	80 T30 91 
P0	83 T31 104 
P1	84 T32 91 
P2	88 T33 99 
P1	99 T34 107 
P2	102 T35 119 
P0	105 T36 122 
P1	115 T37 126 
NMec = 97827
Viable Sol. = 508135244
Profit = 21
T = 38
P = 3
Profits ignored
Solution time = 3.981e+00
Task data
00    2 113     1
01    5  65     1
02    6   8     1
03    9  17     1
04    9  20     1
05   10  25     1
06   11  23     1
07   13  78     1
08   19  78     1
09   23 110     1
10   32  50     1
11   34  44     1
12   40  62     1
13   41  47     1
14   41 107     1
15   42  75     1
16   44  60     1
17   45  94     1
18   46  53     1
19   48  69     1
20   56  69     1
21   58  76     1
22   67  74     1
23   67  74     1
24   67  82     1
25   69  76     1
26   73  79     1
27   76  83     1
28   77  81     1
29   79  97     1
30   80  91     1
31   83 104     1
32   84  91     1
33   88  99     1
34   99 107     1
35  102 119     1
36  105 122     1
37  115 126     1
End
