P0	0 T0 10 
P-1	1 T1 26 
P-1	1 T2 29 
P1	2 T3 19 
P-1	2 T4 26 
P2	3 T5 12 
P-1	3 T6 16 
P3	3 T7 22 
P4	4 T8 20 
P-1	4 T9 28 
P-1	6 T10 21 
P-1	6 T11 30 
P5	7 T12 24 
P-1	8 T13 20 
P6	9 T14 16 
P-1	9 T15 28 
P-1	9 T16 31 
P7	9 T17 31 
P-1	11 T18 23 
P-1	13 T19 26 
P0	13 T20 27 
P2	13 T21 31 
P-1	13 T22 31 
P8	14 T23 18 
P-1	14 T24 29 
P-1	14 T25 33 
P9	15 T26 30 
P-1	15 T27 30 
P-1	17 T28 25 
P-1	18 T29 23 
P6	19 T30 29 
P-1	19 T31 31 
P8	19 T32 33 
P-1	19 T33 35 
P1	20 T34 35 
P4	22 T35 35 
P3	24 T36 31 
P5	25 T37 33 
NMec = 97827
Viable Sol. = 11510039419
Profit = 38716
T = 38
P = 10
Profits not ignored
Solution time = 1.289e+02
Task data
00    0  10  1212
01    1  26  2382
02    1  29  2259
03    2  19  1495
04    2  26  2545
05    3  12   721
06    3  16  1012
07    3  22  3191
08    4  20  1990
09    4  28  2627
10    6  21  1634
11    6  30  2643
12    7  24  3910
13    8  20  1393
14    9  16  1555
15    9  28  1972
16    9  31  2785
17    9  31  3019
18   11  23  2601
19   13  26  2357
20   13  27  3125
21   13  31  4558
22   13  31  2144
23   14  18  1091
24   14  29  2678
25   14  33  2738
26   15  30  3085
27   15  30  1589
28   17  25  1785
29   18  23   783
30   19  29  2627
31   19  31  1678
32   19  33  2309
33   19  35  1635
34   20  35  1795
35   22  35  1468
36   24  31   670
37   25  33   895
End
