P0	0 T0 2 
P1	0 T1 10 
P2	0 T2 13 
P3	0 T3 14 
P-1	0 T4 21 
P-1	1 T5 7 
P4	2 T6 16 
P0	3 T7 8 
P5	3 T8 9 
P6	4 T9 21 
P7	5 T10 14 
P8	5 T11 41 
P0	9 T12 34 
P5	10 T13 24 
P1	12 T14 31 
P-1	14 T15 23 
P2	14 T16 43 
P3	15 T17 38 
P-1	17 T18 26 
P-1	19 T19 26 
P4	19 T20 27 
P-1	19 T21 30 
P7	19 T22 40 
P-1	21 T23 29 
P-1	22 T24 42 
P6	23 T25 42 
P-1	24 T26 32 
P-1	24 T27 39 
P-1	26 T28 37 
P-1	26 T29 38 
P5	27 T30 33 
P4	29 T31 32 
P-1	29 T32 41 
P-1	31 T33 40 
P1	32 T34 42 
P4	33 T35 41 
P5	34 T36 43 
P-1	36 T37 39 
P0	37 T38 43 
NMec = 97827
Viable Sol. = 267188555756
Profit = 54944
T = 39
P = 9
Profits not ignored
Solution time = 2.836e+03
Task data
00    0   2   543
01    0  10  2772
02    0  13  2806
03    0  14  1225
04    0  21  1888
05    1   7   565
06    2  16  2469
07    3   8  1375
08    3   9  1076
09    4  21  2222
10    5  14  1012
11    5  41  4456
12    9  34  6228
13   10  24  1751
14   12  31  3892
15   14  23   912
16   14  43  5080
17   15  38  3848
18   17  26  1198
19   19  26  1508
20   19  27  1673
21   19  30  1274
22   19  40  3523
23   21  29   451
24   22  42  1953
25   23  42  2959
26   24  32   968
27   24  39  1264
28   26  37  1144
29   26  38  1314
30   27  33  1645
31   29  32   614
32   29  41  1436
33   31  40  1137
34   32  42  1003
35   33  41  1141
36   34  43  1174
37   36  39   453
38   37  43   457
End
