P0	0 T0 2 
P1	0 T1 10 
P2	0 T2 13 
P3	0 T3 14 
P-1	0 T4 21 
P4	1 T5 7 
P5	2 T6 16 
P0	3 T7 8 
P6	3 T8 9 
P7	4 T9 21 
P8	5 T10 14 
P-1	5 T11 41 
P-1	9 T12 34 
P0	10 T13 24 
P1	12 T14 31 
P2	14 T15 23 
P-1	14 T16 43 
P-1	15 T17 38 
P3	17 T18 26 
P4	19 T19 26 
P5	19 T20 27 
P6	19 T21 30 
P-1	19 T22 40 
P8	21 T23 29 
P-1	22 T24 42 
P-1	23 T25 42 
P2	24 T26 32 
P-1	24 T27 39 
P0	26 T28 37 
P7	26 T29 38 
P3	27 T30 33 
P4	29 T31 32 
P5	29 T32 41 
P6	31 T33 40 
P1	32 T34 42 
P2	33 T35 41 
P3	34 T36 43 
P4	36 T37 39 
P8	37 T38 43 
NMec = 97827
Viable Sol. = 267188555756
Profit = 30
T = 39
P = 9
Profits ignored
Solution time = 2.850e+03
Task data
00    0   2     1
01    0  10     1
02    0  13     1
03    0  14     1
04    0  21     1
05    1   7     1
06    2  16     1
07    3   8     1
08    3   9     1
09    4  21     1
10    5  14     1
11    5  41     1
12    9  34     1
13   10  24     1
14   12  31     1
15   14  23     1
16   14  43     1
17   15  38     1
18   17  26     1
19   19  26     1
20   19  27     1
21   19  30     1
22   19  40     1
23   21  29     1
24   22  42     1
25   23  42     1
26   24  32     1
27   24  39     1
28   26  37     1
29   26  38     1
30   27  33     1
31   29  32     1
32   29  41     1
33   31  40     1
34   32  42     1
35   33  41     1
36   34  43     1
37   36  39     1
38   37  43     1
End
