P0	1 T0 2 
P1	1 T1 5 
P2	1 T2 72 
P0	5 T3 59 
P1	6 T4 20 
P3	7 T5 15 
P4	7 T6 66 
P-1	9 T7 14 
P-1	9 T8 56 
P-1	11 T9 31 
P-1	12 T10 25 
P-1	13 T11 29 
P-1	14 T12 16 
P-1	14 T13 21 
P-1	14 T14 31 
P-1	17 T15 33 
P3	17 T16 35 
P-1	18 T17 35 
P-1	19 T18 22 
P1	21 T19 28 
P-1	24 T20 48 
P-1	31 T21 40 
P1	31 T22 43 
P-1	31 T23 48 
P-1	33 T24 60 
P-1	34 T25 36 
P-1	36 T26 50 
P-1	36 T27 51 
P-1	37 T28 54 
P-1	38 T29 42 
P-1	39 T30 41 
P3	40 T31 45 
P1	45 T32 69 
P3	47 T33 72 
P-1	48 T34 55 
P-1	51 T35 62 
P-1	54 T36 64 
P0	61 T37 73 
P4	68 T38 70 
NMec = 97827
Viable Sol. = 13683782992
Profit = 73961
T = 39
P = 5
Profits not ignored
Solution time = 9.442e+01
Task data
00    1   2   422
01    1   5   739
02    1  72 18608
03    5  59 12249
04    6  20  3628
05    7  15  1663
06    7  66 13834
07    9  14   585
08    9  56  7652
09   11  31  3869
10   12  25  2226
11   13  29  3180
12   14  16   556
13   14  21   965
14   14  31  1332
15   17  33  1415
16   17  35  3988
17   18  35  3149
18   19  22   934
19   21  28  2194
20   24  48  2201
21   31  40   920
22   31  43  2633
23   31  48  1121
24   33  60  4145
25   34  36   260
26   36  50  2796
27   36  51  1252
28   37  54  1869
29   38  42  1029
30   39  41   224
31   40  45  1514
32   45  69  4913
33   47  72  4667
34   48  55  1650
35   51  62  2813
36   54  64  1299
37   61  73  2213
38   68  70   696
End
