P0	2 T0 9 
P-1	2 T1 26 
P-1	2 T2 55 
P1	4 T3 22 
P2	6 T4 23 
P3	8 T5 16 
P-1	9 T6 50 
P-1	10 T7 29 
P-1	11 T8 32 
P0	14 T9 20 
P4	15 T10 18 
P3	17 T11 32 
P-1	17 T12 41 
P5	18 T13 26 
P-1	18 T14 42 
P-1	21 T15 41 
P-1	21 T16 43 
P0	24 T17 41 
P1	24 T18 43 
P2	25 T19 40 
P-1	25 T20 47 
P4	27 T21 36 
P5	29 T22 38 
P-1	31 T23 49 
P-1	36 T24 47 
P-1	36 T25 54 
P3	37 T26 48 
P-1	37 T27 53 
P4	38 T28 45 
P-1	38 T29 52 
P5	39 T30 46 
P2	41 T31 54 
P0	43 T32 52 
P1	45 T33 60 
P4	48 T34 64 
P3	52 T35 59 
P5	52 T36 62 
P0	56 T37 64 
P1	61 T38 63 
NMec = 97827
Viable Sol. = 20680043572
Profit = 24
T = 39
P = 6
Profits ignored
Solution time = 1.534e+02
Task data
00    2   9     1
01    2  26     1
02    2  55     1
03    4  22     1
04    6  23     1
05    8  16     1
06    9  50     1
07   10  29     1
08   11  32     1
09   14  20     1
10   15  18     1
11   17  32     1
12   17  41     1
13   18  26     1
14   18  42     1
15   21  41     1
16   21  43     1
17   24  41     1
18   24  43     1
19   25  40     1
20   25  47     1
21   27  36     1
22   29  38     1
23   31  49     1
24   36  47     1
25   36  54     1
26   37  48     1
27   37  53     1
28   38  45     1
29   38  52     1
30   39  46     1
31   41  54     1
32   43  52     1
33   45  60     1
34   48  64     1
35   52  59     1
36   52  62     1
37   56  64     1
38   61  63     1
End
