P0	0 T0 10 
P-1	0 T1 62 
P-1	1 T2 18 
P-1	2 T3 18 
P1	6 T4 19 
P-1	10 T5 23 
P0	12 T6 21 
P-1	14 T7 33 
P-1	14 T8 40 
P2	16 T9 31 
P-1	17 T10 59 
P3	18 T11 30 
P1	21 T12 31 
P-1	23 T13 37 
P0	26 T14 34 
P-1	31 T15 47 
P-1	32 T16 35 
P1	33 T17 36 
P-1	33 T18 52 
P2	34 T19 43 
P0	35 T20 45 
P3	35 T21 57 
P1	37 T22 43 
P-1	44 T23 80 
P0	46 T24 49 
P1	46 T25 60 
P-1	46 T26 68 
P-1	48 T27 93 
P0	52 T28 66 
P-1	59 T29 72 
P2	60 T30 82 
P1	61 T31 68 
P3	64 T32 75 
P0	67 T33 74 
P1	69 T34 83 
P0	79 T35 92 
P3	80 T36 91 
P2	83 T37 97 
P1	89 T38 91 
NMec = 97827
Viable Sol. = 16234354440
Profit = 24
T = 39
P = 4
Profits ignored
Solution time = 1.253e+02
Task data
00    0  10     1
01    0  62     1
02    1  18     1
03    2  18     1
04    6  19     1
05   10  23     1
06   12  21     1
07   14  33     1
08   14  40     1
09   16  31     1
10   17  59     1
11   18  30     1
12   21  31     1
13   23  37     1
14   26  34     1
15   31  47     1
16   32  35     1
17   33  36     1
18   33  52     1
19   34  43     1
20   35  45     1
21   35  57     1
22   37  43     1
23   44  80     1
24   46  49     1
25   46  60     1
26   46  68     1
27   48  93     1
28   52  66     1
29   59  72     1
30   60  82     1
31   61  68     1
32   64  75     1
33   67  74     1
34   69  83     1
35   79  92     1
36   80  91     1
37   83  97     1
38   89  91     1
End
