P0	1 T0 19 
P1	3 T1 10 
P2	5 T2 49 
P3	6 T3 18 
P4	9 T4 32 
P5	10 T5 28 
P1	11 T6 13 
P6	12 T7 25 
P-1	16 T8 23 
P1	16 T9 31 
P-1	17 T10 19 
P-1	17 T11 30 
P-1	18 T12 29 
P-1	18 T13 30 
P-1	22 T14 33 
P0	23 T15 24 
P3	23 T16 32 
P-1	23 T17 47 
P-1	25 T18 36 
P-1	26 T19 29 
P0	27 T20 37 
P6	28 T21 31 
P-1	28 T22 38 
P-1	31 T23 35 
P-1	31 T24 47 
P1	32 T25 37 
P5	32 T26 41 
P-1	32 T27 42 
P3	33 T28 44 
P-1	33 T29 49 
P4	33 T30 52 
P6	34 T31 55 
P-1	36 T32 43 
P-1	36 T33 48 
P0	39 T34 51 
P1	39 T35 55 
P5	43 T36 54 
P-1	46 T37 49 
P3	46 T38 55 
NMec = 97827
Viable Sol. = 118370793560
Profit = 54267
T = 39
P = 7
Profits not ignored
Solution time = 9.681e+02
Task data
00    1  19  4220
01    3  10  1716
02    5  49  5963
03    6  18  3652
04    9  32  3458
05   10  28  2757
06   11  13   715
07   12  25  3276
08   16  23  1612
09   16  31  2840
10   17  19   313
11   17  30   942
12   18  29  1847
13   18  30  1078
14   22  33   965
15   23  24   422
16   23  32  1238
17   23  47  2650
18   25  36  1312
19   26  29   633
20   27  37  1542
21   28  31  1011
22   28  38  1411
23   31  35   413
24   31  47  1724
25   32  37  1625
26   32  41  1758
27   32  42  1409
28   33  44  2210
29   33  49  1498
30   33  52  2772
31   34  55  4879
32   36  43  1265
33   36  48  1670
34   39  51  1513
35   39  55  3484
36   43  54  2401
37   46  49   680
38   46  55   815
End
