P-1	2 T0 188 
P0	12 T1 18 
P-1	15 T2 54 
P1	18 T3 25 
P-1	18 T4 37 
P-1	19 T5 39 
P0	33 T6 45 
P1	34 T7 35 
P1	38 T8 45 
P-1	40 T9 61 
P0	46 T10 57 
P1	52 T11 64 
P-1	52 T12 74 
P-1	63 T13 92 
P0	69 T14 84 
P1	74 T15 84 
P-1	79 T16 92 
P-1	82 T17 174 
P0	88 T18 94 
P1	89 T19 98 
P0	99 T20 105 
P1	100 T21 103 
P-1	105 T22 116 
P-1	105 T23 119 
P-1	105 T24 126 
P-1	106 T25 115 
P-1	107 T26 148 
P0	110 T27 122 
P1	114 T28 127 
P-1	117 T29 174 
P0	129 T30 136 
P1	132 T31 134 
P-1	140 T32 161 
P0	154 T33 162 
P1	161 T34 167 
P0	167 T35 175 
P1	169 T36 174 
P0	180 T37 188 
P1	185 T38 192 
NMec = 97827
Viable Sol. = 1472574086
Profit = 23
T = 39
P = 2
Profits ignored
Solution time = 1.020e+01
Task data
00    2 188     1
01   12  18     1
02   15  54     1
03   18  25     1
04   18  37     1
05   19  39     1
06   33  45     1
07   34  35     1
08   38  45     1
09   40  61     1
10   46  57     1
11   52  64     1
12   52  74     1
13   63  92     1
14   69  84     1
15   74  84     1
16   79  92     1
17   82 174     1
18   88  94     1
19   89  98     1
20   99 105     1
21  100 103     1
22  105 116     1
23  105 119     1
24  105 126     1
25  106 115     1
26  107 148     1
27  110 122     1
28  114 127     1
29  117 174     1
30  129 136     1
31  132 134     1
32  140 161     1
33  154 162     1
34  161 167     1
35  167 175     1
36  169 174     1
37  180 188     1
38  185 192     1
End
