P-1	0 T0 34 
P-1	1 T1 22 
P-1	2 T2 20 
P-1	4 T3 16 
P-1	4 T4 18 
P-1	5 T5 31 
P0	6 T6 14 
P-1	6 T7 21 
P1	7 T8 13 
P-1	7 T9 20 
P-1	7 T10 24 
P2	7 T11 24 
P3	7 T12 28 
P-1	8 T13 46 
P4	9 T14 25 
P-1	9 T15 34 
P5	10 T16 20 
P-1	10 T17 30 
P6	11 T18 23 
P7	13 T19 23 
P-1	14 T20 37 
P0	16 T21 24 
P1	17 T22 24 
P-1	17 T23 42 
P-1	18 T24 39 
P-1	19 T25 38 
P-1	20 T26 30 
P-1	20 T27 35 
P-1	22 T28 29 
P5	22 T29 33 
P6	24 T30 35 
P7	24 T31 45 
P0	26 T32 33 
P1	26 T33 47 
P2	26 T34 47 
P4	27 T35 29 
P3	29 T36 46 
P0	40 T37 47 
P4	44 T38 47 
NMec = 97827
Viable Sol. = 17095010640
Profit = 20
T = 39
P = 8
Profits ignored
Solution time = 1.341e+02
Task data
00    0  34     1
01    1  22     1
02    2  20     1
03    4  16     1
04    4  18     1
05    5  31     1
06    6  14     1
07    6  21     1
08    7  13     1
09    7  20     1
10    7  24     1
11    7  24     1
12    7  28     1
13    8  46     1
14    9  25     1
15    9  34     1
16   10  20     1
17   10  30     1
18   11  23     1
19   13  23     1
20   14  37     1
21   16  24     1
22   17  24     1
23   17  42     1
24   18  39     1
25   19  38     1
26   20  30     1
27   20  35     1
28   22  29     1
29   22  33     1
30   24  35     1
31   24  45     1
32   26  33     1
33   26  47     1
34   26  47     1
35   27  29     1
36   29  46     1
37   40  47     1
38   44  47     1
End
