P0	1 T0 2 
P1	1 T1 5 
P-1	1 T2 72 
P-1	5 T3 59 
P0	6 T4 20 
P1	7 T5 15 
P-1	7 T6 66 
P2	9 T7 14 
P-1	9 T8 56 
P-1	11 T9 31 
P-1	12 T10 25 
P-1	13 T11 29 
P3	14 T12 16 
P-1	14 T13 21 
P-1	14 T14 31 
P1	17 T15 33 
P2	17 T16 35 
P3	18 T17 35 
P4	19 T18 22 
P0	21 T19 28 
P-1	24 T20 48 
P-1	31 T21 40 
P-1	31 T22 43 
P-1	31 T23 48 
P-1	33 T24 60 
P0	34 T25 36 
P1	36 T26 50 
P2	36 T27 51 
P-1	37 T28 54 
P0	38 T29 42 
P3	39 T30 41 
P4	40 T31 45 
P0	45 T32 69 
P3	47 T33 72 
P4	48 T34 55 
P1	51 T35 62 
P2	54 T36 64 
P4	61 T37 73 
P1	68 T38 70 
NMec = 97827
Viable Sol. = 13683782992
Profit = 24
T = 39
P = 5
Profits ignored
Solution time = 1.028e+02
Task data
00    1   2     1
01    1   5     1
02    1  72     1
03    5  59     1
04    6  20     1
05    7  15     1
06    7  66     1
07    9  14     1
08    9  56     1
09   11  31     1
10   12  25     1
11   13  29     1
12   14  16     1
13   14  21     1
14   14  31     1
15   17  33     1
16   17  35     1
17   18  35     1
18   19  22     1
19   21  28     1
20   24  48     1
21   31  40     1
22   31  43     1
23   31  48     1
24   33  60     1
25   34  36     1
26   36  50     1
27   36  51     1
28   37  54     1
29   38  42     1
30   39  41     1
31   40  45     1
32   45  69     1
33   47  72     1
34   48  55     1
35   51  62     1
36   54  64     1
37   61  73     1
38   68  70     1
End
