P0	1 T0 13 
P-1	1 T1 50 
P-1	2 T2 47 
P1	6 T3 55 
P-1	8 T4 28 
P2	9 T5 13 
P3	9 T6 23 
P-1	10 T7 22 
P-1	10 T8 36 
P4	11 T9 17 
P5	11 T10 22 
P-1	11 T11 23 
P-1	11 T12 28 
P-1	11 T13 30 
P-1	12 T14 45 
P-1	12 T15 52 
P0	14 T16 23 
P2	14 T17 24 
P-1	15 T18 26 
P6	15 T19 28 
P-1	15 T20 29 
P4	18 T21 44 
P-1	20 T22 37 
P5	23 T23 34 
P0	24 T24 41 
P3	24 T25 49 
P2	26 T26 35 
P-1	27 T27 35 
P-1	27 T28 45 
P-1	29 T29 44 
P-1	30 T30 33 
P6	31 T31 41 
P-1	34 T32 48 
P5	35 T33 53 
P-1	37 T34 48 
P2	40 T35 46 
P-1	41 T36 49 
P0	42 T37 48 
P6	42 T38 55 
P0	50 T39 57 
NMec = 97827
Viable Sol. = 37339835888
Profit = 48233
T = 40
P = 7
Profits not ignored
Solution time = 2.798e+02
Task data
00    1  13  3364
01    1  50  3413
02    2  47  4837
03    6  55  6682
04    8  28  2276
05    9  13   639
06    9  23  3102
07   10  22  1555
08   10  36  2561
09   11  17  1231
10   11  22  1769
11   11  23  1008
12   11  28  1342
13   11  30  2086
14   12  45  2620
15   12  52  5129
16   14  23  2508
17   14  24  2407
18   15  26  1618
19   15  28  2492
20   15  29  2093
21   18  44  4771
22   20  37  1553
23   23  34  2583
24   24  41  1840
25   24  49  3802
26   26  35  1392
27   27  35  1128
28   27  45  2198
29   29  44  1348
30   30  33   652
31   31  41  1915
32   34  48  1898
33   35  53  1764
34   37  48   957
35   40  46  1636
36   41  49  1227
37   42  48  1018
38   42  55  1828
39   50  57  1490
End
