P0	0 T0 9 
P1	2 T1 5 
P2	3 T2 74 
P1	6 T3 18 
P-1	7 T4 22 
P3	9 T5 19 
P-1	10 T6 16 
P-1	11 T7 26 
P0	11 T8 59 
P-1	14 T9 29 
P-1	15 T10 23 
P-1	15 T11 24 
P4	16 T12 27 
P-1	17 T13 41 
P1	21 T14 27 
P3	25 T15 37 
P-1	28 T16 47 
P1	30 T17 42 
P-1	31 T18 41 
P-1	32 T19 49 
P4	35 T20 71 
P-1	37 T21 55 
P-1	40 T22 43 
P-1	40 T23 59 
P3	41 T24 51 
P-1	41 T25 57 
P-1	41 T26 68 
P1	43 T27 50 
P-1	43 T28 73 
P-1	45 T29 50 
P-1	46 T30 61 
P-1	46 T31 65 
P-1	47 T32 64 
P-1	49 T33 56 
P-1	50 T34 65 
P-1	51 T35 69 
P-1	52 T36 59 
P1	53 T37 71 
P3	54 T38 65 
P0	60 T39 73 
NMec = 97827
Viable Sol. = 14344561184
Profit = 55224
T = 40
P = 5
Profits not ignored
Solution time = 1.254e+02
Task data
00    0   9  1481
01    2   5   312
02    3  74 10759
03    6  18  2870
04    7  22  1713
05    9  19  1714
06   10  16   864
07   11  26  1183
08   11  59  8657
09   14  29  1710
10   15  23  1671
11   15  24   979
12   16  27  2083
13   17  41  2051
14   21  27  1302
15   25  37  3070
16   28  47  2392
17   30  42  2061
18   31  41  1658
19   32  49  3030
20   35  71 10365
21   37  55  1737
22   40  43   278
23   40  59  3831
24   41  51  1781
25   41  57  1963
26   41  68  3744
27   43  50  1210
28   43  73  3563
29   45  50   663
30   46  61  3168
31   46  65  2250
32   47  64  1795
33   49  56  1390
34   50  65  2493
35   51  69  1324
36   52  59  1095
37   53  71  2583
38   54  65  3335
39   60  73  1641
End
