P0	6 T0 14 
P0	29 T1 52 
P-1	42 T2 44 
P-1	52 T3 59 
P0	74 T4 100 
P-1	87 T5 96 
P0	104 T6 120 
P-1	107 T7 120 
P0	125 T8 134 
P-1	134 T9 143 
P0	136 T10 143 
P-1	141 T11 155 
P0	150 T12 168 
P0	170 T13 187 
P-1	184 T14 202 
P-1	186 T15 190 
P-1	195 T16 206 
P-1	197 T17 204 
P-1	197 T18 209 
P0	199 T19 212 
P0	213 T20 228 
P-1	225 T21 233 
P0	271 T22 313 
P-1	280 T23 284 
P-1	288 T24 308 
P-1	300 T25 324 
P-1	305 T26 316 
P0	319 T27 321 
P-1	329 T28 341 
P-1	330 T29 347 
P-1	333 T30 353 
P0	337 T31 357 
P-1	337 T32 359 
P-1	340 T33 360 
P-1	343 T34 360 
P-1	347 T35 353 
P-1	366 T36 377 
P0	370 T37 372 
P-1	374 T38 377 
P0	376 T39 398 
NMec = 97827
Viable Sol. = 63866880
Profit = 44347
T = 40
P = 1
Profits not ignored
Solution time = 5.763e-01
Task data
00    6  14  1181
01   29  52  5291
02   42  44   211
03   52  59  1212
04   74 100  2996
05   87  96  1177
06  104 120  2371
07  107 120  1536
08  125 134  1941
09  134 143  1054
10  136 143   564
11  141 155  1406
12  150 168  1484
13  170 187  4323
14  184 202  3812
15  186 190   928
16  195 206  1270
17  197 204  1045
18  197 209  1447
19  199 212  1989
20  213 228  2644
21  225 233   904
22  271 313  9901
23  280 284   689
24  288 308  2506
25  300 324  4568
26  305 316  1676
27  319 321   582
28  329 341  1596
29  330 347  1728
30  333 353  1962
31  337 357  6207
32  337 359  2509
33  340 360  5466
34  343 360  1987
35  347 353  1841
36  366 377  2209
37  370 372   297
38  374 377   702
39  376 398  2576
End
