P0	1 T0 19 
P1	3 T1 60 
P2	4 T2 29 
P-1	5 T3 8 
P-1	5 T4 27 
P3	5 T5 56 
P4	6 T6 8 
P5	8 T7 24 
P4	9 T8 21 
P-1	16 T9 31 
P-1	17 T10 29 
P-1	17 T11 29 
P-1	19 T12 27 
P-1	19 T13 30 
P-1	19 T14 34 
P-1	20 T15 25 
P0	21 T16 34 
P-1	22 T17 26 
P-1	22 T18 33 
P-1	23 T19 26 
P4	23 T20 40 
P-1	24 T21 40 
P-1	24 T22 43 
P5	27 T23 33 
P-1	30 T24 32 
P-1	31 T25 53 
P2	32 T26 58 
P5	34 T27 37 
P0	38 T28 43 
P-1	40 T29 46 
P4	41 T30 44 
P-1	41 T31 56 
P5	43 T32 50 
P0	44 T33 53 
P-1	45 T34 56 
P-1	48 T35 55 
P-1	48 T36 55 
P4	49 T37 65 
P5	52 T38 59 
P0	54 T39 56 
NMec = 97827
Viable Sol. = 58282291022
Profit = 60466
T = 40
P = 6
Profits not ignored
Solution time = 5.312e+02
Task data
00    1  19  3690
01    3  60 12021
02    4  29  5139
03    5   8   246
04    5  27  3694
05    5  56  9283
06    6   8   294
07    8  24  3432
08    9  21  1698
09   16  31  3411
10   17  29  2031
11   17  29  2564
12   19  27  1456
13   19  30  2721
14   19  34  1009
15   20  25   639
16   21  34  4011
17   22  26  1332
18   22  33  2425
19   23  26   409
20   23  40  4907
21   24  40  2016
22   24  43  2874
23   27  33  1689
24   30  32   314
25   31  53  2884
26   32  58  3537
27   34  37   893
28   38  43   372
29   40  46   365
30   41  44   412
31   41  56  1424
32   43  50  1219
33   44  53  1267
34   45  56  1563
35   48  55  1599
36   48  55  1827
37   49  65  4415
38   52  59  1436
39   54  56   751
End
