P0	1 T0 26 
P1	3 T1 15 
P-1	3 T2 130 
P-1	8 T3 22 
P2	12 T4 97 
P-1	17 T5 26 
P1	17 T6 42 
P-1	20 T7 118 
P-1	25 T8 32 
P0	33 T9 45 
P-1	36 T10 47 
P-1	38 T11 51 
P-1	39 T12 42 
P0	47 T13 62 
P1	48 T14 128 
P-1	49 T15 55 
P-1	59 T16 79 
P-1	67 T17 115 
P-1	70 T18 76 
P-1	71 T19 82 
P0	72 T20 89 
P-1	74 T21 96 
P-1	80 T22 92 
P-1	81 T23 98 
P-1	82 T24 98 
P-1	86 T25 108 
P-1	88 T26 124 
P0	90 T27 107 
P-1	91 T28 93 
P-1	92 T29 111 
P-1	93 T30 100 
P-1	95 T31 108 
P-1	97 T32 102 
P2	99 T33 120 
P-1	104 T34 120 
P-1	105 T35 121 
P0	108 T36 127 
P-1	110 T37 127 
P-1	111 T38 133 
P2	121 T39 127 
NMec = 97827
Viable Sol. = 1415808354
Profit = 61728
T = 40
P = 3
Profits not ignored
Solution time = 1.142e+01
Task data
00    1  26  2520
01    3  15  1221
02    3 130 10209
03    8  22  1740
04   12  97 19835
05   17  26   659
06   17  42  6493
07   20 118 12417
08   25  32   680
09   33  45  2660
10   36  47  2290
11   38  51  1619
12   39  42   693
13   47  62  1366
14   48 128 11643
15   49  55  1036
16   59  79  2793
17   67 115  7065
18   70  76   530
19   71  82  1640
20   72  89  3326
21   74  96  3202
22   80  92  1835
23   81  98  1242
24   82  98  2412
25   86 108  4169
26   88 124  7028
27   90 107  3739
28   91  93   861
29   92 111  1997
30   93 100   797
31   95 108  1579
32   97 102   779
33   99 120  2745
34  104 120  2468
35  105 121  2369
36  108 127  5016
37  110 127  2879
38  111 133  1494
39  121 127  1164
End
