P0	1 T0 8 
P1	1 T1 37 
P2	2 T2 14 
P-1	2 T3 22 
P3	3 T4 10 
P4	4 T5 11 
P5	4 T6 13 
P6	4 T7 23 
P7	5 T8 19 
P-1	6 T9 11 
P-1	7 T10 32 
P8	8 T11 18 
P9	8 T12 31 
P0	10 T13 34 
P-1	11 T14 18 
P-1	11 T15 30 
P-1	12 T16 17 
P-1	12 T17 28 
P3	12 T18 31 
P4	12 T19 34 
P-1	13 T20 17 
P-1	13 T21 24 
P-1	14 T22 24 
P2	15 T23 26 
P-1	16 T24 25 
P5	16 T25 36 
P-1	17 T26 34 
P-1	17 T27 38 
P-1	18 T28 38 
P-1	20 T29 29 
P-1	21 T30 27 
P-1	21 T31 37 
P7	22 T32 39 
P8	23 T33 39 
P6	26 T34 36 
P-1	27 T35 36 
P2	28 T36 37 
P-1	29 T37 33 
P3	33 T38 36 
P9	33 T39 37 
NMec = 97827
Viable Sol. = 280480773546
Profit = 62356
T = 40
P = 10
Profits not ignored
Solution time = 2.608e+03
Task data
00    1   8   896
01    1  37  6305
02    2  14  1438
03    2  22  1490
04    3  10   910
05    4  11  2224
06    4  13  2459
07    4  23  3970
08    5  19  2524
09    6  11   764
10    7  32  3967
11    8  18  2084
12    8  31  5261
13   10  34  4763
14   11  18  1200
15   11  30  3725
16   12  17  1158
17   12  28  3179
18   12  31  4882
19   12  34  6064
20   13  17   381
21   13  24  2700
22   14  24  1573
23   15  26  2904
24   16  25  1498
25   16  36  4818
26   17  34  3005
27   17  38  2190
28   18  38  2508
29   20  29   971
30   21  27   695
31   21  37  1892
32   22  39  2524
33   23  39  3817
34   26  36  1580
35   27  36   865
36   28  37  1164
37   29  33   397
38   33  36   737
39   33  37  1032
End
