P0	2 T0 12 
P-1	2 T1 25 
P1	2 T2 47 
P2	2 T3 49 
P3	3 T4 51 
P-1	6 T5 13 
P4	6 T6 17 
P-1	7 T7 12 
P5	7 T8 34 
P-1	8 T9 25 
P-1	9 T10 23 
P-1	9 T11 34 
P6	11 T12 25 
P-1	13 T13 29 
P0	16 T14 36 
P-1	16 T15 41 
P-1	18 T16 28 
P-1	18 T17 29 
P-1	19 T18 37 
P-1	20 T19 41 
P-1	20 T20 43 
P-1	21 T21 32 
P4	22 T22 40 
P-1	23 T23 43 
P-1	24 T24 42 
P-1	26 T25 46 
P-1	27 T26 42 
P-1	28 T27 42 
P-1	28 T28 53 
P-1	31 T29 44 
P-1	32 T30 49 
P-1	33 T31 41 
P-1	33 T32 44 
P-1	33 T33 45 
P6	33 T34 47 
P-1	36 T35 52 
P5	36 T36 54 
P0	37 T37 43 
P4	42 T38 51 
P0	49 T39 54 
P1	49 T40 56 
NMec = 97827
Viable Sol. = 23632312728
Profit = 57457
T = 41
P = 7
Profits not ignored
Solution time = 1.857e+02
Task data
00    2  12  1331
01    2  25  2303
02    2  47  9357
03    2  49  9664
04    3  51  5777
05    6  13   842
06    6  17  2171
07    7  12   544
08    7  34  3186
09    8  25  1678
10    9  23  2594
11    9  34  2373
12   11  25  3958
13   13  29  1711
14   16  36  3798
15   16  41  3296
16   18  28  1119
17   18  29  1505
18   19  37  4505
19   20  41  3044
20   20  43  2850
21   21  32  1722
22   22  40  5154
23   23  43  2797
24   24  42  1907
25   26  46  3161
26   27  42  1611
27   28  42  1195
28   28  53  2978
29   31  44  2194
30   32  49  2149
31   33  41   758
32   33  44  2205
33   33  45  2393
34   33  47  4298
35   36  52  1803
36   36  54  2959
37   37  43  1797
38   42  51  1595
39   49  54   625
40   49  56  1787
End
