P0	0 T0 3 
P1	0 T1 4 
P0	4 T2 93 
P1	11 T3 134 
P-1	13 T4 29 
P-1	13 T5 74 
P2	13 T6 110 
P-1	13 T7 119 
P-1	23 T8 48 
P-1	25 T9 42 
P-1	29 T10 49 
P-1	37 T11 123 
P-1	38 T12 46 
P-1	39 T13 59 
P-1	45 T14 55 
P-1	45 T15 66 
P-1	46 T16 51 
P-1	48 T17 68 
P-1	55 T18 67 
P-1	57 T19 74 
P-1	59 T20 63 
P-1	63 T21 82 
P-1	65 T22 79 
P-1	67 T23 89 
P-1	70 T24 131 
P-1	77 T25 90 
P-1	78 T26 88 
P-1	84 T27 86 
P-1	85 T28 93 
P-1	85 T29 102 
P-1	90 T30 99 
P-1	92 T31 97 
P-1	93 T32 98 
P0	100 T33 112 
P-1	105 T34 117 
P-1	108 T35 122 
P-1	109 T36 127 
P-1	110 T37 119 
P0	114 T38 135 
P2	117 T39 136 
P-1	125 T40 136 
NMec = 97827
Viable Sol. = 2134071792
Profit = 73843
T = 41
P = 3
Profits not ignored
Solution time = 1.591e+01
Task data
00    0   3   779
01    0   4   506
02    4  93 19124
03   11 134 24490
04   13  29  2285
05   13  74  8851
06   13 110 21148
07   13 119 10637
08   23  48  2976
09   25  42  1286
10   29  49  1475
11   37 123  8698
12   38  46   911
13   39  59  3949
14   45  55  1120
15   45  66  3322
16   46  51  1164
17   48  68  4101
18   55  67  3103
19   57  74  1651
20   59  63  1218
21   63  82  2088
22   65  79  1843
23   67  89  2369
24   70 131  3837
25   77  90  1895
26   78  88  1123
27   84  86   237
28   85  93  1017
29   85 102  3998
30   90  99  1084
31   92  97  1638
32   93  98   541
33  100 112  2720
34  105 117  2291
35  108 122  1748
36  109 127  2011
37  110 119  2054
38  114 135  2402
39  117 136  2674
40  125 136  1094
End
