P0	1 T0 18 
P1	1 T1 19 
P2	2 T2 11 
P3	3 T3 17 
P4	4 T4 15 
P-1	5 T5 21 
P-1	5 T6 32 
P-1	6 T7 16 
P-1	7 T8 28 
P5	8 T9 12 
P-1	9 T10 12 
P6	10 T11 18 
P7	10 T12 19 
P-1	10 T13 19 
P-1	11 T14 13 
P-1	11 T15 23 
P2	12 T16 23 
P-1	13 T17 25 
P5	13 T18 28 
P4	16 T19 28 
P3	18 T20 50 
P0	19 T21 26 
P1	20 T22 31 
P-1	20 T23 41 
P-1	20 T24 42 
P-1	21 T25 31 
P6	21 T26 34 
P7	22 T27 37 
P-1	22 T28 38 
P-1	26 T29 37 
P2	26 T30 39 
P0	27 T31 35 
P4	30 T32 48 
P5	31 T33 45 
P1	33 T34 41 
P-1	36 T35 43 
P0	36 T36 46 
P6	37 T37 43 
P2	41 T38 48 
P1	42 T39 51 
P7	43 T40 46 
NMec = 97827
Viable Sol. = 571517416384
Profit = 50348
T = 41
P = 8
Profits not ignored
Solution time = 4.388e+03
Task data
00    1  18  4194
01    1  19  2141
02    2  11  1554
03    3  17  1584
04    4  15  2256
05    5  21  1503
06    5  32  1923
07    6  16  1568
08    7  28  2619
09    8  12  1012
10    9  12   456
11   10  18  1873
12   10  19  1772
13   10  19  1201
14   11  13   478
15   11  23  1756
16   12  23  1362
17   13  25  1264
18   13  28  2669
19   16  28  2050
20   18  50  3106
21   19  26  1009
22   20  31  1797
23   20  41  2623
24   20  42  2896
25   21  31   839
26   21  34  2074
27   22  37  3098
28   22  38  2142
29   26  37  1541
30   26  39  2533
31   27  35  2317
32   30  48  2025
33   31  45  2230
34   33  41  2355
35   36  43   931
36   36  46  1062
37   37  43  1006
38   41  48  2040
39   42  51   837
40   43  46   392
End
