P0	1 T0 8 
P1	2 T1 24 
P0	10 T2 27 
P-1	14 T3 38 
P-1	15 T4 38 
P2	16 T5 21 
P-1	17 T6 41 
P-1	19 T7 42 
P-1	23 T8 40 
P0	29 T9 48 
P1	31 T10 47 
P2	35 T11 50 
P-1	43 T12 67 
P-1	46 T13 58 
P-1	46 T14 63 
P0	49 T15 63 
P-1	50 T16 78 
P1	53 T17 58 
P2	53 T18 58 
P-1	60 T19 76 
P-1	61 T20 78 
P-1	65 T21 85 
P0	66 T22 74 
P-1	69 T23 79 
P-1	70 T24 83 
P-1	71 T25 81 
P1	72 T26 95 
P2	73 T27 84 
P0	78 T28 85 
NMec = 98475
Viable Sol. = 9793800
Profit = 14
T = 29
P = 3
Profits ignored
Solution time = 1.145e-01
Task data
00    1   8     1
01    2  24     1
02   10  27     1
03   14  38     1
04   15  38     1
05   16  21     1
06   17  41     1
07   19  42     1
08   23  40     1
09   29  48     1
10   31  47     1
11   35  50     1
12   43  67     1
13   46  58     1
14   46  63     1
15   49  63     1
16   50  78     1
17   53  58     1
18   53  58     1
19   60  76     1
20   61  78     1
21   65  85     1
22   66  74     1
23   69  79     1
24   70  83     1
25   71  81     1
26   72  95     1
27   73  84     1
28   78  85     1
End
