P0	0 T0 8 
P-1	0 T1 35 
P1	1 T2 15 
P-1	1 T3 25 
P2	4 T4 19 
P-1	4 T5 35 
P-1	6 T6 22 
P-1	6 T7 28 
P-1	7 T8 21 
P-1	7 T9 21 
P3	8 T10 14 
P4	8 T11 18 
P-1	9 T12 25 
P-1	9 T13 32 
P-1	9 T14 35 
P-1	10 T15 22 
P-1	11 T16 21 
P-1	11 T17 29 
P-1	13 T18 29 
P0	13 T19 32 
P5	14 T20 19 
P6	14 T21 36 
P3	15 T22 32 
P1	16 T23 21 
P7	16 T24 23 
P2	21 T25 22 
P4	21 T26 29 
P5	21 T27 35 
P1	25 T28 32 
NMec = 98475
Viable Sol. = 43376598
Profit = 15
T = 29
P = 8
Profits ignored
Solution time = 4.644e-01
Task data
00    0   8     1
01    0  35     1
02    1  15     1
03    1  25     1
04    4  19     1
05    4  35     1
06    6  22     1
07    6  28     1
08    7  21     1
09    7  21     1
10    8  14     1
11    8  18     1
12    9  25     1
13    9  32     1
14    9  35     1
15   10  22     1
16   11  21     1
17   11  29     1
18   13  29     1
19   13  32     1
20   14  19     1
21   14  36     1
22   15  32     1
23   16  21     1
24   16  23     1
25   21  22     1
26   21  29     1
27   21  35     1
28   25  32     1
End
