P-1	0 T0 72 
P-1	2 T1 25 
P0	6 T2 23 
P1	6 T3 24 
P-1	6 T4 26 
P2	7 T5 16 
P3	7 T6 16 
P-1	7 T7 27 
P-1	8 T8 40 
P-1	12 T9 35 
P-1	16 T10 30 
P-1	19 T11 34 
P-1	20 T12 28 
P2	21 T13 29 
P-1	21 T14 37 
P-1	23 T15 42 
P0	24 T16 34 
P-1	25 T17 43 
P1	26 T18 42 
P3	26 T19 51 
P-1	28 T20 60 
P2	34 T21 41 
P-1	37 T22 55 
P0	38 T23 56 
P-1	41 T24 61 
P1	53 T25 63 
P2	55 T26 61 
P3	55 T27 66 
P0	61 T28 68 
P1	64 T29 67 
NMec = 98475
Viable Sol. = 13871886
Profit = 15
T = 30
P = 4
Profits ignored
Solution time = 1.394e-01
Task data
00    0  72     1
01    2  25     1
02    6  23     1
03    6  24     1
04    6  26     1
05    7  16     1
06    7  16     1
07    7  27     1
08    8  40     1
09   12  35     1
10   16  30     1
11   19  34     1
12   20  28     1
13   21  29     1
14   21  37     1
15   23  42     1
16   24  34     1
17   25  43     1
18   26  42     1
19   26  51     1
20   28  60     1
21   34  41     1
22   37  55     1
23   38  56     1
24   41  61     1
25   53  63     1
26   55  61     1
27   55  66     1
28   61  68     1
29   64  67     1
End
