P-1	0 T0 37 
P0	1 T1 12 
P-1	1 T2 36 
P1	2 T3 10 
P-1	2 T4 15 
P2	4 T5 13 
P-1	4 T6 15 
P-1	5 T7 34 
P3	10 T8 12 
P4	10 T9 21 
P5	10 T10 23 
P-1	10 T11 33 
P0	13 T12 18 
P1	13 T13 19 
P3	13 T14 24 
P6	13 T15 24 
P-1	13 T16 35 
P2	14 T17 15 
P7	14 T18 18 
P-1	14 T19 34 
P-1	15 T20 29 
P-1	16 T21 33 
P2	18 T22 27 
P0	19 T23 36 
P1	20 T24 30 
P7	20 T25 31 
P4	23 T26 30 
P5	24 T27 33 
P3	27 T28 30 
P6	27 T29 37 
NMec = 98475
Viable Sol. = 336364228
Profit = 20
T = 30
P = 8
Profits ignored
Solution time = 3.868e+00
Task data
00    0  37     1
01    1  12     1
02    1  36     1
03    2  10     1
04    2  15     1
05    4  13     1
06    4  15     1
07    5  34     1
08   10  12     1
09   10  21     1
10   10  23     1
11   10  33     1
12   13  18     1
13   13  19     1
14   13  24     1
15   13  24     1
16   13  35     1
17   14  15     1
18   14  18     1
19   14  34     1
20   15  29     1
21   16  33     1
22   18  27     1
23   19  36     1
24   20  30     1
25   20  31     1
26   23  30     1
27   24  33     1
28   27  30     1
29   27  37     1
End
