P0	9 T0 27 
P-1	16 T1 29 
P0	31 T2 40 
P-1	36 T3 50 
P0	47 T4 63 
P-1	53 T5 75 
P0	74 T6 95 
P-1	90 T7 102 
P-1	80 T8 103 
P-1	89 T9 108 
P-1	90 T10 113 
P0	133 T11 135 
P-1	134 T12 146 
P-1	133 T13 148 
P0	139 T14 149 
P0	156 T15 159 
P0	192 T16 197 
P-1	195 T17 210 
P-1	60 T18 214 
P0	208 T19 218 
P-1	205 T20 219 
P-1	211 T21 230 
P0	223 T22 231 
P-1	217 T23 239 
P0	244 T24 249 
P-1	241 T25 251 
P-1	242 T26 251 
P0	256 T27 269 
P-1	266 T28 284 
P0	288 T29 296 
NMec = 98475
Viable Sol. = 0
Profit = 13
T = 30
P = 1
Profits ignored
Solution time = 7.218e-06
Task data
00    9  27     1
01   16  29     1
02   31  40     1
03   36  50     1
04   47  63     1
05   53  75     1
06   74  95     1
07   90 102     1
08   80 103     1
09   89 108     1
10   90 113     1
11  133 135     1
12  134 146     1
13  133 148     1
14  139 149     1
15  156 159     1
16  192 197     1
17  195 210     1
18   60 214     1
19  208 218     1
20  205 219     1
21  211 230     1
22  223 231     1
23  217 239     1
24  244 249     1
25  241 251     1
26  242 251     1
27  256 269     1
28  266 284     1
29  288 296     1
End
