P-1	2 T0 11 
P-1	3 T1 18 
P0	6 T2 8 
P1	8 T3 24 
P0	12 T4 32 
P-1	20 T5 119 
P-1	21 T6 147 
P-1	23 T7 146 
P-1	28 T8 37 
P1	28 T9 40 
P-1	34 T10 47 
P-1	35 T11 60 
P-1	37 T12 43 
P0	37 T13 45 
P-1	39 T14 56 
P1	43 T15 49 
P0	48 T16 56 
P0	60 T17 77 
P1	61 T18 71 
P1	73 T19 87 
P-1	86 T20 107 
P-1	93 T21 110 
P0	96 T22 100 
P-1	97 T23 110 
P1	99 T24 107 
P0	103 T25 114 
P-1	120 T26 123 
P0	122 T27 139 
P1	123 T28 132 
P1	133 T29 142 
NMec = 98475
Viable Sol. = 6138881
Profit = 16
T = 30
P = 2
Profits ignored
Solution time = 6.682e-02
Task data
00    2  11     1
01    3  18     1
02    6   8     1
03    8  24     1
04   12  32     1
05   20 119     1
06   21 147     1
07   23 146     1
08   28  37     1
09   28  40     1
10   34  47     1
11   35  60     1
12   37  43     1
13   37  45     1
14   39  56     1
15   43  49     1
16   48  56     1
17   60  77     1
18   61  71     1
19   73  87     1
20   86 107     1
21   93 110     1
22   96 100     1
23   97 110     1
24   99 107     1
25  103 114     1
26  120 123     1
27  122 139     1
28  123 132     1
29  133 142     1
End
