P0	0 T0 18 
P-1	0 T1 35 
P-1	3 T2 43 
P1	5 T3 16 
P-1	5 T4 46 
P-1	7 T5 59 
P-1	8 T6 52 
P2	10 T7 12 
P-1	11 T8 28 
P2	13 T9 20 
P-1	15 T10 37 
P3	16 T11 22 
P-1	18 T12 33 
P-1	19 T13 28 
P-1	21 T14 31 
P0	21 T15 32 
P1	23 T16 29 
P2	27 T17 35 
P3	28 T18 29 
P4	28 T19 40 
P1	32 T20 34 
P0	34 T21 42 
P-1	36 T22 56 
P0	44 T23 45 
P1	45 T24 52 
P0	47 T25 58 
P2	47 T26 58 
P3	49 T27 56 
P4	50 T28 57 
P1	54 T29 56 
NMec = 98475
Viable Sol. = 114143488
Profit = 19
T = 30
P = 5
Profits ignored
Solution time = 1.060e+00
Task data
00    0  18     1
01    0  35     1
02    3  43     1
03    5  16     1
04    5  46     1
05    7  59     1
06    8  52     1
07   10  12     1
08   11  28     1
09   13  20     1
10   15  37     1
11   16  22     1
12   18  33     1
13   19  28     1
14   21  31     1
15   21  32     1
16   23  29     1
17   27  35     1
18   28  29     1
19   28  40     1
20   32  34     1
21   34  42     1
22   36  56     1
23   44  45     1
24   45  52     1
25   47  58     1
26   47  58     1
27   49  56     1
28   50  57     1
29   54  56     1
End
