P-1	0 T0 19 
P-1	0 T1 21 
P-1	0 T2 26 
P0	1 T3 3 
P1	1 T4 5 
P2	2 T5 13 
P-1	2 T6 18 
P-1	2 T7 28 
P3	3 T8 11 
P4	3 T9 16 
P-1	3 T10 19 
P0	4 T11 9 
P-1	4 T12 23 
P-1	5 T13 17 
P-1	5 T14 24 
P1	7 T15 19 
P-1	7 T16 23 
P-1	7 T17 24 
P-1	8 T18 26 
P5	8 T19 27 
P6	9 T20 16 
P7	9 T21 26 
P0	10 T22 21 
P8	10 T23 23 
P3	13 T24 27 
P2	14 T25 21 
P9	15 T26 20 
P4	17 T27 23 
P6	17 T28 25 
P1	20 T29 22 
NMec = 98475
Viable Sol. = 333843882
Profit = 18
T = 30
P = 10
Profits ignored
Solution time = 3.675e+00
Task data
00    0  19     1
01    0  21     1
02    0  26     1
03    1   3     1
04    1   5     1
05    2  13     1
06    2  18     1
07    2  28     1
08    3  11     1
09    3  16     1
10    3  19     1
11    4   9     1
12    4  23     1
13    5  17     1
14    5  24     1
15    7  19     1
16    7  23     1
17    7  24     1
18    8  26     1
19    8  27     1
20    9  16     1
21    9  26     1
22   10  21     1
23   10  23     1
24   13  27     1
25   14  21     1
26   15  20     1
27   17  23     1
28   17  25     1
29   20  22     1
End
