P0	1 T0 38 
P1	2 T1 13 
P-1	2 T2 18 
P-1	2 T3 25 
P-1	3 T4 15 
P2	3 T5 18 
P3	4 T6 19 
P4	5 T7 13 
P-1	5 T8 26 
P-1	6 T9 20 
P-1	6 T10 29 
P5	8 T11 23 
P-1	9 T12 17 
P-1	9 T13 33 
P6	10 T14 11 
P-1	10 T15 16 
P7	10 T16 36 
P-1	11 T17 17 
P-1	12 T18 13 
P-1	12 T19 21 
P-1	13 T20 27 
P6	13 T21 37 
P-1	14 T22 22 
P-1	14 T23 23 
P1	15 T24 25 
P4	15 T25 37 
P-1	16 T26 33 
P2	21 T27 38 
P3	23 T28 36 
P5	25 T29 34 
P1	33 T30 38 
NMec = 98475
Viable Sol. = 193052613
Profit = 43882
T = 31
P = 8
Profits not ignored
Solution time = 2.513e+00
Task data
00    1  38  7544
01    2  13  1051
02    2  18  2542
03    2  25  1905
04    3  15  1997
05    3  18  3472
06    4  19  3293
07    5  13  2341
08    5  26  2227
09    6  20  1887
10    6  29  3628
11    8  23  2953
12    9  17  1060
13    9  33  2377
14   10  11   331
15   10  16  1434
16   10  36  5852
17   11  17   881
18   12  13   123
19   12  21  1679
20   13  27  1868
21   13  37  3827
22   14  22  1610
23   14  23  1757
24   15  25  2892
25   15  37  3461
26   16  33  1052
27   21  38  3596
28   23  36  1377
29   25  34  1235
30   33  38   657
End
