P0	1 T0 10 
P1	2 T1 12 
P2	5 T2 50 
P3	9 T3 13 
P4	9 T4 31 
P0	11 T5 26 
P5	11 T6 26 
P-1	12 T7 19 
P1	14 T8 22 
P3	16 T9 20 
P-1	16 T10 34 
P-1	17 T11 22 
P-1	17 T12 36 
P-1	19 T13 41 
P3	22 T14 37 
P-1	22 T15 50 
P1	24 T16 42 
P-1	24 T17 49 
P0	27 T18 45 
P5	27 T19 50 
P-1	29 T20 40 
P-1	29 T21 43 
P-1	29 T22 45 
P-1	32 T23 33 
P4	32 T24 47 
P-1	33 T25 40 
P-1	33 T26 47 
P-1	35 T27 40 
P-1	35 T28 43 
P-1	38 T29 44 
P3	39 T30 50 
NMec = 98475
Viable Sol. = 160268226
Profit = 40338
T = 31
P = 6
Profits not ignored
Solution time = 2.756e+00
Task data
00    1  10  2129
01    2  12  1892
02    5  50  6588
03    9  13   613
04    9  31  2725
05   11  26  2994
06   11  26  2378
07   12  19   833
08   14  22   944
09   16  20   428
10   16  34  3488
11   17  22   850
12   17  36  2380
13   19  41  1562
14   22  37  3090
15   22  50  1911
16   24  42  3950
17   24  49  3607
18   27  45  3171
19   27  50  4619
20   29  40  1294
21   29  43  1665
22   29  45  2385
23   32  33   223
24   32  47  3461
25   33  40   950
26   33  47  1170
27   35  40   729
28   35  43   956
29   38  44   955
30   39  50  1356
End
