P0	1 T0 10 
P1	2 T1 12 
P-1	5 T2 50 
P2	9 T3 13 
P-1	9 T4 31 
P-1	11 T5 26 
P-1	11 T6 26 
P0	12 T7 19 
P1	14 T8 22 
P2	16 T9 20 
P3	16 T10 34 
P4	17 T11 22 
P5	17 T12 36 
P-1	19 T13 41 
P0	22 T14 37 
P-1	22 T15 50 
P-1	24 T16 42 
P-1	24 T17 49 
P-1	27 T18 45 
P-1	27 T19 50 
P-1	29 T20 40 
P-1	29 T21 43 
P-1	29 T22 45 
P1	32 T23 33 
P-1	32 T24 47 
P2	33 T25 40 
P4	33 T26 47 
P1	35 T27 40 
P3	35 T28 43 
P0	38 T29 44 
P5	39 T30 50 
NMec = 98475
Viable Sol. = 160268226
Profit = 17
T = 31
P = 6
Profits ignored
Solution time = 2.021e+00
Task data
00    1  10     1
01    2  12     1
02    5  50     1
03    9  13     1
04    9  31     1
05   11  26     1
06   11  26     1
07   12  19     1
08   14  22     1
09   16  20     1
10   16  34     1
11   17  22     1
12   17  36     1
13   19  41     1
14   22  37     1
15   22  50     1
16   24  42     1
17   24  49     1
18   27  45     1
19   27  50     1
20   29  40     1
21   29  43     1
22   29  45     1
23   32  33     1
24   32  47     1
25   33  40     1
26   33  47     1
27   35  40     1
28   35  43     1
29   38  44     1
30   39  50     1
End
