P-1	0 T0 11 
P0	0 T1 22 
P-1	0 T2 57 
P-1	3 T3 7 
P1	3 T4 8 
P2	3 T5 13 
P3	3 T6 66 
P1	16 T7 27 
P-1	19 T8 25 
P2	20 T9 24 
P-1	23 T10 40 
P0	23 T11 46 
P-1	24 T12 37 
P2	27 T13 75 
P-1	29 T14 48 
P-1	32 T15 49 
P-1	33 T16 54 
P-1	34 T17 36 
P-1	35 T18 48 
P-1	35 T19 48 
P1	36 T20 56 
P-1	38 T21 55 
P-1	42 T22 54 
P-1	46 T23 63 
P0	49 T24 61 
P-1	50 T25 65 
P-1	57 T26 71 
P1	61 T27 66 
P0	63 T28 68 
P1	67 T29 77 
P3	68 T30 75 
NMec = 98475
Viable Sol. = 102953294
Profit = 43552
T = 31
P = 4
Profits not ignored
Solution time = 1.249e+00
Task data
00    0  11   659
01    0  22  3417
02    0  57  6439
03    3   7   630
04    3   8   868
05    3  13   982
06    3  66  8135
07   16  27  2233
08   19  25   767
09   20  24   790
10   23  40  3394
11   23  46  6412
12   24  37  2193
13   27  75  8156
14   29  48  4001
15   32  49  1648
16   33  54  1900
17   34  36   310
18   35  48  1146
19   35  48  3599
20   36  56  4890
21   38  55  1837
22   42  54  1628
23   46  63  4003
24   49  61  2493
25   50  65  2039
26   57  71  1684
27   61  66  1519
28   63  68   564
29   67  77  1941
30   68  75  1152
End
