P0	1 T0 5 
P-1	1 T1 26 
P1	2 T2 6 
P-1	2 T3 61 
P-1	8 T4 18 
P-1	8 T5 32 
P0	10 T6 15 
P1	10 T7 16 
P2	10 T8 21 
P3	10 T9 23 
P4	12 T10 19 
P-1	13 T11 29 
P-1	14 T12 37 
P-1	15 T13 59 
P-1	17 T14 32 
P-1	17 T15 34 
P-1	18 T16 33 
P0	19 T17 30 
P1	23 T18 30 
P2	24 T19 36 
P3	25 T20 33 
P4	27 T21 32 
P0	31 T22 40 
P-1	31 T23 46 
P1	40 T24 42 
P2	40 T25 46 
P3	40 T26 53 
P0	41 T27 49 
P1	45 T28 53 
P4	46 T29 53 
P2	47 T30 56 
NMec = 98475
Viable Sol. = 215271896
Profit = 20
T = 31
P = 5
Profits ignored
Solution time = 1.850e+00
Task data
00    1   5     1
01    1  26     1
02    2   6     1
03    2  61     1
04    8  18     1
05    8  32     1
06   10  15     1
07   10  16     1
08   10  21     1
09   10  23     1
10   12  19     1
11   13  29     1
12   14  37     1
13   15  59     1
14   17  32     1
15   17  34     1
16   18  33     1
17   19  30     1
18   23  30     1
19   24  36     1
20   25  33     1
21   27  32     1
22   31  40     1
23   31  46     1
24   40  42     1
25   40  46     1
26   40  53     1
27   41  49     1
28   45  53     1
29   46  53     1
30   47  56     1
End
