P0	0 T0 19 
P-1	5 T1 149 
P-1	6 T2 16 
P1	10 T3 145 
P-1	24 T4 27 
P0	26 T5 28 
P-1	30 T6 41 
P-1	31 T7 42 
P-1	32 T8 48 
P0	36 T9 56 
P-1	37 T10 56 
P-1	44 T11 145 
P0	57 T12 72 
P-1	59 T13 70 
P-1	62 T14 83 
P-1	64 T15 83 
P-1	66 T16 71 
P-1	77 T17 92 
P0	80 T18 89 
P-1	84 T19 90 
P-1	84 T20 94 
P0	90 T21 115 
P-1	96 T22 115 
P-1	100 T23 104 
P-1	106 T24 115 
P-1	110 T25 136 
P-1	116 T26 136 
P-1	120 T27 130 
P0	121 T28 138 
P-1	124 T29 136 
P-1	127 T30 142 
NMec = 98475
Viable Sol. = 9749831
Profit = 51421
T = 31
P = 2
Profits not ignored
Solution time = 1.572e-01
Task data
00    0  19  3890
01    5 149 19959
02    6  16  1451
03   10 145 26108
04   24  27   601
05   26  28   668
06   30  41  1796
07   31  42  1241
08   32  48  1964
09   36  56  3917
10   37  56  3146
11   44 145 16376
12   57  72  3422
13   59  70  1803
14   62  83  2589
15   64  83  3435
16   66  71  1324
17   77  92  2022
18   80  89  1592
19   84  90   553
20   84  94  1704
21   90 115  7115
22   96 115  1966
23  100 104   693
24  106 115  1063
25  110 136  5422
26  116 136  2445
27  120 130   754
28  121 138  4709
29  124 136  1954
30  127 142  1598
End
