P0	0 T0 19 
P-1	5 T1 149 
P1	6 T2 16 
P-1	10 T3 145 
P0	24 T4 27 
P1	26 T5 28 
P-1	30 T6 41 
P-1	31 T7 42 
P-1	32 T8 48 
P0	36 T9 56 
P1	37 T10 56 
P-1	44 T11 145 
P-1	57 T12 72 
P-1	59 T13 70 
P-1	62 T14 83 
P0	64 T15 83 
P1	66 T16 71 
P-1	77 T17 92 
P-1	80 T18 89 
P0	84 T19 90 
P1	84 T20 94 
P-1	90 T21 115 
P0	96 T22 115 
P1	100 T23 104 
P1	106 T24 115 
P-1	110 T25 136 
P-1	116 T26 136 
P-1	120 T27 130 
P-1	121 T28 138 
P0	124 T29 136 
P1	127 T30 142 
NMec = 98475
Viable Sol. = 9749831
Profit = 15
T = 31
P = 2
Profits ignored
Solution time = 1.149e-01
Task data
00    0  19     1
01    5 149     1
02    6  16     1
03   10 145     1
04   24  27     1
05   26  28     1
06   30  41     1
07   31  42     1
08   32  48     1
09   36  56     1
10   37  56     1
11   44 145     1
12   57  72     1
13   59  70     1
14   62  83     1
15   64  83     1
16   66  71     1
17   77  92     1
18   80  89     1
19   84  90     1
20   84  94     1
21   90 115     1
22   96 115     1
23  100 104     1
24  106 115     1
25  110 136     1
26  116 136     1
27  120 130     1
28  121 138     1
29  124 136     1
30  127 142     1
End
