P0	0 T0 3 
P1	0 T1 4 
P2	1 T2 17 
P-1	1 T3 26 
P3	3 T4 18 
P-1	4 T5 25 
P0	5 T6 19 
P1	6 T7 12 
P4	6 T8 13 
P-1	7 T9 28 
P5	8 T10 16 
P6	8 T11 19 
P7	10 T12 17 
P-1	10 T13 25 
P-1	10 T14 28 
P8	11 T15 22 
P-1	12 T16 31 
P-1	13 T17 26 
P-1	14 T18 32 
P1	16 T19 22 
P-1	16 T20 28 
P2	19 T21 25 
P3	19 T22 30 
P0	20 T23 30 
P4	22 T24 28 
P5	22 T25 33 
P1	23 T26 27 
P6	23 T27 30 
P7	23 T28 31 
P8	24 T29 29 
P2	27 T30 34 
NMec = 98475
Viable Sol. = 991916696
Profit = 22
T = 31
P = 9
Profits ignored
Solution time = 1.138e+01
Task data
00    0   3     1
01    0   4     1
02    1  17     1
03    1  26     1
04    3  18     1
05    4  25     1
06    5  19     1
07    6  12     1
08    6  13     1
09    7  28     1
10    8  16     1
11    8  19     1
12   10  17     1
13   10  25     1
14   10  28     1
15   11  22     1
16   12  31     1
17   13  26     1
18   14  32     1
19   16  22     1
20   16  28     1
21   19  25     1
22   19  30     1
23   20  30     1
24   22  28     1
25   22  33     1
26   23  27     1
27   23  30     1
28   23  31     1
29   24  29     1
30   27  34     1
End
