P-1	4 T0 20 
P0	10 T1 19 
P-1	12 T2 33 
P-1	12 T3 33 
P-1	14 T4 95 
P1	17 T5 44 
P2	19 T6 27 
P-1	21 T7 69 
P0	33 T8 42 
P2	33 T9 50 
P-1	48 T10 63 
P-1	48 T11 67 
P-1	51 T12 62 
P0	52 T13 66 
P1	54 T14 61 
P-1	54 T15 70 
P2	57 T16 58 
P2	61 T17 69 
P-1	61 T18 84 
P1	62 T19 71 
P-1	63 T20 80 
P-1	67 T21 82 
P0	68 T22 76 
P2	70 T23 88 
P1	75 T24 81 
P-1	78 T25 94 
P0	80 T26 88 
P-1	83 T27 94 
P0	91 T28 103 
P1	92 T29 95 
P2	94 T30 95 
NMec = 98475
Viable Sol. = 33891265
Profit = 17
T = 31
P = 3
Profits ignored
Solution time = 3.237e-01
Task data
00    4  20     1
01   10  19     1
02   12  33     1
03   12  33     1
04   14  95     1
05   17  44     1
06   19  27     1
07   21  69     1
08   33  42     1
09   33  50     1
10   48  63     1
11   48  67     1
12   51  62     1
13   52  66     1
14   54  61     1
15   54  70     1
16   57  58     1
17   61  69     1
18   61  84     1
19   62  71     1
20   63  80     1
21   67  82     1
22   68  76     1
23   70  88     1
24   75  81     1
25   78  94     1
26   80  88     1
27   83  94     1
28   91 103     1
29   92  95     1
30   94  95     1
End
