P-1	0 T0 9 
P-1	0 T1 15 
P-1	1 T2 12 
P0	1 T3 15 
P-1	1 T4 26 
P-1	1 T5 26 
P1	2 T6 11 
P-1	2 T7 19 
P-1	2 T8 20 
P-1	2 T9 25 
P-1	3 T10 18 
P2	4 T11 10 
P3	4 T12 13 
P-1	4 T13 17 
P4	5 T14 8 
P-1	5 T15 25 
P5	6 T16 7 
P6	6 T17 24 
P7	7 T18 10 
P8	7 T19 17 
P9	7 T20 18 
P4	9 T21 20 
P5	10 T22 19 
P1	13 T23 19 
P2	13 T24 22 
P7	13 T25 22 
P3	15 T26 28 
P0	16 T27 23 
P1	20 T28 26 
P4	21 T29 30 
P2	23 T30 30 
NMec = 98475
Viable Sol. = 863450736
Profit = 20
T = 31
P = 10
Profits ignored
Solution time = 7.565e+00
Task data
00    0   9     1
01    0  15     1
02    1  12     1
03    1  15     1
04    1  26     1
05    1  26     1
06    2  11     1
07    2  19     1
08    2  20     1
09    2  25     1
10    3  18     1
11    4  10     1
12    4  13     1
13    4  17     1
14    5   8     1
15    5  25     1
16    6   7     1
17    6  24     1
18    7  10     1
19    7  17     1
20    7  18     1
21    9  20     1
22   10  19     1
23   13  19     1
24   13  22     1
25   13  22     1
26   15  28     1
27   16  23     1
28   20  26     1
29   21  30     1
30   23  30     1
End
