P-1	3 T0 10 
P-1	5 T1 23 
P0	6 T2 13 
P1	8 T3 18 
P-1	8 T4 76 
P-1	8 T5 104 
P2	9 T6 29 
P0	15 T7 26 
P1	22 T8 36 
P-1	27 T9 44 
P-1	29 T10 44 
P-1	30 T11 55 
P-1	33 T12 59 
P0	34 T13 37 
P2	35 T14 45 
P-1	39 T15 59 
P0	40 T16 48 
P1	43 T17 52 
P2	47 T18 54 
P-1	47 T19 67 
P0	57 T20 65 
P1	58 T21 59 
P2	59 T22 78 
P-1	65 T23 92 
P-1	74 T24 90 
P-1	76 T25 96 
P-1	79 T26 98 
P0	82 T27 87 
P1	84 T28 90 
P2	85 T29 86 
P0	88 T30 97 
P2	88 T31 100 
NMec = 98475
Viable Sol. = 68805878
Profit = 18
T = 32
P = 3
Profits ignored
Solution time = 7.675e-01
Task data
00    3  10     1
01    5  23     1
02    6  13     1
03    8  18     1
04    8  76     1
05    8 104     1
06    9  29     1
07   15  26     1
08   22  36     1
09   27  44     1
10   29  44     1
11   30  55     1
12   33  59     1
13   34  37     1
14   35  45     1
15   39  59     1
16   40  48     1
17   43  52     1
18   47  54     1
19   47  67     1
20   57  65     1
21   58  59     1
22   59  78     1
23   65  92     1
24   74  90     1
25   76  96     1
26   79  98     1
27   82  87     1
28   84  90     1
29   85  86     1
30   88  97     1
31   88 100     1
End
