P0	0 T0 14 
P1	3 T1 10 
P2	7 T2 17 
P1	12 T3 43 
P3	13 T4 27 
P-1	16 T5 24 
P0	17 T6 25 
P-1	20 T7 24 
P2	20 T8 32 
P-1	22 T9 34 
P-1	23 T10 40 
P0	26 T11 32 
P3	32 T12 44 
P0	33 T13 42 
P-1	34 T14 49 
P-1	35 T15 44 
P-1	35 T16 45 
P2	36 T17 68 
P-1	39 T18 53 
P-1	40 T19 59 
P-1	41 T20 55 
P-1	42 T21 48 
P-1	43 T22 55 
P0	43 T23 58 
P1	46 T24 65 
P-1	48 T25 60 
P-1	49 T26 63 
P-1	50 T27 65 
P3	52 T28 69 
P0	59 T29 76 
P1	66 T30 70 
P1	72 T31 79 
NMec = 98475
Viable Sol. = 231181984
Profit = 39091
T = 32
P = 4
Profits not ignored
Solution time = 2.840e+00
Task data
00    0  14  3343
01    3  10  1504
02    7  17  1888
03   12  43  2913
04   13  27  2500
05   16  24   971
06   17  25  2175
07   20  24  1316
08   20  32  1617
09   22  34  1304
10   23  40  1857
11   26  32   960
12   32  44  1536
13   33  42  1099
14   34  49  1358
15   35  44   905
16   35  45  1084
17   36  68  5691
18   39  53  2217
19   40  59  4514
20   41  55  1168
21   42  48   981
22   43  55  1064
23   43  58  3133
24   46  65  4205
25   48  60  3083
26   49  63  2661
27   50  65  1105
28   52  69  3146
29   59  76  1681
30   66  70   672
31   72  79  1028
End
