P-1	3 T0 10 
P0	5 T1 23 
P1	6 T2 13 
P2	8 T3 18 
P-1	8 T4 76 
P-1	8 T5 104 
P-1	9 T6 29 
P1	15 T7 26 
P2	22 T8 36 
P0	27 T9 44 
P-1	29 T10 44 
P-1	30 T11 55 
P-1	33 T12 59 
P1	34 T13 37 
P-1	35 T14 45 
P1	39 T15 59 
P2	40 T16 48 
P-1	43 T17 52 
P0	47 T18 54 
P-1	47 T19 67 
P0	57 T20 65 
P-1	58 T21 59 
P2	59 T22 78 
P1	65 T23 92 
P-1	74 T24 90 
P0	76 T25 96 
P-1	79 T26 98 
P2	82 T27 87 
P-1	84 T28 90 
P-1	85 T29 86 
P-1	88 T30 97 
P2	88 T31 100 
NMec = 98475
Viable Sol. = 68805878
Profit = 37621
T = 32
P = 3
Profits not ignored
Solution time = 1.007e+00
Task data
00    3  10   801
01    5  23  2531
02    6  13   924
03    8  18  2152
04    8  76  5453
05    8 104  7057
06    9  29  1428
07   15  26  1780
08   22  36  1236
09   27  44  2407
10   29  44  1639
11   30  55  2834
12   33  59  2954
13   34  37  1105
14   35  45  1906
15   39  59  4181
16   40  48  1944
17   43  52  1509
18   47  54  1806
19   47  67  2721
20   57  65  2347
21   58  59   397
22   59  78  3516
23   65  92  3757
24   74  90  1844
25   76  96  2960
26   79  98  2613
27   82  87  1272
28   84  90  1521
29   85  86   254
30   88  97  1893
31   88 100  3703
End
