P0	0 T0 16 
P1	0 T1 16 
P2	0 T2 23 
P-1	0 T3 31 
P3	1 T4 35 
P4	2 T5 10 
P5	5 T6 10 
P-1	5 T7 30 
P-1	6 T8 24 
P-1	9 T9 18 
P-1	9 T10 19 
P-1	9 T11 22 
P-1	9 T12 23 
P6	9 T13 33 
P-1	10 T14 12 
P7	10 T15 16 
P8	10 T16 30 
P4	11 T17 28 
P-1	13 T18 35 
P-1	14 T19 21 
P-1	15 T20 23 
P-1	15 T21 24 
P5	15 T22 34 
P-1	16 T23 31 
P0	17 T24 25 
P1	19 T25 31 
P7	19 T26 34 
P-1	20 T27 30 
P-1	24 T28 28 
P2	25 T29 35 
P-1	26 T30 29 
P0	26 T31 33 
NMec = 98475
Viable Sol. = 1023777362
Profit = 46718
T = 32
P = 9
Profits not ignored
Solution time = 1.068e+01
Task data
00    0  16  3739
01    0  16  2844
02    0  23  2609
03    0  31  2339
04    1  35  4164
05    2  10  1553
06    5  10   677
07    5  30  2418
08    6  24  2471
09    9  18   852
10    9  19  1725
11    9  22  1009
12    9  23  1501
13    9  33  4206
14   10  12   675
15   10  16  1588
16   10  30  5768
17   11  28  4264
18   13  35  3049
19   14  21  1801
20   15  23  1216
21   15  24  1331
22   15  34  4129
23   16  31  2037
24   17  25  2063
25   19  31  2409
26   19  34  3964
27   20  30  2218
28   24  28   322
29   25  35  1768
30   26  29   596
31   26  33   973
End
