P0	0 T0 14 
P1	3 T1 10 
P2	7 T2 17 
P-1	12 T3 43 
P-1	13 T4 27 
P-1	16 T5 24 
P-1	17 T6 25 
P0	20 T7 24 
P1	20 T8 32 
P2	22 T9 34 
P3	23 T10 40 
P0	26 T11 32 
P-1	32 T12 44 
P0	33 T13 42 
P-1	34 T14 49 
P1	35 T15 44 
P2	35 T16 45 
P-1	36 T17 68 
P-1	39 T18 53 
P-1	40 T19 59 
P-1	41 T20 55 
P3	42 T21 48 
P-1	43 T22 55 
P0	43 T23 58 
P-1	46 T24 65 
P-1	48 T25 60 
P1	49 T26 63 
P2	50 T27 65 
P3	52 T28 69 
P0	59 T29 76 
P1	66 T30 70 
P1	72 T31 79 
NMec = 98475
Viable Sol. = 231181984
Profit = 19
T = 32
P = 4
Profits ignored
Solution time = 2.077e+00
Task data
00    0  14     1
01    3  10     1
02    7  17     1
03   12  43     1
04   13  27     1
05   16  24     1
06   17  25     1
07   20  24     1
08   20  32     1
09   22  34     1
10   23  40     1
11   26  32     1
12   32  44     1
13   33  42     1
14   34  49     1
15   35  44     1
16   35  45     1
17   36  68     1
18   39  53     1
19   40  59     1
20   41  55     1
21   42  48     1
22   43  55     1
23   43  58     1
24   46  65     1
25   48  60     1
26   49  63     1
27   50  65     1
28   52  69     1
29   59  76     1
30   66  70     1
31   72  79     1
End
