P-1	2 T0 26 
P0	3 T1 21 
P-1	7 T2 138 
P1	11 T3 13 
P-1	14 T4 26 
P0	24 T5 33 
P1	24 T6 40 
P-1	30 T7 131 
P0	36 T8 38 
P-1	37 T9 50 
P0	48 T10 59 
P1	49 T11 51 
P1	53 T12 67 
P-1	70 T13 81 
P0	70 T14 82 
P-1	74 T15 88 
P1	79 T16 89 
P0	83 T17 89 
P-1	85 T18 103 
P-1	89 T19 107 
P-1	90 T20 109 
P0	97 T21 100 
P-1	98 T22 113 
P1	99 T23 107 
P0	101 T24 116 
P-1	110 T25 128 
P-1	116 T26 124 
P-1	116 T27 130 
P0	117 T28 126 
P1	118 T29 136 
P0	132 T30 146 
P1	142 T31 148 
NMec = 98475
Viable Sol. = 37690798
Profit = 18
T = 32
P = 2
Profits ignored
Solution time = 3.106e-01
Task data
00    2  26     1
01    3  21     1
02    7 138     1
03   11  13     1
04   14  26     1
05   24  33     1
06   24  40     1
07   30 131     1
08   36  38     1
09   37  50     1
10   48  59     1
11   49  51     1
12   53  67     1
13   70  81     1
14   70  82     1
15   74  88     1
16   79  89     1
17   83  89     1
18   85 103     1
19   89 107     1
20   90 109     1
21   97 100     1
22   98 113     1
23   99 107     1
24  101 116     1
25  110 128     1
26  116 124     1
27  116 130     1
28  117 126     1
29  118 136     1
30  132 146     1
31  142 148     1
End
