P0	2 T0 26 
P-1	3 T1 21 
P1	7 T2 138 
P-1	11 T3 13 
P-1	14 T4 26 
P-1	24 T5 33 
P-1	24 T6 40 
P0	30 T7 131 
P-1	36 T8 38 
P-1	37 T9 50 
P-1	48 T10 59 
P-1	49 T11 51 
P-1	53 T12 67 
P-1	70 T13 81 
P-1	70 T14 82 
P-1	74 T15 88 
P-1	79 T16 89 
P-1	83 T17 89 
P-1	85 T18 103 
P-1	89 T19 107 
P-1	90 T20 109 
P-1	97 T21 100 
P-1	98 T22 113 
P-1	99 T23 107 
P-1	101 T24 116 
P-1	110 T25 128 
P-1	116 T26 124 
P-1	116 T27 130 
P-1	117 T28 126 
P-1	118 T29 136 
P0	132 T30 146 
P1	142 T31 148 
NMec = 98475
Viable Sol. = 37690798
Profit = 65788
T = 32
P = 2
Profits not ignored
Solution time = 4.637e-01
Task data
00    2  26  4257
01    3  21  4212
02    7 138 33054
03   11  13   337
04   14  26  1910
05   24  33  1121
06   24  40  3644
07   30 131 25743
08   36  38   377
09   37  50  1438
10   48  59  1584
11   49  51   620
12   53  67  1469
13   70  81  2684
14   70  82  2465
15   74  88  1767
16   79  89  2383
17   83  89  1015
18   85 103  2502
19   89 107  1650
20   90 109  1981
21   97 100   287
22   98 113  1702
23   99 107  2273
24  101 116  2665
25  110 128  2336
26  116 124  1293
27  116 130  2006
28  117 126  2526
29  118 136  3030
30  132 146  2020
31  142 148   714
End
