P0	1 T0 11 
P1	3 T1 5 
P-1	3 T2 30 
P2	4 T3 13 
P3	4 T4 22 
P-1	5 T5 24 
P1	6 T6 10 
P4	6 T7 13 
P-1	6 T8 28 
P-1	7 T9 25 
P-1	7 T10 34 
P-1	9 T11 32 
P-1	10 T12 23 
P0	12 T13 15 
P-1	12 T14 24 
P-1	12 T15 36 
P1	13 T16 24 
P2	14 T17 23 
P-1	16 T18 27 
P-1	16 T19 29 
P-1	16 T20 31 
P-1	17 T21 29 
P0	19 T22 29 
P4	21 T23 22 
P5	21 T24 26 
P6	21 T25 33 
P3	23 T26 34 
P4	23 T27 34 
P7	23 T28 36 
P2	24 T29 35 
P1	26 T30 31 
P0	36 T31 38 
NMec = 98475
Viable Sol. = 610990996
Profit = 19
T = 32
P = 8
Profits ignored
Solution time = 5.576e+00
Task data
00    1  11     1
01    3   5     1
02    3  30     1
03    4  13     1
04    4  22     1
05    5  24     1
06    6  10     1
07    6  13     1
08    6  28     1
09    7  25     1
10    7  34     1
11    9  32     1
12   10  23     1
13   12  15     1
14   12  24     1
15   12  36     1
16   13  24     1
17   14  23     1
18   16  27     1
19   16  29     1
20   16  31     1
21   17  29     1
22   19  29     1
23   21  22     1
24   21  26     1
25   21  33     1
26   23  34     1
27   23  34     1
28   23  36     1
29   24  35     1
30   26  31     1
31   36  38     1
End
