P0	0 T0 18 
P1	0 T1 20 
P2	1 T2 14 
P-1	1 T3 51 
P-1	2 T4 51 
P-1	3 T5 13 
P-1	5 T6 16 
P-1	6 T7 15 
P3	6 T8 53 
P-1	7 T9 19 
P4	10 T10 19 
P-1	10 T11 21 
P5	10 T12 25 
P-1	12 T13 33 
P-1	13 T14 17 
P-1	14 T15 41 
P2	17 T16 20 
P-1	19 T17 36 
P0	19 T18 37 
P1	21 T19 39 
P-1	23 T20 29 
P2	24 T21 48 
P4	24 T22 50 
P-1	28 T23 45 
P5	29 T24 46 
P-1	32 T25 41 
P-1	33 T26 46 
P-1	34 T27 40 
P-1	35 T28 50 
P-1	36 T29 42 
P0	44 T30 48 
P0	50 T31 53 
NMec = 98475
Viable Sol. = 314881342
Profit = 41986
T = 32
P = 6
Profits not ignored
Solution time = 4.294e+00
Task data
00    0  18  3317
01    0  20  2498
02    1  14  2122
03    1  51  4294
04    2  51  3979
05    3  13  1207
06    5  16  1261
07    6  15   861
08    6  53  7539
09    7  19  1830
10   10  19  2320
11   10  21  1571
12   10  25  2967
13   12  33  3387
14   13  17   772
15   14  41  3307
16   17  20   626
17   19  36  1147
18   19  37  2593
19   21  39  3395
20   23  29   757
21   24  48  5464
22   24  50  6043
23   28  45  1197
24   29  46  2041
25   32  41  1162
26   33  46  1693
27   34  40  1288
28   35  50  1451
29   36  42   709
30   44  48   558
31   50  53   503
End
