P0	4 T0 8 
P0	15 T1 23 
P-1	19 T2 27 
P0	39 T3 43 
P0	53 T4 58 
P0	69 T5 76 
P-1	64 T6 78 
P-1	71 T7 83 
P-1	73 T8 87 
P0	83 T9 94 
P-1	86 T10 112 
P0	148 T11 158 
P-1	152 T12 162 
P0	167 T13 168 
P-1	131 T14 197 
P0	201 T15 204 
P-1	188 T16 212 
P0	210 T17 213 
P0	241 T18 248 
P0	253 T19 260 
P0	262 T20 265 
P-1	252 T21 266 
P-1	44 T22 276 
P0	274 T23 280 
P-1	279 T24 281 
P-1	273 T25 283 
P-1	264 T26 287 
P-1	267 T27 287 
P-1	269 T28 287 
P0	300 T29 301 
P0	302 T30 314 
P-1	305 T31 319 
NMec = 98475
Viable Sol. = 0
Profit = 16
T = 32
P = 1
Profits ignored
Solution time = 1.110e-05
Task data
00    4   8     1
01   15  23     1
02   19  27     1
03   39  43     1
04   53  58     1
05   69  76     1
06   64  78     1
07   71  83     1
08   73  87     1
09   83  94     1
10   86 112     1
11  148 158     1
12  152 162     1
13  167 168     1
14  131 197     1
15  201 204     1
16  188 212     1
17  210 213     1
18  241 248     1
19  253 260     1
20  262 265     1
21  252 266     1
22   44 276     1
23  274 280     1
24  279 281     1
25  273 283     1
26  264 287     1
27  267 287     1
28  269 287     1
29  300 301     1
30  302 314     1
31  305 319     1
End
