P-1	0 T0 7 
P0	0 T1 15 
P1	0 T2 19 
P2	1 T3 7 
P3	1 T4 8 
P4	1 T5 15 
P5	2 T6 22 
P6	2 T7 22 
P7	3 T8 24 
P-1	3 T9 24 
P-1	4 T10 10 
P-1	4 T11 25 
P-1	5 T12 20 
P8	5 T13 22 
P9	6 T14 20 
P-1	7 T15 21 
P-1	7 T16 26 
P-1	7 T17 27 
P-1	8 T18 19 
P-1	8 T19 19 
P-1	11 T20 24 
P2	11 T21 26 
P-1	12 T22 14 
P-1	13 T23 26 
P3	14 T24 29 
P-1	16 T25 29 
P-1	16 T26 30 
P0	16 T27 31 
P4	16 T28 31 
P1	20 T29 26 
P9	21 T30 26 
P-1	22 T31 26 
NMec = 98475
Viable Sol. = 1400480035
Profit = 44237
T = 32
P = 10
Profits not ignored
Solution time = 1.534e+01
Task data
00    0   7   544
01    0  15  1859
02    0  19  2703
03    1   7  1235
04    1   8   905
05    1  15  2666
06    2  22  4646
07    2  22  3852
08    3  24  4087
09    3  24  2681
10    4  10   644
11    4  25  1690
12    5  20  1391
13    5  22  4242
14    6  20  3909
15    7  21  2042
16    7  26  3390
17    7  27  3426
18    8  19  1226
19    8  19  2026
20   11  24  1179
21   11  26  3485
22   12  14   435
23   13  26  1026
24   14  29  3328
25   16  29  2022
26   16  30  1483
27   16  31  2214
28   16  31  2413
29   20  26  1393
30   21  26  1300
31   22  26   843
End
