P-1	0 T0 15 
P-1	0 T1 52 
P0	2 T2 18 
P1	5 T3 14 
P2	6 T4 12 
P3	9 T5 17 
P4	10 T6 20 
P5	12 T7 23 
P-1	12 T8 26 
P-1	14 T9 32 
P-1	15 T10 27 
P-1	15 T11 33 
P-1	16 T12 30 
P-1	17 T13 50 
P-1	19 T14 35 
P0	21 T15 22 
P1	22 T16 24 
P2	22 T17 28 
P0	23 T18 29 
P3	23 T19 29 
P-1	23 T20 42 
P4	24 T21 26 
P1	25 T22 38 
P5	25 T23 39 
P4	27 T24 33 
P2	29 T25 41 
P0	30 T26 49 
P3	31 T27 42 
P4	35 T28 49 
P1	40 T29 50 
P2	43 T30 49 
P3	44 T31 48 
P5	47 T32 54 
NMec = 98475
Viable Sol. = 1532431726
Profit = 23
T = 33
P = 6
Profits ignored
Solution time = 1.202e+01
Task data
00    0  15     1
01    0  52     1
02    2  18     1
03    5  14     1
04    6  12     1
05    9  17     1
06   10  20     1
07   12  23     1
08   12  26     1
09   14  32     1
10   15  27     1
11   15  33     1
12   16  30     1
13   17  50     1
14   19  35     1
15   21  22     1
16   22  24     1
17   22  28     1
18   23  29     1
19   23  29     1
20   23  42     1
21   24  26     1
22   25  38     1
23   25  39     1
24   27  33     1
25   29  41     1
26   30  49     1
27   31  42     1
28   35  49     1
29   40  50     1
30   43  49     1
31   44  48     1
32   47  54     1
End
