P0	0 T0 2 
P-1	2 T1 102 
P-1	6 T2 68 
P0	11 T3 19 
P1	12 T4 20 
P2	16 T5 21 
P-1	21 T6 37 
P0	27 T7 35 
P1	30 T8 36 
P-1	35 T9 49 
P2	35 T10 50 
P-1	37 T11 54 
P0	40 T12 50 
P1	43 T13 48 
P-1	43 T14 58 
P-1	44 T15 64 
P-1	44 T16 93 
P-1	48 T17 64 
P1	50 T18 66 
P0	51 T19 74 
P2	53 T20 67 
P-1	68 T21 81 
P1	69 T22 77 
P-1	74 T23 94 
P0	77 T24 82 
P2	77 T25 85 
P1	78 T26 93 
P-1	82 T27 99 
P-1	86 T28 97 
P-1	92 T29 108 
P0	93 T30 109 
P1	94 T31 105 
P2	95 T32 106 
NMec = 98475
Viable Sol. = 131220210
Profit = 19
T = 33
P = 3
Profits ignored
Solution time = 1.073e+00
Task data
00    0   2     1
01    2 102     1
02    6  68     1
03   11  19     1
04   12  20     1
05   16  21     1
06   21  37     1
07   27  35     1
08   30  36     1
09   35  49     1
10   35  50     1
11   37  54     1
12   40  50     1
13   43  48     1
14   43  58     1
15   44  64     1
16   44  93     1
17   48  64     1
18   50  66     1
19   51  74     1
20   53  67     1
21   68  81     1
22   69  77     1
23   74  94     1
24   77  82     1
25   77  85     1
26   78  93     1
27   82  99     1
28   86  97     1
29   92 108     1
30   93 109     1
31   94 105     1
32   95 106     1
End
