P0	0 T0 10 
P1	1 T1 27 
P2	2 T2 27 
P-1	2 T3 27 
P-1	4 T4 21 
P3	4 T5 27 
P4	5 T6 26 
P-1	6 T7 17 
P5	6 T8 18 
P-1	6 T9 21 
P6	8 T10 17 
P-1	8 T11 27 
P-1	10 T12 18 
P-1	11 T13 34 
P0	12 T14 35 
P-1	13 T15 19 
P-1	13 T16 33 
P-1	14 T17 29 
P-1	14 T18 33 
P-1	15 T19 32 
P7	15 T20 35 
P-1	16 T21 29 
P-1	16 T22 33 
P-1	17 T23 30 
P8	17 T24 35 
P-1	18 T25 22 
P-1	18 T26 26 
P-1	18 T27 28 
P6	18 T28 30 
P5	21 T29 34 
P-1	23 T30 35 
P-1	24 T31 31 
P-1	26 T32 29 
NMec = 98475
Viable Sol. = 468529494
Profit = 42180
T = 33
P = 9
Profits not ignored
Solution time = 5.499e+00
Task data
00    0  10  2824
01    1  27  4012
02    2  27  5465
03    2  27  3132
04    4  21  1078
05    4  27  4748
06    5  26  4226
07    6  17  1198
08    6  18  1981
09    6  21  1652
10    8  17  1412
11    8  27  2579
12   10  18  1392
13   11  34  3031
14   12  35  3502
15   13  19  1205
16   13  33  2576
17   14  29  3374
18   14  33  1849
19   15  32  2224
20   15  35  4395
21   16  29  2780
22   16  33  1706
23   17  30  1042
24   17  35  4635
25   18  22   468
26   18  26   853
27   18  28  1223
28   18  30  2540
29   21  34  2440
30   23  35  1600
31   24  31  1051
32   26  29   551
End
