P0	0 T0 10 
P-1	1 T1 27 
P-1	2 T2 27 
P-1	2 T3 27 
P-1	4 T4 21 
P-1	4 T5 27 
P-1	5 T6 26 
P1	6 T7 17 
P-1	6 T8 18 
P2	6 T9 21 
P3	8 T10 17 
P-1	8 T11 27 
P4	10 T12 18 
P-1	11 T13 34 
P-1	12 T14 35 
P0	13 T15 19 
P-1	13 T16 33 
P-1	14 T17 29 
P-1	14 T18 33 
P-1	15 T19 32 
P-1	15 T20 35 
P-1	16 T21 29 
P-1	16 T22 33 
P5	17 T23 30 
P6	17 T24 35 
P1	18 T25 22 
P3	18 T26 26 
P7	18 T27 28 
P8	18 T28 30 
P0	21 T29 34 
P1	23 T30 35 
P2	24 T31 31 
P4	26 T32 29 
NMec = 98475
Viable Sol. = 468529494
Profit = 16
T = 33
P = 9
Profits ignored
Solution time = 5.415e+00
Task data
00    0  10     1
01    1  27     1
02    2  27     1
03    2  27     1
04    4  21     1
05    4  27     1
06    5  26     1
07    6  17     1
08    6  18     1
09    6  21     1
10    8  17     1
11    8  27     1
12   10  18     1
13   11  34     1
14   12  35     1
15   13  19     1
16   13  33     1
17   14  29     1
18   14  33     1
19   15  32     1
20   15  35     1
21   16  29     1
22   16  33     1
23   17  30     1
24   17  35     1
25   18  22     1
26   18  26     1
27   18  28     1
28   18  30     1
29   21  34     1
30   23  35     1
31   24  31     1
32   26  29     1
End
