P0	1 T0 40 
P1	2 T1 11 
P2	2 T2 24 
P-1	2 T3 29 
P3	3 T4 23 
P-1	3 T5 31 
P-1	4 T6 27 
P4	5 T7 17 
P5	7 T8 14 
P6	9 T9 12 
P-1	9 T10 24 
P-1	10 T11 12 
P7	11 T12 17 
P-1	11 T13 20 
P-1	15 T14 22 
P1	15 T15 30 
P-1	16 T16 30 
P-1	17 T17 27 
P5	17 T18 30 
P6	17 T19 32 
P4	18 T20 23 
P-1	19 T21 33 
P-1	22 T22 24 
P7	22 T23 40 
P-1	23 T24 28 
P3	24 T25 28 
P4	24 T26 35 
P-1	26 T27 29 
P-1	26 T28 30 
P2	26 T29 39 
P3	29 T30 40 
P1	33 T31 36 
P5	33 T32 41 
NMec = 98475
Viable Sol. = 2384473596
Profit = 48540
T = 33
P = 8
Profits not ignored
Solution time = 3.030e+01
Task data
00    1  40  7398
01    2  11  1547
02    2  24  6001
03    2  29  2545
04    3  23  3751
05    3  31  2795
06    4  27  2686
07    5  17  2784
08    7  14   794
09    9  12   562
10    9  24  1832
11   10  12   281
12   11  17  1709
13   11  20  1487
14   15  22   547
15   15  30  3225
16   16  30  1573
17   17  27  1234
18   17  30  2650
19   17  32  3574
20   18  23  1049
21   19  33   911
22   22  24   463
23   22  40  4562
24   23  28   629
25   24  28   697
26   24  35  1156
27   26  29   768
28   26  30   342
29   26  39  1431
30   29  40  2381
31   33  36   796
32   33  41  2473
End
