P-1	0 T0 26 
P0	1 T1 21 
P1	2 T2 62 
P-1	6 T3 17 
P-1	9 T4 22 
P2	9 T5 36 
P3	10 T6 22 
P-1	10 T7 34 
P-1	11 T8 28 
P-1	12 T9 20 
P-1	13 T10 24 
P-1	15 T11 23 
P-1	16 T12 50 
P-1	17 T13 26 
P4	17 T14 37 
P-1	20 T15 29 
P-1	21 T16 37 
P0	22 T17 29 
P-1	22 T18 55 
P-1	23 T19 25 
P3	23 T20 35 
P-1	25 T21 35 
P-1	26 T22 31 
P-1	28 T23 46 
P0	30 T24 45 
P-1	35 T25 51 
P3	36 T26 55 
P2	40 T27 57 
P-1	42 T28 47 
P0	46 T29 60 
P4	46 T30 60 
P-1	49 T31 55 
P-1	51 T32 55 
NMec = 98475
Viable Sol. = 199885852
Profit = 46022
T = 33
P = 5
Profits not ignored
Solution time = 2.773e+00
Task data
00    0  26  3142
01    1  21  5090
02    2  62 10568
03    6  17   766
04    9  22  1978
05    9  36  6541
06   10  22  2530
07   10  34  3875
08   11  28  1736
09   12  20   611
10   13  24  1702
11   15  23   665
12   16  50  2684
13   17  26  2019
14   17  37  4685
15   20  29  2105
16   21  37  1893
17   22  29  1082
18   22  55  4316
19   23  25   306
20   23  35  1894
21   25  35  1620
22   26  31  1064
23   28  46  2306
24   30  45  1488
25   35  51  2535
26   36  55  2731
27   40  57  3892
28   42  47  1299
29   46  60  2114
30   46  60  3407
31   49  55   487
32   51  55   624
End
