P0	0 T0 82 
P1	1 T1 20 
P2	3 T2 12 
P3	8 T3 32 
P2	19 T4 24 
P-1	20 T5 48 
P1	22 T6 41 
P-1	23 T7 31 
P-1	25 T8 39 
P-1	25 T9 41 
P-1	26 T10 47 
P-1	27 T11 34 
P-1	29 T12 43 
P2	30 T13 52 
P-1	32 T14 47 
P3	41 T15 52 
P1	43 T16 58 
P-1	45 T17 55 
P-1	46 T18 55 
P-1	46 T19 60 
P-1	49 T20 71 
P-1	50 T21 57 
P-1	51 T22 66 
P-1	53 T23 60 
P-1	53 T24 70 
P-1	53 T25 74 
P-1	54 T26 68 
P2	54 T27 72 
P3	56 T28 68 
P-1	59 T29 72 
P1	59 T30 77 
P3	69 T31 80 
P2	73 T32 80 
NMec = 98475
Viable Sol. = 151856264
Profit = 52474
T = 33
P = 4
Profits not ignored
Solution time = 2.134e+00
Task data
00    0  82 13488
01    1  20  2622
02    3  12  2004
03    8  32  5238
04   19  24   714
05   20  48  3839
06   22  41  3311
07   23  31   856
08   25  39  1790
09   25  41  1478
10   26  47  2509
11   27  34  1020
12   29  43   934
13   30  52  5236
14   32  47  2744
15   41  52  2046
16   43  58  3209
17   45  55  1286
18   46  55  1540
19   46  60  1468
20   49  71  3901
21   50  57  1653
22   51  66  1421
23   53  60  1139
24   53  70  1339
25   53  74  1819
26   54  68  1295
27   54  72  3823
28   56  68  2990
29   59  72  3589
30   59  77  4906
31   69  80  1329
32   73  80  1558
End
