P0	2 T0 25 
P1	3 T1 55 
P-1	5 T2 13 
P2	5 T3 14 
P3	7 T4 15 
P-1	7 T5 18 
P-1	10 T6 17 
P-1	10 T7 20 
P-1	11 T8 24 
P4	12 T9 24 
P-1	13 T10 30 
P5	13 T11 41 
P-1	17 T12 43 
P2	20 T13 30 
P-1	22 T14 32 
P3	23 T15 32 
P-1	25 T16 38 
P-1	25 T17 41 
P4	25 T18 49 
P-1	27 T19 39 
P-1	28 T20 37 
P0	29 T21 39 
P2	31 T22 46 
P3	33 T23 53 
P-1	35 T24 42 
P-1	36 T25 46 
P-1	39 T26 48 
P-1	41 T27 50 
P-1	41 T28 54 
P-1	42 T29 45 
P0	42 T30 52 
P-1	43 T31 54 
P5	45 T32 56 
P2	48 T33 53 
NMec = 98475
Viable Sol. = 2775263833
Profit = 44894
T = 34
P = 6
Profits not ignored
Solution time = 4.189e+01
Task data
00    2  25  3016
01    3  55  7701
02    5  13  1462
03    5  14  1739
04    7  15  2050
05    7  18  1591
06   10  17   644
07   10  20   945
08   11  24  1571
09   12  24  2145
10   13  30  1503
11   13  41  4404
12   17  43  1676
13   20  30  2351
14   22  32  1557
15   23  32  2699
16   25  38  1199
17   25  41  1028
18   25  49  5557
19   27  39  1307
20   28  37  1453
21   29  39  2031
22   31  46  1904
23   33  53  4801
24   35  42  1025
25   36  46  1307
26   39  48   790
27   41  50   822
28   41  54  1031
29   42  45   637
30   42  52  1362
31   43  54  1155
32   45  56  2455
33   48  53   679
End
