P0	0 T0 5 
P1	0 T1 24 
P2	0 T2 39 
P3	3 T3 17 
P0	6 T4 26 
P4	7 T5 23 
P5	8 T6 10 
P-1	9 T7 35 
P-1	11 T8 24 
P5	13 T9 18 
P-1	13 T10 19 
P-1	14 T11 29 
P-1	14 T12 35 
P6	15 T13 30 
P-1	16 T14 22 
P-1	17 T15 28 
P-1	19 T16 27 
P-1	19 T17 33 
P3	20 T18 35 
P-1	21 T19 26 
P5	21 T20 34 
P-1	22 T21 30 
P-1	22 T22 45 
P-1	24 T23 26 
P4	24 T24 38 
P0	27 T25 30 
P1	28 T26 40 
P0	32 T27 48 
P-1	34 T28 43 
P6	34 T29 46 
P-1	37 T30 39 
P3	38 T31 42 
P5	38 T32 47 
P4	39 T33 42 
NMec = 98475
Viable Sol. = 2753889304
Profit = 41698
T = 34
P = 7
Profits not ignored
Solution time = 3.659e+01
Task data
00    0   5  1154
01    0  24  4453
02    0  39  3522
03    3  17  2417
04    6  26  2917
05    7  23  2154
06    8  10   791
07    9  35  1600
08   11  24  1477
09   13  18   947
10   13  19   491
11   14  29  1719
12   14  35  1701
13   15  30  3131
14   16  22  1110
15   17  28  1426
16   19  27   651
17   19  33   867
18   20  35  2017
19   21  26   704
20   21  34  2937
21   22  30  1691
22   22  45  1517
23   24  26   477
24   24  38  2704
25   27  30   979
26   28  40  2117
27   32  48  2333
28   34  43   823
29   34  46  3192
30   37  39   450
31   38  42   677
32   38  47  2938
33   39  42   318
End
