P-1	0 T0 12 
P0	0 T1 17 
P-1	0 T2 33 
P1	1 T3 3 
P2	3 T4 23 
P1	4 T5 7 
P3	4 T6 13 
P4	7 T7 17 
P5	7 T8 18 
P1	8 T9 19 
P-1	8 T10 25 
P6	9 T11 11 
P7	11 T12 21 
P-1	11 T13 28 
P-1	12 T14 25 
P-1	12 T15 27 
P6	13 T16 24 
P-1	13 T17 31 
P3	15 T18 25 
P-1	15 T19 29 
P0	19 T20 27 
P-1	19 T21 30 
P1	20 T22 23 
P4	23 T23 31 
P5	23 T24 33 
P1	25 T25 26 
P2	25 T26 31 
P6	25 T27 31 
P7	25 T28 40 
P3	26 T29 31 
P0	28 T30 42 
P1	29 T31 40 
P2	34 T32 39 
P3	36 T33 41 
NMec = 98475
Viable Sol. = 7362747504
Profit = 25
T = 34
P = 8
Profits ignored
Solution time = 6.057e+01
Task data
00    0  12     1
01    0  17     1
02    0  33     1
03    1   3     1
04    3  23     1
05    4   7     1
06    4  13     1
07    7  17     1
08    7  18     1
09    8  19     1
10    8  25     1
11    9  11     1
12   11  21     1
13   11  28     1
14   12  25     1
15   12  27     1
16   13  24     1
17   13  31     1
18   15  25     1
19   15  29     1
20   19  27     1
21   19  30     1
22   20  23     1
23   23  31     1
24   23  33     1
25   25  26     1
26   25  31     1
27   25  31     1
28   25  40     1
29   26  31     1
30   28  42     1
31   29  40     1
32   34  39     1
33   36  41     1
End
