P0	2 T0 22 
P-1	2 T1 63 
P1	5 T2 13 
P-1	5 T3 58 
P-1	9 T4 27 
P2	11 T5 18 
P3	13 T6 16 
P4	13 T7 23 
P-1	14 T8 36 
P-1	14 T9 58 
P-1	15 T10 44 
P1	16 T11 29 
P-1	21 T12 36 
P2	21 T13 36 
P0	23 T14 26 
P3	23 T15 33 
P4	25 T16 39 
P-1	28 T17 46 
P0	32 T18 48 
P-1	32 T19 65 
P1	33 T20 41 
P-1	35 T21 58 
P2	37 T22 50 
P3	39 T23 51 
P4	40 T24 52 
P1	42 T25 54 
P-1	44 T26 65 
P-1	47 T27 61 
P0	49 T28 65 
P2	52 T29 61 
P3	52 T30 66 
P1	56 T31 64 
P4	57 T32 64 
P2	64 T33 66 
NMec = 98475
Viable Sol. = 860660950
Profit = 22
T = 34
P = 5
Profits ignored
Solution time = 7.925e+00
Task data
00    2  22     1
01    2  63     1
02    5  13     1
03    5  58     1
04    9  27     1
05   11  18     1
06   13  16     1
07   13  23     1
08   14  36     1
09   14  58     1
10   15  44     1
11   16  29     1
12   21  36     1
13   21  36     1
14   23  26     1
15   23  33     1
16   25  39     1
17   28  46     1
18   32  48     1
19   32  65     1
20   33  41     1
21   35  58     1
22   37  50     1
23   39  51     1
24   40  52     1
25   42  54     1
26   44  65     1
27   47  61     1
28   49  65     1
29   52  61     1
30   52  66     1
31   56  64     1
32   57  64     1
33   64  66     1
End
