P0	0 T0 37 
P1	0 T1 37 
P2	2 T2 10 
P3	3 T3 19 
P4	3 T4 36 
P5	4 T5 12 
P-1	4 T6 17 
P-1	4 T7 21 
P-1	4 T8 24 
P-1	5 T9 22 
P-1	5 T10 27 
P6	6 T11 14 
P7	6 T12 16 
P-1	7 T13 9 
P8	7 T14 25 
P-1	8 T15 10 
P-1	8 T16 18 
P-1	9 T17 32 
P-1	10 T18 22 
P-1	11 T19 21 
P-1	13 T20 23 
P2	14 T21 20 
P5	14 T22 30 
P-1	15 T23 26 
P6	16 T24 33 
P-1	17 T25 27 
P7	17 T26 35 
P-1	18 T27 30 
P-1	19 T28 33 
P3	20 T29 28 
P2	22 T30 32 
P-1	24 T31 30 
P8	27 T32 37 
P3	30 T33 37 
NMec = 98475
Viable Sol. = 3228581404
Profit = 44559
T = 34
P = 9
Profits not ignored
Solution time = 2.916e+01
Task data
00    0  37  6494
01    0  37  3553
02    2  10  1115
03    3  19  3011
04    3  36  5513
05    4  12   619
06    4  17  1127
07    4  21  1660
08    4  24  2526
09    5  22  1903
10    5  27  2348
11    6  14  1268
12    6  16  1265
13    7   9   527
14    7  25  3946
15    8  10   221
16    8  18  1720
17    9  32  2289
18   10  22  1996
19   11  21  1030
20   13  23  1496
21   14  20  1197
22   14  30  4362
23   15  26  1208
24   16  33  2456
25   17  27  1652
26   17  35  4044
27   18  30  1328
28   19  33  1684
29   20  28   976
30   22  32  2955
31   24  30   688
32   27  37   864
33   30  37   921
End
