P0	1 T0 17 
P1	5 T1 144 
P-1	6 T2 160 
P-1	6 T3 166 
P-1	8 T4 31 
P-1	17 T5 23 
P0	18 T6 42 
P-1	23 T7 48 
P-1	24 T8 37 
P-1	26 T9 44 
P-1	34 T10 41 
P0	46 T11 57 
P0	64 T12 83 
P-1	65 T13 73 
P-1	70 T14 89 
P-1	71 T15 85 
P-1	82 T16 88 
P0	84 T17 92 
P-1	85 T18 88 
P-1	87 T19 166 
P0	96 T20 122 
P-1	105 T21 125 
P-1	116 T22 125 
P-1	118 T23 129 
P-1	122 T24 133 
P0	125 T25 140 
P-1	131 T26 159 
P-1	138 T27 152 
P-1	140 T28 153 
P-1	141 T29 151 
P0	141 T30 159 
P-1	154 T31 160 
P1	158 T32 169 
P0	165 T33 169 
NMec = 98475
Viable Sol. = 23890729
Profit = 53679
T = 34
P = 2
Profits not ignored
Solution time = 3.044e-01
Task data
00    1  17  1415
01    5 144 28355
02    6 160 14820
03    6 166 12162
04    8  31  4367
05   17  23   798
06   18  42  4877
07   23  48  2888
08   24  37  1105
09   26  44  2565
10   34  41   586
11   46  57  1061
12   64  83  3375
13   65  73  1855
14   70  89  2709
15   71  85  2417
16   82  88   607
17   84  92  1466
18   85  88   402
19   87 166  9705
20   96 122  4950
21  105 125  4516
22  116 125  2094
23  118 129  1248
24  122 133  2380
25  125 140  3674
26  131 159  5491
27  138 152  2615
28  140 153  2153
29  141 151  1856
30  141 159  3018
31  154 160   793
32  158 169   989
33  165 169   499
End
