P-1	1 T0 17 
P-1	5 T1 144 
P-1	6 T2 160 
P-1	6 T3 166 
P0	8 T4 31 
P1	17 T5 23 
P-1	18 T6 42 
P-1	23 T7 48 
P-1	24 T8 37 
P1	26 T9 44 
P0	34 T10 41 
P0	46 T11 57 
P0	64 T12 83 
P1	65 T13 73 
P-1	70 T14 89 
P-1	71 T15 85 
P-1	82 T16 88 
P0	84 T17 92 
P1	85 T18 88 
P-1	87 T19 166 
P0	96 T20 122 
P-1	105 T21 125 
P-1	116 T22 125 
P-1	118 T23 129 
P1	122 T24 133 
P0	125 T25 140 
P-1	131 T26 159 
P-1	138 T27 152 
P1	140 T28 153 
P0	141 T29 151 
P-1	141 T30 159 
P0	154 T31 160 
P1	158 T32 169 
P0	165 T33 169 
NMec = 98475
Viable Sol. = 23890729
Profit = 17
T = 34
P = 2
Profits ignored
Solution time = 1.841e-01
Task data
00    1  17     1
01    5 144     1
02    6 160     1
03    6 166     1
04    8  31     1
05   17  23     1
06   18  42     1
07   23  48     1
08   24  37     1
09   26  44     1
10   34  41     1
11   46  57     1
12   64  83     1
13   65  73     1
14   70  89     1
15   71  85     1
16   82  88     1
17   84  92     1
18   85  88     1
19   87 166     1
20   96 122     1
21  105 125     1
22  116 125     1
23  118 129     1
24  122 133     1
25  125 140     1
26  131 159     1
27  138 152     1
28  140 153     1
29  141 151     1
30  141 159     1
31  154 160     1
32  158 169     1
33  165 169     1
End
