P0	0 T0 5 
P-1	0 T1 24 
P-1	0 T2 39 
P1	3 T3 17 
P-1	6 T4 26 
P0	7 T5 23 
P2	8 T6 10 
P-1	9 T7 35 
P-1	11 T8 24 
P2	13 T9 18 
P3	13 T10 19 
P-1	14 T11 29 
P-1	14 T12 35 
P-1	15 T13 30 
P4	16 T14 22 
P-1	17 T15 28 
P-1	19 T16 27 
P1	19 T17 33 
P2	20 T18 35 
P3	21 T19 26 
P5	21 T20 34 
P6	22 T21 30 
P-1	22 T22 45 
P0	24 T23 26 
P4	24 T24 38 
P0	27 T25 30 
P-1	28 T26 40 
P0	32 T27 48 
P1	34 T28 43 
P3	34 T29 46 
P2	37 T30 39 
P5	38 T31 42 
P6	38 T32 47 
P4	39 T33 42 
NMec = 98475
Viable Sol. = 2753889304
Profit = 22
T = 34
P = 7
Profits ignored
Solution time = 2.542e+01
Task data
00    0   5     1
01    0  24     1
02    0  39     1
03    3  17     1
04    6  26     1
05    7  23     1
06    8  10     1
07    9  35     1
08   11  24     1
09   13  18     1
10   13  19     1
11   14  29     1
12   14  35     1
13   15  30     1
14   16  22     1
15   17  28     1
16   19  27     1
17   19  33     1
18   20  35     1
19   21  26     1
20   21  34     1
21   22  30     1
22   22  45     1
23   24  26     1
24   24  38     1
25   27  30     1
26   28  40     1
27   32  48     1
28   34  43     1
29   34  46     1
30   37  39     1
31   38  42     1
32   38  47     1
33   39  42     1
End
