P0	0 T0 8 
P1	0 T1 18 
P-1	0 T2 22 
P2	1 T3 7 
P3	1 T4 20 
P4	2 T5 12 
P5	2 T6 21 
P6	2 T7 26 
P-1	2 T8 27 
P-1	3 T9 12 
P-1	3 T10 13 
P7	3 T11 33 
P-1	4 T12 15 
P8	5 T13 12 
P-1	6 T14 8 
P-1	6 T15 19 
P9	7 T16 26 
P0	9 T17 22 
P-1	9 T18 26 
P-1	9 T19 26 
P-1	9 T20 29 
P2	9 T21 29 
P-1	10 T22 30 
P-1	12 T23 24 
P4	13 T24 15 
P8	13 T25 15 
P-1	13 T26 27 
P-1	15 T27 22 
P4	18 T28 30 
P8	18 T29 30 
P1	22 T30 27 
P0	24 T31 31 
P3	24 T32 33 
P1	31 T33 33 
NMec = 98475
Viable Sol. = 6168500840
Profit = 51080
T = 34
P = 10
Profits not ignored
Solution time = 4.893e+01
Task data
00    0   8  1154
01    0  18  3819
02    0  22  1908
03    1   7   796
04    1  20  3805
05    2  12  2147
06    2  21  4053
07    2  26  5548
08    2  27  3273
09    3  12  1067
10    3  13  1399
11    3  33  4410
12    4  15  1349
13    5  12  1780
14    6   8   456
15    6  19  1371
16    7  26  4841
17    9  22  3312
18    9  26  2246
19    9  26  2730
20    9  29  1791
21    9  29  5984
22   10  30  2412
23   12  24  1715
24   13  15   432
25   13  15   329
26   13  27  1817
27   15  22   720
28   18  30  1829
29   18  30  2622
30   22  27  1021
31   24  31  1326
32   24  33  1611
33   31  33   261
End
