P0	0 T0 8 
P-1	0 T1 18 
P-1	0 T2 22 
P1	1 T3 7 
P-1	1 T4 20 
P2	2 T5 12 
P-1	2 T6 21 
P-1	2 T7 26 
P-1	2 T8 27 
P3	3 T9 12 
P4	3 T10 13 
P-1	3 T11 33 
P-1	4 T12 15 
P5	5 T13 12 
P6	6 T14 8 
P7	6 T15 19 
P-1	7 T16 26 
P0	9 T17 22 
P-1	9 T18 26 
P-1	9 T19 26 
P1	9 T20 29 
P6	9 T21 29 
P8	10 T22 30 
P9	12 T23 24 
P2	13 T24 15 
P3	13 T25 15 
P5	13 T26 27 
P4	15 T27 22 
P2	18 T28 30 
P3	18 T29 30 
P7	22 T30 27 
P0	24 T31 31 
P4	24 T32 33 
P1	31 T33 33 
NMec = 98475
Viable Sol. = 6168500840
Profit = 23
T = 34
P = 10
Profits ignored
Solution time = 5.134e+01
Task data
00    0   8     1
01    0  18     1
02    0  22     1
03    1   7     1
04    1  20     1
05    2  12     1
06    2  21     1
07    2  26     1
08    2  27     1
09    3  12     1
10    3  13     1
11    3  33     1
12    4  15     1
13    5  12     1
14    6   8     1
15    6  19     1
16    7  26     1
17    9  22     1
18    9  26     1
19    9  26     1
20    9  29     1
21    9  29     1
22   10  30     1
23   12  24     1
24   13  15     1
25   13  15     1
26   13  27     1
27   15  22     1
28   18  30     1
29   18  30     1
30   22  27     1
31   24  31     1
32   24  33     1
33   31  33     1
End
