P0	13 T0 17 
P0	37 T1 47 
P-1	41 T2 59 
P0	51 T3 59 
P0	60 T4 73 
P-1	59 T5 81 
P-1	70 T6 82 
P0	85 T7 104 
P-1	102 T8 104 
P-1	101 T9 110 
P-1	102 T10 110 
P0	109 T11 115 
P0	135 T12 141 
P-1	135 T13 155 
P-1	133 T14 156 
P0	152 T15 163 
P-1	149 T16 168 
P-1	148 T17 176 
P0	174 T18 185 
P-1	173 T19 192 
P0	196 T20 215 
P-1	202 T21 220 
P0	217 T22 224 
P-1	219 T23 225 
P-1	221 T24 228 
P0	231 T25 243 
P-1	242 T26 255 
P0	248 T27 259 
P0	263 T28 270 
P-1	93 T29 271 
P0	293 T30 294 
P0	295 T31 304 
P-1	44 T32 315 
P-1	108 T33 327 
P0	324 T34 346 
NMec = 98475
Viable Sol. = 0
Profit = 17
T = 35
P = 1
Profits ignored
Solution time = 8.010e-06
Task data
00   13  17     1
01   37  47     1
02   41  59     1
03   51  59     1
04   60  73     1
05   59  81     1
06   70  82     1
07   85 104     1
08  102 104     1
09  101 110     1
10  102 110     1
11  109 115     1
12  135 141     1
13  135 155     1
14  133 156     1
15  152 163     1
16  149 168     1
17  148 176     1
18  174 185     1
19  173 192     1
20  196 215     1
21  202 220     1
22  217 224     1
23  219 225     1
24  221 228     1
25  231 243     1
26  242 255     1
27  248 259     1
28  263 270     1
29   93 271     1
30  293 294     1
31  295 304     1
32   44 315     1
33  108 327     1
34  324 346     1
End
