P0	0 T0 14 
P-1	0 T1 18 
P-1	0 T2 20 
P1	0 T3 35 
P2	0 T4 38 
P3	1 T5 14 
P4	1 T6 28 
P5	1 T7 29 
P-1	2 T8 9 
P6	3 T9 11 
P7	4 T10 30 
P8	5 T11 6 
P-1	5 T12 33 
P-1	6 T13 19 
P-1	6 T14 20 
P-1	9 T15 21 
P8	9 T16 25 
P-1	9 T17 29 
P-1	10 T18 28 
P-1	11 T19 18 
P-1	11 T20 22 
P-1	12 T21 27 
P6	13 T22 21 
P0	15 T23 31 
P-1	16 T24 18 
P-1	16 T25 29 
P-1	17 T26 29 
P3	17 T27 33 
P-1	18 T28 25 
P-1	20 T29 26 
P-1	20 T30 27 
P6	24 T31 31 
P8	28 T32 38 
P4	30 T33 31 
P0	34 T34 36 
NMec = 98475
Viable Sol. = 4323141624
Profit = 49683
T = 35
P = 9
Profits not ignored
Solution time = 3.601e+01
Task data
00    0  14  4334
01    0  18  2021
02    0  20  2219
03    0  35  4505
04    0  38  6864
05    1  14  3296
06    1  28  4439
07    1  29  5237
08    2   9  1231
09    3  11  1259
10    4  30  4481
11    5   6   464
12    5  33  3201
13    6  19  1676
14    6  20  2436
15    9  21  1206
16    9  25  3809
17    9  29  3223
18   10  28  1405
19   11  18   792
20   11  22  1809
21   12  27  2285
22   13  21  1982
23   15  31  2859
24   16  18   465
25   16  29  2089
26   17  29  1799
27   17  33  3653
28   18  25  1205
29   20  26  1488
30   20  27  1536
31   24  31  1067
32   28  38   903
33   30  31   139
34   34  36   392
End
