P-1	0 T0 41 
P-1	0 T1 43 
P-1	4 T2 17 
P0	6 T3 12 
P1	6 T4 22 
P2	10 T5 15 
P3	11 T6 22 
P4	12 T7 16 
P5	12 T8 20 
P6	12 T9 21 
P-1	13 T10 47 
P0	14 T11 23 
P-1	14 T12 35 
P-1	15 T13 26 
P-1	15 T14 35 
P-1	17 T15 27 
P-1	17 T16 27 
P-1	18 T17 41 
P2	19 T18 25 
P4	19 T19 26 
P5	22 T20 27 
P1	23 T21 34 
P0	24 T22 31 
P3	24 T23 32 
P6	24 T24 32 
P2	28 T25 48 
P4	29 T26 32 
P5	29 T27 42 
P0	32 T28 44 
P3	33 T29 40 
P4	34 T30 37 
P6	34 T31 38 
P1	36 T32 45 
P4	40 T33 48 
P0	47 T34 49 
NMec = 98475
Viable Sol. = 7119429676
Profit = 25
T = 35
P = 7
Profits ignored
Solution time = 6.157e+01
Task data
00    0  41     1
01    0  43     1
02    4  17     1
03    6  12     1
04    6  22     1
05   10  15     1
06   11  22     1
07   12  16     1
08   12  20     1
09   12  21     1
10   13  47     1
11   14  23     1
12   14  35     1
13   15  26     1
14   15  35     1
15   17  27     1
16   17  27     1
17   18  41     1
18   19  25     1
19   19  26     1
20   22  27     1
21   23  34     1
22   24  31     1
23   24  32     1
24   24  32     1
25   28  48     1
26   29  32     1
27   29  42     1
28   32  44     1
29   33  40     1
30   34  37     1
31   34  38     1
32   36  45     1
33   40  48     1
34   47  49     1
End
