P0	0 T0 20 
P1	3 T1 15 
P2	9 T2 29 
P3	9 T3 30 
P4	10 T4 60 
P-1	12 T5 23 
P-1	12 T6 55 
P-1	13 T7 14 
P-1	15 T8 23 
P-1	15 T9 69 
P-1	17 T10 30 
P-1	19 T11 34 
P0	21 T12 31 
P1	21 T13 37 
P-1	22 T14 37 
P-1	26 T15 31 
P-1	27 T16 50 
P2	30 T17 33 
P-1	30 T18 38 
P-1	31 T19 46 
P0	33 T20 37 
P2	34 T21 56 
P-1	35 T22 42 
P3	35 T23 48 
P-1	36 T24 64 
P-1	37 T25 47 
P-1	38 T26 60 
P-1	40 T27 53 
P0	41 T28 55 
P1	41 T29 59 
P-1	42 T30 49 
P-1	45 T31 65 
P-1	46 T32 50 
P3	49 T33 62 
P0	67 T34 69 
NMec = 98475
Viable Sol. = 836747882
Profit = 49054
T = 35
P = 5
Profits not ignored
Solution time = 1.271e+01
Task data
00    0  20  2083
01    3  15  1380
02    9  29  2678
03    9  30  3545
04   10  60 13149
05   12  23  1298
06   12  55  5328
07   13  14   266
08   15  23  1136
09   15  69  6977
10   17  30  1205
11   19  34  1362
12   21  31  1751
13   21  37  3021
14   22  37  1578
15   26  31   833
16   27  50  4317
17   30  33   818
18   30  38  1154
19   31  46  2113
20   33  37  1153
21   34  56  5346
22   35  42   884
23   35  48  2889
24   36  64  2960
25   37  47  1143
26   38  60  3475
27   40  53  1293
28   41  55  3637
29   41  59  4173
30   42  49  1037
31   45  65  2695
32   46  50  1104
33   49  62  3126
34   67  69   305
End
