P-1	2 T0 17 
P-1	3 T1 35 
P0	4 T2 15 
P1	5 T3 21 
P2	5 T4 29 
P3	6 T5 26 
P4	7 T6 13 
P5	8 T7 17 
P6	8 T8 19 
P7	11 T9 22 
P-1	13 T10 38 
P-1	14 T11 43 
P0	16 T12 25 
P-1	17 T13 35 
P-1	18 T14 38 
P4	19 T15 30 
P5	20 T16 33 
P-1	21 T17 41 
P-1	23 T18 40 
P1	24 T19 31 
P-1	24 T20 36 
P-1	24 T21 41 
P-1	25 T22 34 
P-1	25 T23 40 
P-1	26 T24 37 
P-1	26 T25 38 
P0	26 T26 41 
P3	27 T27 38 
P6	28 T28 40 
P2	31 T29 39 
P1	32 T30 39 
P4	34 T31 39 
P5	34 T32 41 
P7	34 T33 42 
P1	40 T34 43 
NMec = 98475
Viable Sol. = 4200625872
Profit = 21
T = 35
P = 8
Profits ignored
Solution time = 4.337e+01
Task data
00    2  17     1
01    3  35     1
02    4  15     1
03    5  21     1
04    5  29     1
05    6  26     1
06    7  13     1
07    8  17     1
08    8  19     1
09   11  22     1
10   13  38     1
11   14  43     1
12   16  25     1
13   17  35     1
14   18  38     1
15   19  30     1
16   20  33     1
17   21  41     1
18   23  40     1
19   24  31     1
20   24  36     1
21   24  41     1
22   25  34     1
23   25  40     1
24   26  37     1
25   26  38     1
26   26  41     1
27   27  38     1
28   28  40     1
29   31  39     1
30   32  39     1
31   34  39     1
32   34  41     1
33   34  42     1
34   40  43     1
End
