P0	0 T0 3 
P0	9 T1 131 
P-1	11 T2 48 
P1	17 T3 165 
P-1	27 T4 136 
P-1	33 T5 70 
P-1	42 T6 106 
P-1	43 T7 55 
P-1	45 T8 58 
P-1	46 T9 126 
P-1	49 T10 54 
P-1	50 T11 173 
P-1	54 T12 68 
P-1	54 T13 154 
P-1	55 T14 78 
P-1	59 T15 67 
P-1	59 T16 73 
P-1	61 T17 87 
P-1	62 T18 73 
P-1	70 T19 148 
P-1	73 T20 100 
P-1	75 T21 82 
P-1	77 T22 85 
P-1	84 T23 98 
P-1	86 T24 91 
P-1	95 T25 102 
P-1	105 T26 127 
P-1	115 T27 129 
P-1	118 T28 144 
P-1	124 T29 141 
P-1	129 T30 151 
P-1	130 T31 149 
P0	134 T32 141 
P0	142 T33 149 
P0	154 T34 172 
NMec = 98475
Viable Sol. = 4137476
Profit = 64695
T = 35
P = 2
Profits not ignored
Solution time = 5.587e-02
Task data
00    0   3   586
01    9 131 24197
02   11  48  2785
03   17 165 33291
04   27 136 13691
05   33  70  4426
06   42 106  8577
07   43  55  1006
08   45  58  1371
09   46 126 11262
10   49  54   701
11   50 173 15149
12   54  68  1564
13   54 154 10709
14   55  78  5460
15   59  67   616
16   59  73  3192
17   61  87  2327
18   62  73  1173
19   70 148  9659
20   73 100  2900
21   75  82  1166
22   77  85  2159
23   84  98  2183
24   86  91  1162
25   95 102   754
26  105 127  5700
27  115 129  3300
28  118 144  2008
29  124 141  2158
30  129 151  2141
31  130 149  2277
32  134 141  1970
33  142 149  1104
34  154 172  3547
End
