P0	0 T0 20 
P1	3 T1 15 
P2	9 T2 29 
P-1	9 T3 30 
P-1	10 T4 60 
P3	12 T5 23 
P-1	12 T6 55 
P4	13 T7 14 
P4	15 T8 23 
P-1	15 T9 69 
P-1	17 T10 30 
P-1	19 T11 34 
P0	21 T12 31 
P-1	21 T13 37 
P1	22 T14 37 
P3	26 T15 31 
P-1	27 T16 50 
P2	30 T17 33 
P4	30 T18 38 
P-1	31 T19 46 
P0	33 T20 37 
P-1	34 T21 56 
P2	35 T22 42 
P-1	35 T23 48 
P-1	36 T24 64 
P3	37 T25 47 
P-1	38 T26 60 
P-1	40 T27 53 
P-1	41 T28 55 
P0	41 T29 59 
P1	42 T30 49 
P2	45 T31 65 
P4	46 T32 50 
P3	49 T33 62 
P0	67 T34 69 
NMec = 98475
Viable Sol. = 836747882
Profit = 20
T = 35
P = 5
Profits ignored
Solution time = 8.164e+00
Task data
00    0  20     1
01    3  15     1
02    9  29     1
03    9  30     1
04   10  60     1
05   12  23     1
06   12  55     1
07   13  14     1
08   15  23     1
09   15  69     1
10   17  30     1
11   19  34     1
12   21  31     1
13   21  37     1
14   22  37     1
15   26  31     1
16   27  50     1
17   30  33     1
18   30  38     1
19   31  46     1
20   33  37     1
21   34  56     1
22   35  42     1
23   35  48     1
24   36  64     1
25   37  47     1
26   38  60     1
27   40  53     1
28   41  55     1
29   41  59     1
30   42  49     1
31   45  65     1
32   46  50     1
33   49  62     1
34   67  69     1
End
