P-1	0 T0 41 
P0	0 T1 43 
P1	4 T2 17 
P2	6 T3 12 
P3	6 T4 22 
P4	10 T5 15 
P-1	11 T6 22 
P-1	12 T7 16 
P-1	12 T8 20 
P-1	12 T9 21 
P2	13 T10 47 
P-1	14 T11 23 
P-1	14 T12 35 
P5	15 T13 26 
P6	15 T14 35 
P4	17 T15 27 
P-1	17 T16 27 
P1	18 T17 41 
P-1	19 T18 25 
P-1	19 T19 26 
P-1	22 T20 27 
P-1	23 T21 34 
P3	24 T22 31 
P-1	24 T23 32 
P-1	24 T24 32 
P4	28 T25 48 
P5	29 T26 32 
P-1	29 T27 42 
P3	32 T28 44 
P-1	33 T29 40 
P-1	34 T30 37 
P5	34 T31 38 
P6	36 T32 45 
P5	40 T33 48 
P0	47 T34 49 
NMec = 98475
Viable Sol. = 7119429676
Profit = 42835
T = 35
P = 7
Profits not ignored
Solution time = 9.271e+01
Task data
00    0  41  3756
01    0  43  4289
02    4  17  2431
03    6  12   807
04    6  22  3296
05   10  15  1428
06   11  22  1780
07   12  16   973
08   12  20  1543
09   12  21  1041
10   13  47  4697
11   14  23  1921
12   14  35  2677
13   15  26  3024
14   15  35  3644
15   17  27  2175
16   17  27   884
17   18  41  3505
18   19  25   972
19   19  26  1389
20   22  27   714
21   23  34  1560
22   24  31   803
23   24  32   712
24   24  32   922
25   28  48  4741
26   29  32   458
27   29  42  1130
28   32  44  3050
29   33  40   728
30   34  37   721
31   34  38   734
32   36  45  2464
33   40  48   807
34   47  49   482
End
