P-1	0 T0 49 
P0	1 T1 47 
P1	1 T2 57 
P2	2 T3 58 
P3	3 T4 11 
P4	3 T5 19 
P-1	5 T6 43 
P-1	7 T7 22 
P5	8 T8 24 
P-1	9 T9 22 
P-1	10 T10 14 
P-1	10 T11 30 
P-1	15 T12 31 
P3	16 T13 30 
P-1	18 T14 35 
P-1	18 T15 39 
P-1	19 T16 28 
P-1	20 T17 27 
P4	20 T18 37 
P-1	22 T19 29 
P-1	23 T20 36 
P-1	23 T21 37 
P-1	24 T22 40 
P5	25 T23 39 
P-1	28 T24 37 
P-1	30 T25 41 
P-1	32 T26 47 
P-1	34 T27 48 
P3	36 T28 53 
P-1	37 T29 45 
P-1	38 T30 53 
P4	38 T31 53 
P-1	39 T32 47 
P5	42 T33 57 
P-1	43 T34 53 
NMec = 98475
Viable Sol. = 875692371
Profit = 56388
T = 35
P = 6
Profits not ignored
Solution time = 1.340e+01
Task data
00    0  49  4368
01    1  47 10612
02    1  57  7475
03    2  58 13205
04    3  11  1802
05    3  19  2788
06    5  43  6970
07    7  22  1648
08    8  24  3167
09    9  22  1414
10   10  14   651
11   10  30  1814
12   15  31  1141
13   16  30  1950
14   18  35  1422
15   18  39  3450
16   19  28   833
17   20  27   955
18   20  37  4226
19   22  29   967
20   23  36  2616
21   23  37  1717
22   24  40  1161
23   25  39  2761
24   28  37  1390
25   30  41  1896
26   32  47  1909
27   34  48  2267
28   36  53  4411
29   37  45  1450
30   38  53  1490
31   38  53  2254
32   39  47   818
33   42  57  1737
34   43  53  1675
End
