P0	0 T0 6 
P-1	0 T1 85 
P-1	0 T2 86 
P-1	1 T3 10 
P-1	1 T4 11 
P-1	4 T5 27 
P1	5 T6 18 
P2	5 T7 19 
P3	6 T8 10 
P0	10 T9 22 
P3	14 T10 21 
P-1	17 T11 58 
P1	22 T12 34 
P0	24 T13 43 
P-1	25 T14 71 
P-1	33 T15 52 
P1	38 T16 46 
P2	38 T17 48 
P0	45 T18 49 
P3	45 T19 52 
P1	48 T20 58 
P-1	57 T21 71 
P-1	58 T22 75 
P-1	58 T23 78 
P-1	61 T24 71 
P0	62 T25 64 
P-1	62 T26 76 
P-1	62 T27 77 
P1	64 T28 76 
P-1	64 T29 83 
P0	66 T30 69 
P2	68 T31 87 
P3	69 T32 83 
P0	73 T33 83 
P1	79 T34 85 
NMec = 98475
Viable Sol. = 921032073
Profit = 20
T = 35
P = 4
Profits ignored
Solution time = 8.971e+00
Task data
00    0   6     1
01    0  85     1
02    0  86     1
03    1  10     1
04    1  11     1
05    4  27     1
06    5  18     1
07    5  19     1
08    6  10     1
09   10  22     1
10   14  21     1
11   17  58     1
12   22  34     1
13   24  43     1
14   25  71     1
15   33  52     1
16   38  46     1
17   38  48     1
18   45  49     1
19   45  52     1
20   48  58     1
21   57  71     1
22   58  75     1
23   58  78     1
24   61  71     1
25   62  64     1
26   62  76     1
27   62  77     1
28   64  76     1
29   64  83     1
30   66  69     1
31   68  87     1
32   69  83     1
33   73  83     1
34   79  85     1
End
