P0	0 T0 14 
P-1	0 T1 18 
P-1	0 T2 20 
P-1	0 T3 35 
P-1	0 T4 38 
P1	1 T5 14 
P-1	1 T6 28 
P-1	1 T7 29 
P2	2 T8 9 
P3	3 T9 11 
P-1	4 T10 30 
P4	5 T11 6 
P-1	5 T12 33 
P-1	6 T13 19 
P-1	6 T14 20 
P-1	9 T15 21 
P-1	9 T16 25 
P-1	9 T17 29 
P-1	10 T18 28 
P2	11 T19 18 
P-1	11 T20 22 
P3	12 T21 27 
P4	13 T22 21 
P0	15 T23 31 
P1	16 T24 18 
P5	16 T25 29 
P6	17 T26 29 
P7	17 T27 33 
P8	18 T28 25 
P1	20 T29 26 
P2	20 T30 27 
P4	24 T31 31 
P1	28 T32 38 
P2	30 T33 31 
P0	34 T34 36 
NMec = 98475
Viable Sol. = 4323141624
Profit = 20
T = 35
P = 9
Profits ignored
Solution time = 3.681e+01
Task data
00    0  14     1
01    0  18     1
02    0  20     1
03    0  35     1
04    0  38     1
05    1  14     1
06    1  28     1
07    1  29     1
08    2   9     1
09    3  11     1
10    4  30     1
11    5   6     1
12    5  33     1
13    6  19     1
14    6  20     1
15    9  21     1
16    9  25     1
17    9  29     1
18   10  28     1
19   11  18     1
20   11  22     1
21   12  27     1
22   13  21     1
23   15  31     1
24   16  18     1
25   16  29     1
26   17  29     1
27   17  33     1
28   18  25     1
29   20  26     1
30   20  27     1
31   24  31     1
32   28  38     1
33   30  31     1
34   34  36     1
End
