P-1	7 T0 52 
P0	10 T1 13 
P-1	15 T2 28 
P-1	16 T3 65 
P0	17 T4 37 
P1	19 T5 21 
P2	20 T6 33 
P1	24 T7 37 
P-1	27 T8 29 
P-1	27 T9 33 
P-1	27 T10 38 
P-1	30 T11 43 
P2	35 T12 45 
P0	38 T13 40 
P1	38 T14 57 
P0	46 T15 68 
P-1	47 T16 65 
P2	47 T17 70 
P-1	54 T18 64 
P-1	55 T19 64 
P-1	59 T20 70 
P-1	60 T21 73 
P1	61 T22 74 
P-1	61 T23 74 
P-1	62 T24 73 
P0	70 T25 93 
P1	78 T26 87 
P2	79 T27 82 
P-1	85 T28 91 
P1	88 T29 96 
P-1	88 T30 107 
P-1	89 T31 110 
P2	91 T32 110 
P0	98 T33 108 
P1	102 T34 108 
NMec = 98475
Viable Sol. = 435674544
Profit = 42906
T = 35
P = 3
Profits not ignored
Solution time = 5.777e+00
Task data
00    7  52  3371
01   10  13   416
02   15  28   819
03   16  65  5966
04   17  37  2246
05   19  21   665
06   20  33  2447
07   24  37  3699
08   27  29   342
09   27  33  1219
10   27  38  2380
11   30  43  1976
12   35  45  1222
13   38  40   561
14   38  57  3296
15   46  68  4498
16   47  65  3431
17   47  70  5300
18   54  64  1803
19   55  64   924
20   59  70  2138
21   60  73  1970
22   61  74  2630
23   61  74  2084
24   62  73  1165
25   70  93  5184
26   78  87  2822
27   79  82   473
28   85  91  1264
29   88  96  1994
30   88 107  1649
31   89 110  2356
32   91 110  2904
33   98 108  1911
34  102 108   638
End
