P-1	7 T0 52 
P0	10 T1 13 
P-1	15 T2 28 
P-1	16 T3 65 
P-1	17 T4 37 
P0	19 T5 21 
P-1	20 T6 33 
P0	24 T7 37 
P1	27 T8 29 
P2	27 T9 33 
P-1	27 T10 38 
P-1	30 T11 43 
P1	35 T12 45 
P0	38 T13 40 
P2	38 T14 57 
P-1	46 T15 68 
P-1	47 T16 65 
P-1	47 T17 70 
P-1	54 T18 64 
P-1	55 T19 64 
P-1	59 T20 70 
P-1	60 T21 73 
P0	61 T22 74 
P1	61 T23 74 
P2	62 T24 73 
P-1	70 T25 93 
P0	78 T26 87 
P1	79 T27 82 
P1	85 T28 91 
P0	88 T29 96 
P-1	88 T30 107 
P-1	89 T31 110 
P2	91 T32 110 
P0	98 T33 108 
P1	102 T34 108 
NMec = 98475
Viable Sol. = 435674544
Profit = 18
T = 35
P = 3
Profits ignored
Solution time = 3.982e+00
Task data
00    7  52     1
01   10  13     1
02   15  28     1
03   16  65     1
04   17  37     1
05   19  21     1
06   20  33     1
07   24  37     1
08   27  29     1
09   27  33     1
10   27  38     1
11   30  43     1
12   35  45     1
13   38  40     1
14   38  57     1
15   46  68     1
16   47  65     1
17   47  70     1
18   54  64     1
19   55  64     1
20   59  70     1
21   60  73     1
22   61  74     1
23   61  74     1
24   62  73     1
25   70  93     1
26   78  87     1
27   79  82     1
28   85  91     1
29   88  96     1
30   88 107     1
31   89 110     1
32   91 110     1
33   98 108     1
34  102 108     1
End
