P0	0 T0 7 
P1	0 T1 17 
P2	1 T2 23 
P3	1 T3 23 
P4	2 T4 12 
P5	3 T5 18 
P6	3 T6 28 
P7	5 T7 26 
P8	6 T8 13 
P9	7 T9 11 
P-1	9 T10 32 
P0	10 T11 18 
P-1	10 T12 28 
P4	13 T13 20 
P-1	13 T14 24 
P-1	13 T15 25 
P-1	13 T16 31 
P-1	14 T17 15 
P-1	14 T18 16 
P-1	14 T19 23 
P8	14 T20 31 
P9	14 T21 31 
P-1	15 T22 31 
P-1	15 T23 33 
P-1	16 T24 25 
P-1	16 T25 34 
P1	18 T26 33 
P0	19 T27 34 
P-1	20 T28 27 
P4	21 T29 34 
P-1	23 T30 31 
P5	23 T31 32 
P2	24 T32 32 
P3	24 T33 34 
P6	31 T34 33 
NMec = 98475
Viable Sol. = 10154422808
Profit = 49954
T = 35
P = 10
Profits not ignored
Solution time = 1.005e+02
Task data
00    0   7  1089
01    0  17  3385
02    1  23  2890
03    1  23  3450
04    2  12   761
05    3  18  3370
06    3  28  5643
07    5  26  3618
08    6  13   920
09    7  11   573
10    9  32  2841
11   10  18  1772
12   10  28  1165
13   13  20  1410
14   13  24  1425
15   13  25  1350
16   13  31  1858
17   14  15   284
18   14  16   557
19   14  23  1982
20   14  31  3020
21   14  31  4425
22   15  31  2113
23   15  33  1652
24   16  25  1327
25   16  34  2414
26   18  33  2784
27   19  34  3163
28   20  27  1079
29   21  34  1748
30   23  31   963
31   23  32  2007
32   24  32   795
33   24  34  2632
34   31  33   499
End
