P0	0 T0 7 
P1	0 T1 17 
P-1	1 T2 23 
P2	1 T3 23 
P3	2 T4 12 
P4	3 T5 18 
P-1	3 T6 28 
P-1	5 T7 26 
P5	6 T8 13 
P6	7 T9 11 
P-1	9 T10 32 
P0	10 T11 18 
P-1	10 T12 28 
P3	13 T13 20 
P-1	13 T14 24 
P-1	13 T15 25 
P-1	13 T16 31 
P5	14 T17 15 
P6	14 T18 16 
P7	14 T19 23 
P-1	14 T20 31 
P-1	14 T21 31 
P-1	15 T22 31 
P-1	15 T23 33 
P5	16 T24 25 
P8	16 T25 34 
P1	18 T26 33 
P0	19 T27 34 
P4	20 T28 27 
P3	21 T29 34 
P6	23 T30 31 
P9	23 T31 32 
P2	24 T32 32 
P7	24 T33 34 
P4	31 T34 33 
NMec = 98475
Viable Sol. = 10154422808
Profit = 23
T = 35
P = 10
Profits ignored
Solution time = 9.762e+01
Task data
00    0   7     1
01    0  17     1
02    1  23     1
03    1  23     1
04    2  12     1
05    3  18     1
06    3  28     1
07    5  26     1
08    6  13     1
09    7  11     1
10    9  32     1
11   10  18     1
12   10  28     1
13   13  20     1
14   13  24     1
15   13  25     1
16   13  31     1
17   14  15     1
18   14  16     1
19   14  23     1
20   14  31     1
21   14  31     1
22   15  31     1
23   15  33     1
24   16  25     1
25   16  34     1
26   18  33     1
27   19  34     1
28   20  27     1
29   21  34     1
30   23  31     1
31   23  32     1
32   24  32     1
33   24  34     1
34   31  33     1
End
