P0	0 T0 25 
P1	2 T1 11 
P-1	2 T2 12 
P2	2 T3 28 
P-1	4 T4 12 
P3	4 T5 43 
P4	6 T6 14 
P-1	6 T7 20 
P-1	6 T8 25 
P-1	7 T9 22 
P5	8 T10 15 
P-1	9 T11 21 
P-1	9 T12 30 
P6	9 T13 30 
P-1	10 T14 32 
P-1	11 T15 16 
P-1	12 T16 14 
P1	12 T17 16 
P-1	12 T18 24 
P7	12 T19 35 
P4	15 T20 43 
P-1	16 T21 39 
P1	17 T22 40 
P-1	18 T23 28 
P-1	18 T24 35 
P-1	19 T25 29 
P-1	19 T26 38 
P5	20 T27 22 
P-1	23 T28 29 
P5	23 T29 36 
P-1	24 T30 33 
P0	26 T31 38 
P2	33 T32 42 
P6	34 T33 37 
P5	37 T34 42 
P6	38 T35 43 
NMec = 98475
Viable Sol. = 8780805007
Profit = 51210
T = 36
P = 8
Profits not ignored
Solution time = 1.164e+02
Task data
00    0  25  5049
01    2  11   681
02    2  12   846
03    2  28  5132
04    4  12   765
05    4  43  5684
06    6  14  1131
07    6  20  2001
08    6  25  2688
09    7  22  1964
10    8  15  1327
11    9  21  1443
12    9  30  3008
13    9  30  4719
14   10  32  2031
15   11  16  1314
16   12  14   402
17   12  16  1333
18   12  24  2356
19   12  35  4963
20   15  43  4733
21   16  39  1763
22   17  40  4120
23   18  28  1590
24   18  35  1834
25   19  29  1688
26   19  38  3541
27   20  22   813
28   23  29  2021
29   23  36  3016
30   24  33  2338
31   26  38  3318
32   33  42  2266
33   34  37   724
34   37  42  1309
35   38  43   892
End
