P0	3 T0 26 
P1	6 T1 9 
P-1	21 T2 123 
P1	22 T3 32 
P0	35 T4 37 
P-1	36 T5 51 
P-1	42 T6 62 
P-1	43 T7 60 
P0	44 T8 53 
P-1	44 T9 58 
P1	48 T10 68 
P0	58 T11 60 
P-1	58 T12 81 
P-1	59 T13 75 
P-1	67 T14 85 
P0	68 T15 80 
P-1	68 T16 85 
P1	71 T17 86 
P-1	73 T18 175 
P-1	80 T19 103 
P0	85 T20 98 
P1	88 T21 90 
P-1	100 T22 118 
P-1	107 T23 111 
P0	111 T24 132 
P1	111 T25 134 
P-1	125 T26 148 
P-1	128 T27 147 
P-1	129 T28 152 
P-1	134 T29 176 
P-1	138 T30 142 
P0	138 T31 142 
P1	139 T32 143 
P0	145 T33 160 
P1	158 T34 171 
P0	163 T35 179 
NMec = 98475
Viable Sol. = 95519402
Profit = 18
T = 36
P = 2
Profits ignored
Solution time = 7.507e-01
Task data
00    3  26     1
01    6   9     1
02   21 123     1
03   22  32     1
04   35  37     1
05   36  51     1
06   42  62     1
07   43  60     1
08   44  53     1
09   44  58     1
10   48  68     1
11   58  60     1
12   58  81     1
13   59  75     1
14   67  85     1
15   68  80     1
16   68  85     1
17   71  86     1
18   73 175     1
19   80 103     1
20   85  98     1
21   88  90     1
22  100 118     1
23  107 111     1
24  111 132     1
25  111 134     1
26  125 148     1
27  128 147     1
28  129 152     1
29  134 176     1
30  138 142     1
31  138 142     1
32  139 143     1
33  145 160     1
34  158 171     1
35  163 179     1
End
