P-1	2 T0 17 
P-1	2 T1 66 
P-1	3 T2 14 
P-1	5 T3 14 
P-1	5 T4 17 
P0	5 T5 21 
P1	7 T6 22 
P2	8 T7 18 
P3	12 T8 14 
P4	12 T9 17 
P-1	13 T10 31 
P-1	14 T11 48 
P-1	14 T12 65 
P-1	15 T13 28 
P2	19 T14 22 
P-1	19 T15 33 
P3	20 T16 33 
P4	21 T17 28 
P0	23 T18 28 
P1	24 T19 40 
P2	26 T20 37 
P-1	28 T21 49 
P0	35 T22 47 
P-1	35 T23 68 
P2	40 T24 46 
P-1	40 T25 49 
P-1	40 T26 58 
P-1	44 T27 67 
P-1	45 T28 57 
P-1	47 T29 53 
P1	47 T30 53 
P2	47 T31 65 
P3	47 T32 67 
P0	48 T33 68 
P4	49 T34 64 
P1	58 T35 71 
NMec = 98475
Viable Sol. = 2406037040
Profit = 19
T = 36
P = 5
Profits ignored
Solution time = 2.577e+01
Task data
00    2  17     1
01    2  66     1
02    3  14     1
03    5  14     1
04    5  17     1
05    5  21     1
06    7  22     1
07    8  18     1
08   12  14     1
09   12  17     1
10   13  31     1
11   14  48     1
12   14  65     1
13   15  28     1
14   19  22     1
15   19  33     1
16   20  33     1
17   21  28     1
18   23  28     1
19   24  40     1
20   26  37     1
21   28  49     1
22   35  47     1
23   35  68     1
24   40  46     1
25   40  49     1
26   40  58     1
27   44  67     1
28   45  57     1
29   47  53     1
30   47  53     1
31   47  65     1
32   47  67     1
33   48  68     1
34   49  64     1
35   58  71     1
End
