P-1	0 T0 46 
P-1	0 T1 51 
P-1	2 T2 25 
P-1	3 T3 26 
P0	4 T4 15 
P-1	5 T5 24 
P-1	6 T6 17 
P1	8 T7 16 
P-1	8 T8 21 
P2	9 T9 18 
P3	10 T10 19 
P-1	11 T11 31 
P4	14 T12 23 
P5	14 T13 24 
P6	14 T14 25 
P0	16 T15 23 
P-1	18 T16 33 
P-1	18 T17 36 
P1	19 T18 25 
P2	19 T19 32 
P3	20 T20 21 
P-1	22 T21 41 
P-1	23 T22 37 
P-1	25 T23 38 
P-1	25 T24 50 
P-1	26 T25 48 
P-1	28 T26 33 
P-1	28 T27 36 
P-1	29 T28 42 
P0	30 T29 34 
P1	31 T30 40 
P3	32 T31 41 
P4	32 T32 47 
P5	32 T33 48 
P6	32 T34 48 
P2	33 T35 45 
NMec = 98475
Viable Sol. = 3844098396
Profit = 18
T = 36
P = 7
Profits ignored
Solution time = 5.597e+01
Task data
00    0  46     1
01    0  51     1
02    2  25     1
03    3  26     1
04    4  15     1
05    5  24     1
06    6  17     1
07    8  16     1
08    8  21     1
09    9  18     1
10   10  19     1
11   11  31     1
12   14  23     1
13   14  24     1
14   14  25     1
15   16  23     1
16   18  33     1
17   18  36     1
18   19  25     1
19   19  32     1
20   20  21     1
21   22  41     1
22   23  37     1
23   25  38     1
24   25  50     1
25   26  48     1
26   28  33     1
27   28  36     1
28   29  42     1
29   30  34     1
30   31  40     1
31   32  41     1
32   32  47     1
33   32  48     1
34   32  48     1
35   33  45     1
End
