P0	2 T0 17 
P1	2 T1 66 
P2	3 T2 14 
P3	5 T3 14 
P-1	5 T4 17 
P-1	5 T5 21 
P4	7 T6 22 
P-1	8 T7 18 
P-1	12 T8 14 
P-1	12 T9 17 
P-1	13 T10 31 
P-1	14 T11 48 
P-1	14 T12 65 
P-1	15 T13 28 
P0	19 T14 22 
P2	19 T15 33 
P3	20 T16 33 
P-1	21 T17 28 
P-1	23 T18 28 
P-1	24 T19 40 
P0	26 T20 37 
P4	28 T21 49 
P2	35 T22 47 
P-1	35 T23 68 
P0	40 T24 46 
P-1	40 T25 49 
P-1	40 T26 58 
P-1	44 T27 67 
P-1	45 T28 57 
P-1	47 T29 53 
P-1	47 T30 53 
P0	47 T31 65 
P3	47 T32 67 
P-1	48 T33 68 
P2	49 T34 64 
P4	58 T35 71 
NMec = 98475
Viable Sol. = 2406037040
Profit = 47582
T = 36
P = 5
Profits not ignored
Solution time = 3.907e+01
Task data
00    2  17  2718
01    2  66  9496
02    3  14  1666
03    5  14  2263
04    5  17  1120
05    5  21  1355
06    7  22  3462
07    8  18   966
08   12  14   489
09   12  17   596
10   13  31  2269
11   14  48  4664
12   14  65  6364
13   15  28  2008
14   19  22   395
15   19  33  3222
16   20  33  2198
17   21  28  1142
18   23  28   756
19   24  40  1376
20   26  37  3003
21   28  49  3430
22   35  47  2086
23   35  68  2689
24   40  46  1395
25   40  49   635
26   40  58  1757
27   44  67  2370
28   45  57  1746
29   47  53   931
30   47  53   856
31   47  65  3238
32   47  67  5483
33   48  68  1384
34   49  64  1943
35   58  71  1584
End
