P0	0 T0 10 
P1	0 T1 11 
P-1	0 T2 59 
P2	2 T3 7 
P-1	3 T4 25 
P3	5 T5 13 
P4	5 T6 18 
P-1	6 T7 58 
P-1	7 T8 56 
P2	10 T9 26 
P0	11 T10 25 
P1	14 T11 29 
P-1	15 T12 36 
P-1	16 T13 39 
P3	19 T14 28 
P-1	19 T15 38 
P-1	20 T16 41 
P4	21 T17 29 
P-1	21 T18 35 
P5	22 T19 39 
P-1	22 T20 57 
P0	28 T21 34 
P2	29 T22 34 
P3	29 T23 41 
P-1	30 T24 43 
P-1	31 T25 47 
P-1	32 T26 52 
P1	33 T27 41 
P4	33 T28 43 
P0	38 T29 45 
P2	39 T30 44 
P5	41 T31 52 
P1	42 T32 46 
P3	42 T33 56 
P0	49 T34 53 
P1	52 T35 59 
NMec = 98475
Viable Sol. = 3704811292
Profit = 23
T = 36
P = 6
Profits ignored
Solution time = 3.321e+01
Task data
00    0  10     1
01    0  11     1
02    0  59     1
03    2   7     1
04    3  25     1
05    5  13     1
06    5  18     1
07    6  58     1
08    7  56     1
09   10  26     1
10   11  25     1
11   14  29     1
12   15  36     1
13   16  39     1
14   19  28     1
15   19  38     1
16   20  41     1
17   21  29     1
18   21  35     1
19   22  39     1
20   22  57     1
21   28  34     1
22   29  34     1
23   29  41     1
24   30  43     1
25   31  47     1
26   32  52     1
27   33  41     1
28   33  43     1
29   38  45     1
30   39  44     1
31   41  52     1
32   42  46     1
33   42  56     1
34   49  53     1
35   52  59     1
End
