P0	3 T0 26 
P1	6 T1 9 
P-1	21 T2 123 
P1	22 T3 32 
P0	35 T4 37 
P1	36 T5 51 
P0	42 T6 62 
P-1	43 T7 60 
P-1	44 T8 53 
P-1	44 T9 58 
P-1	48 T10 68 
P-1	58 T11 60 
P-1	58 T12 81 
P1	59 T13 75 
P-1	67 T14 85 
P-1	68 T15 80 
P-1	68 T16 85 
P-1	71 T17 86 
P0	73 T18 175 
P1	80 T19 103 
P-1	85 T20 98 
P-1	88 T21 90 
P-1	100 T22 118 
P-1	107 T23 111 
P-1	111 T24 132 
P1	111 T25 134 
P-1	125 T26 148 
P-1	128 T27 147 
P-1	129 T28 152 
P-1	134 T29 176 
P1	138 T30 142 
P-1	138 T31 142 
P-1	139 T32 143 
P1	145 T33 160 
P-1	158 T34 171 
P1	163 T35 179 
NMec = 98475
Viable Sol. = 95519402
Profit = 52815
T = 36
P = 2
Profits not ignored
Solution time = 1.290e+00
Task data
00    3  26  1243
01    6   9   408
02   21 123  9144
03   22  32  1803
04   35  37   465
05   36  51  3779
06   42  62  3007
07   43  60  2905
08   44  53  1747
09   44  58  2032
10   48  68  2298
11   58  60   776
12   58  81  2761
13   59  75  3790
14   67  85  4980
15   68  80  3140
16   68  85  2221
17   71  86  1992
18   73 175 25267
19   80 103  4879
20   85  98  1682
21   88  90   493
22  100 118  2160
23  107 111   578
24  111 132  2636
25  111 134  3492
26  125 148  2833
27  128 147  2294
28  129 152  2482
29  134 176  4130
30  138 142   697
31  138 142   404
32  139 143   538
33  145 160  1958
34  158 171  2334
35  163 179  2027
End
