P0	1 T0 15 
P1	4 T1 18 
P-1	7 T2 73 
P-1	8 T3 26 
P2	11 T4 20 
P-1	15 T5 34 
P-1	18 T6 80 
P0	19 T7 25 
P1	20 T8 29 
P2	23 T9 32 
P-1	23 T10 47 
P3	25 T11 34 
P-1	28 T12 39 
P-1	28 T13 42 
P0	30 T14 39 
P1	32 T15 39 
P2	33 T16 35 
P-1	33 T17 50 
P3	35 T18 41 
P-1	38 T19 60 
P-1	41 T20 54 
P-1	41 T21 63 
P-1	43 T22 59 
P0	45 T23 58 
P1	45 T24 63 
P2	47 T25 53 
P-1	48 T26 71 
P3	49 T27 67 
P2	58 T28 66 
P-1	59 T29 78 
P-1	65 T30 71 
P-1	67 T31 80 
P0	68 T32 81 
P1	68 T33 89 
P2	69 T34 84 
P3	70 T35 86 
NMec = 98475
Viable Sol. = 1675146026
Profit = 20
T = 36
P = 4
Profits ignored
Solution time = 1.653e+01
Task data
00    1  15     1
01    4  18     1
02    7  73     1
03    8  26     1
04   11  20     1
05   15  34     1
06   18  80     1
07   19  25     1
08   20  29     1
09   23  32     1
10   23  47     1
11   25  34     1
12   28  39     1
13   28  42     1
14   30  39     1
15   32  39     1
16   33  35     1
17   33  50     1
18   35  41     1
19   38  60     1
20   41  54     1
21   41  63     1
22   43  59     1
23   45  58     1
24   45  63     1
25   47  53     1
26   48  71     1
27   49  67     1
28   58  66     1
29   59  78     1
30   65  71     1
31   67  80     1
32   68  81     1
33   68  89     1
34   69  84     1
35   70  86     1
End
