P0	0 T0 10 
P1	0 T1 11 
P-1	0 T2 59 
P2	2 T3 7 
P3	3 T4 25 
P4	5 T5 13 
P5	5 T6 18 
P-1	6 T7 58 
P-1	7 T8 56 
P-1	10 T9 26 
P-1	11 T10 25 
P0	14 T11 29 
P-1	15 T12 36 
P-1	16 T13 39 
P-1	19 T14 28 
P1	19 T15 38 
P-1	20 T16 41 
P2	21 T17 29 
P-1	21 T18 35 
P4	22 T19 39 
P5	22 T20 57 
P-1	28 T21 34 
P-1	29 T22 34 
P3	29 T23 41 
P-1	30 T24 43 
P0	31 T25 47 
P2	32 T26 52 
P-1	33 T27 41 
P-1	33 T28 43 
P-1	38 T29 45 
P1	39 T30 44 
P4	41 T31 52 
P-1	42 T32 46 
P3	42 T33 56 
P0	49 T34 53 
P1	52 T35 59 
NMec = 98475
Viable Sol. = 3704811292
Profit = 44889
T = 36
P = 6
Profits not ignored
Solution time = 5.021e+01
Task data
00    0  10  1244
01    0  11  2115
02    0  59  4474
03    2   7  1713
04    3  25  2934
05    5  13  1552
06    5  18  1854
07    6  58  3864
08    7  56  4921
09   10  26  1668
10   11  25  1624
11   14  29  1797
12   15  36  2369
13   16  39  1534
14   19  28   807
15   19  38  5322
16   20  41  2634
17   21  29  1944
18   21  35  1211
19   22  39  4607
20   22  57  4238
21   28  34  1741
22   29  34  1229
23   29  41  2491
24   30  43  2378
25   31  47  2986
26   32  52  3629
27   33  41   788
28   33  43  1517
29   38  45   718
30   39  44  1061
31   41  52  1041
32   42  46   535
33   42  56  3030
34   49  53   501
35   52  59   830
End
