P-1	0 T0 19 
P0	1 T1 5 
P1	1 T2 12 
P2	2 T3 12 
P3	3 T4 10 
P-1	3 T5 21 
P4	4 T6 20 
P5	5 T7 10 
P-1	5 T8 16 
P6	5 T9 17 
P7	5 T10 19 
P-1	6 T11 9 
P0	6 T12 16 
P-1	6 T13 29 
P8	7 T14 28 
P-1	8 T15 21 
P-1	8 T16 25 
P-1	8 T17 28 
P9	8 T18 30 
P-1	9 T19 14 
P-1	9 T20 25 
P-1	9 T21 32 
P-1	12 T22 22 
P-1	12 T23 26 
P3	12 T24 28 
P5	12 T25 29 
P1	14 T26 25 
P2	16 T27 26 
P-1	17 T28 27 
P0	17 T29 27 
P-1	18 T30 20 
P6	18 T31 35 
P7	20 T32 27 
P4	22 T33 29 
P1	26 T34 35 
P0	29 T35 35 
NMec = 98475
Viable Sol. = 16653097520
Profit = 51540
T = 36
P = 10
Profits not ignored
Solution time = 1.543e+02
Task data
00    0  19  2430
01    1   5  1009
02    1  12  2417
03    2  12  2959
04    3  10  1223
05    3  21  2340
06    4  20  3959
07    5  10   865
08    5  16   916
09    5  17  1439
10    5  19  2574
11    6   9   620
12    6  16  2160
13    6  29  2708
14    7  28  5620
15    8  21  1718
16    8  25  2750
17    8  28  2894
18    8  30  5948
19    9  14  1128
20    9  25  2698
21    9  32  2101
22   12  22  1897
23   12  26  1160
24   12  28  2129
25   12  29  2769
26   14  25  2216
27   16  26  2966
28   17  27  1290
29   17  27  2359
30   18  20   251
31   18  35  3819
32   20  27  1601
33   22  29   993
34   26  35  1141
35   29  35  1374
End
