P-1	0 T0 19 
P0	1 T1 5 
P1	1 T2 12 
P2	2 T3 12 
P3	3 T4 10 
P-1	3 T5 21 
P-1	4 T6 20 
P4	5 T7 10 
P5	5 T8 16 
P6	5 T9 17 
P7	5 T10 19 
P0	6 T11 9 
P8	6 T12 16 
P-1	6 T13 29 
P-1	7 T14 28 
P-1	8 T15 21 
P-1	8 T16 25 
P-1	8 T17 28 
P-1	8 T18 30 
P9	9 T19 14 
P-1	9 T20 25 
P-1	9 T21 32 
P-1	12 T22 22 
P0	12 T23 26 
P3	12 T24 28 
P4	12 T25 29 
P1	14 T26 25 
P2	16 T27 26 
P5	17 T28 27 
P8	17 T29 27 
P6	18 T30 20 
P9	18 T31 35 
P7	20 T32 27 
P6	22 T33 29 
P1	26 T34 35 
P0	29 T35 35 
NMec = 98475
Viable Sol. = 16653097520
Profit = 24
T = 36
P = 10
Profits ignored
Solution time = 1.470e+02
Task data
00    0  19     1
01    1   5     1
02    1  12     1
03    2  12     1
04    3  10     1
05    3  21     1
06    4  20     1
07    5  10     1
08    5  16     1
09    5  17     1
10    5  19     1
11    6   9     1
12    6  16     1
13    6  29     1
14    7  28     1
15    8  21     1
16    8  25     1
17    8  28     1
18    8  30     1
19    9  14     1
20    9  25     1
21    9  32     1
22   12  22     1
23   12  26     1
24   12  28     1
25   12  29     1
26   14  25     1
27   16  26     1
28   17  27     1
29   17  27     1
30   18  20     1
31   18  35     1
32   20  27     1
33   22  29     1
34   26  35     1
35   29  35     1
End
