P-1	2 T0 45 
P0	4 T1 9 
P1	4 T2 17 
P2	4 T3 27 
P-1	4 T4 47 
P-1	6 T5 52 
P-1	7 T6 32 
P-1	8 T7 30 
P3	9 T8 20 
P4	9 T9 26 
P-1	9 T10 43 
P-1	11 T11 47 
P0	12 T12 22 
P5	12 T13 26 
P-1	12 T14 48 
P-1	14 T15 32 
P6	15 T16 30 
P-1	15 T17 32 
P-1	17 T18 37 
P-1	19 T19 44 
P1	21 T20 29 
P-1	22 T21 35 
P-1	26 T22 33 
P-1	26 T23 41 
P-1	26 T24 46 
P0	27 T25 32 
P3	27 T26 36 
P2	28 T27 40 
P4	29 T28 38 
P5	29 T29 40 
P1	31 T30 36 
P6	32 T31 49 
P0	38 T32 44 
P1	38 T33 47 
P3	40 T34 48 
P2	41 T35 51 
P0	47 T36 49 
NMec = 98475
Viable Sol. = 2837667750
Profit = 21
T = 37
P = 7
Profits ignored
Solution time = 2.436e+01
Task data
00    2  45     1
01    4   9     1
02    4  17     1
03    4  27     1
04    4  47     1
05    6  52     1
06    7  32     1
07    8  30     1
08    9  20     1
09    9  26     1
10    9  43     1
11   11  47     1
12   12  22     1
13   12  26     1
14   12  48     1
15   14  32     1
16   15  30     1
17   15  32     1
18   17  37     1
19   19  44     1
20   21  29     1
21   22  35     1
22   26  33     1
23   26  41     1
24   26  46     1
25   27  32     1
26   27  36     1
27   28  40     1
28   29  38     1
29   29  40     1
30   31  36     1
31   32  49     1
32   38  44     1
33   38  47     1
34   40  48     1
35   41  51     1
36   47  49     1
End
