P0	0 T0 10 
P-1	3 T1 47 
P-1	3 T2 53 
P-1	4 T3 25 
P-1	5 T4 32 
P-1	9 T5 39 
P0	11 T6 26 
P1	11 T7 28 
P2	15 T8 30 
P3	17 T9 25 
P-1	17 T10 32 
P-1	21 T11 40 
P4	25 T12 26 
P5	25 T13 33 
P-1	25 T14 44 
P0	27 T15 42 
P-1	27 T16 46 
P1	29 T17 32 
P3	29 T18 36 
P2	31 T19 39 
P4	31 T20 40 
P1	34 T21 37 
P-1	34 T22 58 
P5	36 T23 54 
P3	37 T24 49 
P1	39 T25 46 
P2	42 T26 46 
P-1	42 T27 61 
P0	44 T28 53 
P-1	45 T29 59 
P4	45 T30 61 
P1	47 T31 55 
P2	48 T32 56 
P3	50 T33 61 
P0	55 T34 57 
P5	55 T35 60 
P1	57 T36 60 
NMec = 98475
Viable Sol. = 17446619804
Profit = 25
T = 37
P = 6
Profits ignored
Solution time = 1.521e+02
Task data
00    0  10     1
01    3  47     1
02    3  53     1
03    4  25     1
04    5  32     1
05    9  39     1
06   11  26     1
07   11  28     1
08   15  30     1
09   17  25     1
10   17  32     1
11   21  40     1
12   25  26     1
13   25  33     1
14   25  44     1
15   27  42     1
16   27  46     1
17   29  32     1
18   29  36     1
19   31  39     1
20   31  40     1
21   34  37     1
22   34  58     1
23   36  54     1
24   37  49     1
25   39  46     1
26   42  46     1
27   42  61     1
28   44  53     1
29   45  59     1
30   45  61     1
31   47  55     1
32   48  56     1
33   50  61     1
34   55  57     1
35   55  60     1
36   57  60     1
End
