P-1	0 T0 24 
P-1	0 T1 46 
P0	1 T2 14 
P-1	2 T3 25 
P1	3 T4 9 
P-1	3 T5 21 
P2	4 T6 6 
P3	4 T7 16 
P4	4 T8 19 
P5	4 T9 24 
P6	5 T10 14 
P-1	5 T11 28 
P2	8 T12 21 
P-1	9 T13 41 
P-1	10 T14 35 
P-1	11 T15 27 
P-1	11 T16 30 
P-1	14 T17 37 
P-1	14 T18 40 
P0	15 T19 16 
P1	15 T20 20 
P-1	15 T21 31 
P6	16 T22 26 
P-1	17 T23 38 
P-1	19 T24 33 
P0	19 T25 34 
P3	20 T26 22 
P4	20 T27 37 
P1	21 T28 35 
P7	21 T29 42 
P2	22 T30 41 
P3	23 T31 33 
P5	26 T32 40 
P6	29 T33 44 
P3	34 T34 43 
P0	35 T35 41 
P1	39 T36 43 
NMec = 98475
Viable Sol. = 11124164607
Profit = 23
T = 37
P = 8
Profits ignored
Solution time = 9.436e+01
Task data
00    0  24     1
01    0  46     1
02    1  14     1
03    2  25     1
04    3   9     1
05    3  21     1
06    4   6     1
07    4  16     1
08    4  19     1
09    4  24     1
10    5  14     1
11    5  28     1
12    8  21     1
13    9  41     1
14   10  35     1
15   11  27     1
16   11  30     1
17   14  37     1
18   14  40     1
19   15  16     1
20   15  20     1
21   15  31     1
22   16  26     1
23   17  38     1
24   19  33     1
25   19  34     1
26   20  22     1
27   20  37     1
28   21  35     1
29   21  42     1
30   22  41     1
31   23  33     1
32   26  40     1
33   29  44     1
34   34  43     1
35   35  41     1
36   39  43     1
End
