P-1	2 T0 45 
P0	4 T1 9 
P-1	4 T2 17 
P1	4 T3 27 
P2	4 T4 47 
P-1	6 T5 52 
P-1	7 T6 32 
P3	8 T7 30 
P4	9 T8 20 
P5	9 T9 26 
P6	9 T10 43 
P0	11 T11 47 
P-1	12 T12 22 
P-1	12 T13 26 
P-1	12 T14 48 
P-1	14 T15 32 
P-1	15 T16 30 
P-1	15 T17 32 
P-1	17 T18 37 
P-1	19 T19 44 
P4	21 T20 29 
P-1	22 T21 35 
P-1	26 T22 33 
P-1	26 T23 41 
P-1	26 T24 46 
P-1	27 T25 32 
P5	27 T26 36 
P1	28 T27 40 
P-1	29 T28 38 
P-1	29 T29 40 
P3	31 T30 36 
P4	32 T31 49 
P3	38 T32 44 
P5	38 T33 47 
P-1	40 T34 48 
P1	41 T35 51 
P3	47 T36 49 
NMec = 98475
Viable Sol. = 2837667750
Profit = 52838
T = 37
P = 7
Profits not ignored
Solution time = 3.713e+01
Task data
00    2  45  4555
01    4   9   604
02    4  17  1125
03    4  27  5243
04    4  47  7109
05    6  52  4898
06    7  32  3946
07    8  30  3182
08    9  20  2266
09    9  26  4414
10    9  43  7461
11   11  47  7935
12   12  22  1713
13   12  26  3180
14   12  48  4408
15   14  32  2743
16   15  30  2968
17   15  32  1741
18   17  37  2383
19   19  44  2787
20   21  29   961
21   22  35  1605
22   26  33  1026
23   26  41  1177
24   26  46  2991
25   27  32   741
26   27  36  1428
27   28  40  3712
28   29  38  1354
29   29  40  1235
30   31  36  1345
31   32  49  3545
32   38  44  1065
33   38  47  1152
34   40  48   905
35   41  51  1158
36   47  49   258
End
