P0	3 T0 11 
P1	9 T1 22 
P0	13 T2 21 
P-1	16 T3 72 
P-1	16 T4 81 
P2	20 T5 27 
P-1	21 T6 44 
P-1	22 T7 44 
P0	23 T8 29 
P-1	25 T9 84 
P-1	27 T10 48 
P-1	29 T11 76 
P-1	33 T12 41 
P-1	34 T13 53 
P0	35 T14 54 
P1	37 T15 44 
P2	37 T16 45 
P-1	38 T17 62 
P3	40 T18 48 
P-1	42 T19 61 
P-1	45 T20 63 
P-1	46 T21 58 
P-1	50 T22 62 
P-1	51 T23 60 
P-1	53 T24 71 
P-1	54 T25 62 
P-1	55 T26 60 
P0	55 T27 61 
P1	55 T28 63 
P2	55 T29 71 
P3	58 T30 65 
P0	64 T31 72 
P1	72 T32 76 
P0	75 T33 88 
P2	76 T34 87 
P1	80 T35 91 
P3	83 T36 90 
NMec = 98475
Viable Sol. = 726511594
Profit = 19
T = 37
P = 4
Profits ignored
Solution time = 6.196e+00
Task data
00    3  11     1
01    9  22     1
02   13  21     1
03   16  72     1
04   16  81     1
05   20  27     1
06   21  44     1
07   22  44     1
08   23  29     1
09   25  84     1
10   27  48     1
11   29  76     1
12   33  41     1
13   34  53     1
14   35  54     1
15   37  44     1
16   37  45     1
17   38  62     1
18   40  48     1
19   42  61     1
20   45  63     1
21   46  58     1
22   50  62     1
23   51  60     1
24   53  71     1
25   54  62     1
26   55  60     1
27   55  61     1
28   55  63     1
29   55  71     1
30   58  65     1
31   64  72     1
32   72  76     1
33   75  88     1
34   76  87     1
35   80  91     1
36   83  90     1
End
