P0	0 T0 10 
P1	3 T1 47 
P2	3 T2 53 
P-1	4 T3 25 
P3	5 T4 32 
P4	9 T5 39 
P0	11 T6 26 
P-1	11 T7 28 
P5	15 T8 30 
P-1	17 T9 25 
P-1	17 T10 32 
P-1	21 T11 40 
P-1	25 T12 26 
P-1	25 T13 33 
P-1	25 T14 44 
P0	27 T15 42 
P-1	27 T16 46 
P-1	29 T17 32 
P-1	29 T18 36 
P5	31 T19 39 
P-1	31 T20 40 
P-1	34 T21 37 
P-1	34 T22 58 
P3	36 T23 54 
P-1	37 T24 49 
P-1	39 T25 46 
P4	42 T26 46 
P-1	42 T27 61 
P-1	44 T28 53 
P0	45 T29 59 
P5	45 T30 61 
P4	47 T31 55 
P-1	48 T32 56 
P1	50 T33 61 
P2	55 T34 57 
P3	55 T35 60 
P4	57 T36 60 
NMec = 98475
Viable Sol. = 17446619804
Profit = 56790
T = 37
P = 6
Profits not ignored
Solution time = 2.408e+02
Task data
00    0  10  2065
01    3  47  7915
02    3  53  8391
03    4  25  1814
04    5  32  5849
05    9  39  5948
06   11  26  3645
07   11  28  1816
08   15  30  2780
09   17  25   787
10   17  32  2436
11   21  40  2502
12   25  26   351
13   25  33  2210
14   25  44  3972
15   27  42  2799
16   27  46  1940
17   29  32   514
18   29  36  2067
19   31  39  1866
20   31  40  1487
21   34  37   856
22   34  58  3241
23   36  54  3621
24   37  49  1882
25   39  46  1452
26   42  46  1014
27   42  61  1883
28   44  53  1697
29   45  59  3195
30   45  61  3242
31   47  55  1271
32   48  56   556
33   50  61  1513
34   55  57   375
35   55  60   697
36   57  60   604
End
