P0	0 T0 7 
P-1	0 T1 24 
P-1	2 T2 10 
P1	3 T3 23 
P2	4 T4 20 
P3	4 T5 20 
P-1	4 T6 23 
P4	4 T7 36 
P5	5 T8 13 
P-1	6 T9 17 
P-1	6 T10 26 
P-1	7 T11 19 
P6	7 T12 29 
P0	8 T13 16 
P-1	9 T14 19 
P-1	9 T15 22 
P-1	9 T16 33 
P7	9 T17 34 
P8	10 T18 22 
P-1	11 T19 29 
P5	15 T20 23 
P-1	16 T21 24 
P-1	18 T22 24 
P-1	18 T23 28 
P0	18 T24 33 
P-1	20 T25 27 
P-1	21 T26 29 
P2	22 T27 35 
P-1	23 T28 30 
P3	23 T29 38 
P8	23 T30 40 
P1	27 T31 32 
P5	29 T32 36 
P6	30 T33 34 
P1	33 T34 41 
P0	35 T35 41 
P2	36 T36 40 
NMec = 98475
Viable Sol. = 32487081176
Profit = 50311
T = 37
P = 9
Profits not ignored
Solution time = 2.679e+02
Task data
00    0   7  1262
01    0  24  2989
02    2  10   896
03    3  23  3256
04    4  20  2295
05    4  20  3749
06    4  23  1726
07    4  36  6107
08    5  13  1304
09    6  17   702
10    6  26  3252
11    7  19  1314
12    7  29  4730
13    8  16  2016
14    9  19   860
15    9  22  1634
16    9  33  3476
17    9  34  4984
18   10  22  1800
19   11  29  2798
20   15  23  1975
21   16  24   678
22   18  24  1022
23   18  28   667
24   18  33  2858
25   20  27   526
26   21  29  1228
27   22  35  2706
28   23  30  1858
29   23  38  2584
30   23  40  2736
31   27  32   833
32   29  36  1027
33   30  34  1289
34   33  41  1347
35   35  41   605
36   36  40   848
End
