P0	3 T0 11 
P1	9 T1 22 
P0	13 T2 21 
P-1	16 T3 72 
P2	16 T4 81 
P3	20 T5 27 
P-1	21 T6 44 
P0	22 T7 44 
P1	23 T8 29 
P-1	25 T9 84 
P-1	27 T10 48 
P3	29 T11 76 
P-1	33 T12 41 
P1	34 T13 53 
P-1	35 T14 54 
P-1	37 T15 44 
P-1	37 T16 45 
P-1	38 T17 62 
P-1	40 T18 48 
P-1	42 T19 61 
P-1	45 T20 63 
P0	46 T21 58 
P-1	50 T22 62 
P-1	51 T23 60 
P-1	53 T24 71 
P-1	54 T25 62 
P-1	55 T26 60 
P-1	55 T27 61 
P-1	55 T28 63 
P1	55 T29 71 
P-1	58 T30 65 
P0	64 T31 72 
P-1	72 T32 76 
P0	75 T33 88 
P1	76 T34 87 
P3	80 T35 91 
P2	83 T36 90 
NMec = 98475
Viable Sol. = 726511594
Profit = 47280
T = 37
P = 4
Profits not ignored
Solution time = 9.655e+00
Task data
00    3  11  1072
01    9  22  1063
02   13  21  1213
03   16  72  3493
04   16  81 11523
05   20  27  1288
06   21  44  4549
07   22  44  3515
08   23  29  1668
09   25  84  6687
10   27  48  1441
11   29  76  7386
12   33  41   696
13   34  53  3429
14   35  54  1464
15   37  44   783
16   37  45  1746
17   38  62  3396
18   40  48  1235
19   42  61  2163
20   45  63  1903
21   46  58  2698
22   50  62  1862
23   51  60  2691
24   53  71  2059
25   54  62  1575
26   55  60   543
27   55  61  1157
28   55  63  1753
29   55  71  1851
30   58  65  1567
31   64  72  1708
32   72  76   455
33   75  88  2918
34   76  87  2573
35   80  91  2657
36   83  90   718
End
