P-1	0 T0 24 
P-1	0 T1 46 
P0	1 T2 14 
P1	2 T3 25 
P2	3 T4 9 
P3	3 T5 21 
P4	4 T6 6 
P5	4 T7 16 
P6	4 T8 19 
P-1	4 T9 24 
P7	5 T10 14 
P-1	5 T11 28 
P-1	8 T12 21 
P-1	9 T13 41 
P2	10 T14 35 
P-1	11 T15 27 
P-1	11 T16 30 
P-1	14 T17 37 
P4	14 T18 40 
P0	15 T19 16 
P-1	15 T20 20 
P7	15 T21 31 
P-1	16 T22 26 
P0	17 T23 38 
P5	19 T24 33 
P-1	19 T25 34 
P-1	20 T26 22 
P-1	20 T27 37 
P6	21 T28 35 
P-1	21 T29 42 
P3	22 T30 41 
P-1	23 T31 33 
P-1	26 T32 40 
P1	29 T33 44 
P5	34 T34 43 
P7	35 T35 41 
P0	39 T36 43 
NMec = 98475
Viable Sol. = 11124164607
Profit = 52413
T = 37
P = 8
Profits not ignored
Solution time = 1.482e+02
Task data
00    0  24  2010
01    0  46  4721
02    1  14  1322
03    2  25  4539
04    3   9  1281
05    3  21  2844
06    4   6   551
07    4  16  2781
08    4  19  1085
09    4  24  3475
10    5  14   791
11    5  28  2263
12    8  21  1350
13    9  41  3939
14   10  35  5156
15   11  27  1448
16   11  30  1467
17   14  37  2583
18   14  40  5574
19   15  16   343
20   15  20   656
21   15  31  3470
22   16  26  1884
23   17  38  4303
24   19  33  2933
25   19  34  1625
26   20  22   196
27   20  37  3434
28   21  35  3695
29   21  42  2341
30   22  41  4224
31   23  33  1135
32   26  40  1185
33   29  44  3359
34   34  43  1839
35   35  41  1216
36   39  43  1107
End
