P0	11 T0 16 
P-1	12 T1 27 
P0	21 T2 44 
P-1	37 T3 48 
P-1	42 T4 49 
P0	62 T5 163 
P-1	66 T6 74 
P-1	68 T7 92 
P-1	72 T8 85 
P-1	106 T9 118 
P-1	117 T10 133 
P-1	118 T11 134 
P-1	119 T12 142 
P-1	121 T13 126 
P-1	134 T14 145 
P-1	136 T15 152 
P-1	146 T16 152 
P-1	150 T17 160 
P-1	151 T18 163 
P-1	154 T19 166 
P-1	156 T20 171 
P-1	158 T21 165 
P-1	160 T22 168 
P-1	161 T23 340 
P0	172 T24 186 
P-1	174 T25 177 
P-1	184 T26 194 
P0	187 T27 205 
P-1	188 T28 204 
P-1	194 T29 200 
P-1	197 T30 205 
P0	230 T31 347 
P-1	236 T32 246 
P-1	244 T33 251 
P-1	298 T34 300 
P-1	305 T35 311 
P0	351 T36 355 
NMec = 98475
Viable Sol. = 4052290
Profit = 51775
T = 37
P = 1
Profits not ignored
Solution time = 5.191e-02
Task data
00   11  16   801
01   12  27  2609
02   21  44  5295
03   37  48  1830
04   42  49   569
05   62 163 13514
06   66  74   824
07   68  92  3224
08   72  85  1207
09  106 118  1657
10  117 133  4506
11  118 134  2222
12  119 142  4786
13  121 126   489
14  134 145  2696
15  136 152  1571
16  146 152  1009
17  150 160  1546
18  151 163  2382
19  154 166  1600
20  156 171  2003
21  158 165   818
22  160 168  1064
23  161 340 23133
24  172 186  3020
25  174 177   909
26  184 194  2315
27  187 205  3548
28  188 204  2973
29  194 200  1767
30  197 205  1285
31  230 347 24519
32  236 246  1565
33  244 251   819
34  298 300   337
35  305 311   851
36  351 355  1078
End
