P0	11 T0 16 
P-1	12 T1 27 
P0	21 T2 44 
P-1	37 T3 48 
P-1	42 T4 49 
P0	66 T5 74 
P-1	72 T6 85 
P-1	68 T7 92 
P0	106 T8 118 
P0	121 T9 126 
P-1	117 T10 133 
P-1	118 T11 134 
P-1	119 T12 142 
P0	134 T13 145 
P-1	136 T14 152 
P0	146 T15 152 
P-1	150 T16 160 
P-1	62 T17 163 
P-1	151 T18 163 
P0	158 T19 165 
P-1	154 T20 166 
P-1	160 T21 168 
P-1	156 T22 171 
P0	174 T23 177 
P-1	172 T24 186 
P0	184 T25 194 
P-1	194 T26 200 
P-1	188 T27 204 
P-1	187 T28 205 
P0	197 T29 205 
P0	236 T30 246 
P-1	244 T31 251 
P0	298 T32 300 
P0	305 T33 311 
P-1	161 T34 340 
P-1	230 T35 347 
P0	351 T36 355 
NMec = 98475
Viable Sol. = 0
Profit = 15
T = 37
P = 1
Profits ignored
Solution time = 6.585e-06
Task data
00   11  16     1
01   12  27     1
02   21  44     1
03   37  48     1
04   42  49     1
05   66  74     1
06   72  85     1
07   68  92     1
08  106 118     1
09  121 126     1
10  117 133     1
11  118 134     1
12  119 142     1
13  134 145     1
14  136 152     1
15  146 152     1
16  150 160     1
17   62 163     1
18  151 163     1
19  158 165     1
20  154 166     1
21  160 168     1
22  156 171     1
23  174 177     1
24  172 186     1
25  184 194     1
26  194 200     1
27  188 204     1
28  187 205     1
29  197 205     1
30  236 246     1
31  244 251     1
32  298 300     1
33  305 311     1
34  161 340     1
35  230 347     1
36  351 355     1
End
