P-1	16 T0 21 
P0	17 T1 29 
P1	18 T2 32 
P-1	23 T3 38 
P-1	29 T4 40 
P-1	32 T5 44 
P0	35 T6 49 
P1	36 T7 52 
P-1	39 T8 58 
P-1	40 T9 74 
P-1	43 T10 57 
P-1	46 T11 53 
P-1	48 T12 63 
P0	50 T13 65 
P1	53 T14 59 
P-1	53 T15 72 
P1	62 T16 79 
P0	72 T17 73 
P0	79 T18 95 
P-1	82 T19 99 
P-1	83 T20 107 
P-1	86 T21 110 
P1	90 T22 100 
P-1	93 T23 109 
P-1	96 T24 114 
P0	97 T25 109 
P-1	103 T26 120 
P1	104 T27 106 
P1	107 T28 122 
P0	116 T29 127 
P1	124 T30 129 
P-1	127 T31 141 
P0	129 T32 143 
P1	138 T33 151 
P0	144 T34 165 
P1	152 T35 163 
P0	176 T36 183 
NMec = 98475
Viable Sol. = 282364768
Profit = 20
T = 37
P = 2
Profits ignored
Solution time = 2.081e+00
Task data
00   16  21     1
01   17  29     1
02   18  32     1
03   23  38     1
04   29  40     1
05   32  44     1
06   35  49     1
07   36  52     1
08   39  58     1
09   40  74     1
10   43  57     1
11   46  53     1
12   48  63     1
13   50  65     1
14   53  59     1
15   53  72     1
16   62  79     1
17   72  73     1
18   79  95     1
19   82  99     1
20   83 107     1
21   86 110     1
22   90 100     1
23   93 109     1
24   96 114     1
25   97 109     1
26  103 120     1
27  104 106     1
28  107 122     1
29  116 127     1
30  124 129     1
31  127 141     1
32  129 143     1
33  138 151     1
34  144 165     1
35  152 163     1
36  176 183     1
End
