P0	1 T0 12 
P-1	12 T1 14 
P-1	4 T2 19 
P0	16 T3 30 
P-1	29 T4 35 
P0	42 T5 61 
P-1	46 T6 61 
P-1	59 T7 71 
P0	62 T8 75 
P-1	51 T9 77 
P-1	70 T10 78 
P0	77 T11 88 
P-1	87 T12 107 
P0	119 T13 128 
P-1	125 T14 130 
P-1	119 T15 133 
P-1	123 T16 133 
P0	132 T17 133 
P0	148 T18 172 
P-1	171 T19 182 
P-1	169 T20 191 
P0	186 T21 204 
P-1	201 T22 211 
P0	213 T23 224 
P0	229 T24 233 
P-1	232 T25 236 
P-1	197 T26 241 
P0	237 T27 245 
P0	259 T28 271 
P-1	135 T29 281 
P-1	265 T30 281 
P-1	258 T31 282 
P0	282 T32 293 
P-1	12 T33 295 
P0	299 T34 309 
P0	317 T35 322 
P0	345 T36 362 
P-1	357 T37 370 
NMec = 98475
Viable Sol. = 0
Profit = 17
T = 38
P = 1
Profits ignored
Solution time = 9.745e-06
Task data
00    1  12     1
01   12  14     1
02    4  19     1
03   16  30     1
04   29  35     1
05   42  61     1
06   46  61     1
07   59  71     1
08   62  75     1
09   51  77     1
10   70  78     1
11   77  88     1
12   87 107     1
13  119 128     1
14  125 130     1
15  119 133     1
16  123 133     1
17  132 133     1
18  148 172     1
19  171 182     1
20  169 191     1
21  186 204     1
22  201 211     1
23  213 224     1
24  229 233     1
25  232 236     1
26  197 241     1
27  237 245     1
28  259 271     1
29  135 281     1
30  265 281     1
31  258 282     1
32  282 293     1
33   12 295     1
34  299 309     1
35  317 322     1
36  345 362     1
37  357 370     1
End
