P0	0 T0 11 
P1	5 T1 6 
P2	6 T2 18 
P-1	7 T3 24 
P1	7 T4 24 
P-1	9 T5 30 
P-1	12 T6 48 
P0	16 T7 25 
P3	17 T8 20 
P4	18 T9 30 
P-1	18 T10 33 
P2	19 T11 28 
P3	21 T12 23 
P-1	21 T13 45 
P5	22 T14 34 
P-1	23 T15 43 
P1	25 T16 34 
P-1	26 T17 43 
P-1	26 T18 45 
P-1	26 T19 45 
P0	28 T20 37 
P-1	28 T21 53 
P2	29 T22 37 
P-1	29 T23 49 
P3	30 T24 43 
P-1	31 T25 47 
P4	32 T26 36 
P-1	32 T27 52 
P-1	33 T28 47 
P-1	35 T29 48 
P1	36 T30 51 
P5	36 T31 62 
P4	37 T32 44 
P0	38 T33 51 
P2	41 T34 46 
P3	44 T35 58 
P2	48 T36 59 
P4	50 T37 62 
NMec = 98475
Viable Sol. = 8585929304
Profit = 23
T = 38
P = 6
Profits ignored
Solution time = 7.328e+01
Task data
00    0  11     1
01    5   6     1
02    6  18     1
03    7  24     1
04    7  24     1
05    9  30     1
06   12  48     1
07   16  25     1
08   17  20     1
09   18  30     1
10   18  33     1
11   19  28     1
12   21  23     1
13   21  45     1
14   22  34     1
15   23  43     1
16   25  34     1
17   26  43     1
18   26  45     1
19   26  45     1
20   28  37     1
21   28  53     1
22   29  37     1
23   29  49     1
24   30  43     1
25   31  47     1
26   32  36     1
27   32  52     1
28   33  47     1
29   35  48     1
30   36  51     1
31   36  62     1
32   37  44     1
33   38  51     1
34   41  46     1
35   44  58     1
36   48  59     1
37   50  62     1
End
