P0	0 T0 6 
P1	0 T1 7 
P2	1 T2 9 
P-1	1 T3 40 
P3	4 T4 11 
P4	5 T5 14 
P5	5 T6 20 
P-1	5 T7 23 
P-1	5 T8 31 
P-1	6 T9 24 
P0	7 T10 16 
P-1	7 T11 29 
P1	9 T12 11 
P6	9 T13 21 
P2	11 T14 20 
P-1	11 T15 24 
P-1	12 T16 27 
P-1	13 T17 33 
P-1	14 T18 28 
P-1	15 T19 30 
P-1	15 T20 30 
P-1	15 T21 41 
P-1	16 T22 25 
P0	17 T23 28 
P-1	19 T24 38 
P1	19 T25 40 
P3	20 T26 26 
P4	20 T27 28 
P7	20 T28 38 
P2	22 T29 38 
P5	22 T30 41 
P6	23 T31 28 
P8	23 T32 30 
P3	28 T33 40 
P0	30 T34 41 
P4	31 T35 39 
P6	33 T36 42 
P8	36 T37 42 
NMec = 98475
Viable Sol. = 43693196188
Profit = 24
T = 38
P = 9
Profits ignored
Solution time = 3.528e+02
Task data
00    0   6     1
01    0   7     1
02    1   9     1
03    1  40     1
04    4  11     1
05    5  14     1
06    5  20     1
07    5  23     1
08    5  31     1
09    6  24     1
10    7  16     1
11    7  29     1
12    9  11     1
13    9  21     1
14   11  20     1
15   11  24     1
16   12  27     1
17   13  33     1
18   14  28     1
19   15  30     1
20   15  30     1
21   15  41     1
22   16  25     1
23   17  28     1
24   19  38     1
25   19  40     1
26   20  26     1
27   20  28     1
28   20  38     1
29   22  38     1
30   22  41     1
31   23  28     1
32   23  30     1
33   28  40     1
34   30  41     1
35   31  39     1
36   33  42     1
37   36  42     1
End
