P0	2 T0 9 
P-1	2 T1 18 
P1	5 T2 7 
P-1	5 T3 22 
P2	7 T4 14 
P-1	7 T5 32 
P1	9 T6 16 
P0	10 T7 13 
P3	10 T8 22 
P0	16 T9 34 
P1	17 T10 29 
P2	22 T11 40 
P-1	22 T12 46 
P3	25 T13 44 
P-1	33 T14 46 
P0	35 T15 46 
P-1	38 T16 54 
P-1	38 T17 81 
P1	39 T18 48 
P-1	41 T19 68 
P2	43 T20 54 
P3	46 T21 60 
P0	50 T22 55 
P1	51 T23 71 
P0	58 T24 71 
P2	60 T25 77 
P3	61 T26 73 
P-1	68 T27 86 
P-1	71 T28 87 
P0	72 T29 74 
P1	73 T30 79 
P-1	73 T31 92 
P-1	76 T32 89 
P0	80 T33 91 
P1	82 T34 88 
P2	83 T35 86 
P3	84 T36 91 
P2	87 T37 91 
NMec = 98475
Viable Sol. = 26752901546
Profit = 26
T = 38
P = 4
Profits ignored
Solution time = 2.253e+02
Task data
00    2   9     1
01    2  18     1
02    5   7     1
03    5  22     1
04    7  14     1
05    7  32     1
06    9  16     1
07   10  13     1
08   10  22     1
09   16  34     1
10   17  29     1
11   22  40     1
12   22  46     1
13   25  44     1
14   33  46     1
15   35  46     1
16   38  54     1
17   38  81     1
18   39  48     1
19   41  68     1
20   43  54     1
21   46  60     1
22   50  55     1
23   51  71     1
24   58  71     1
25   60  77     1
26   61  73     1
27   68  86     1
28   71  87     1
29   72  74     1
30   73  79     1
31   73  92     1
32   76  89     1
33   80  91     1
34   82  88     1
35   83  86     1
36   84  91     1
37   87  91     1
End
