P0	5 T0 17 
P1	6 T1 15 
P-1	6 T2 17 
P-1	11 T3 19 
P-1	11 T4 23 
P2	11 T5 24 
P-1	13 T6 17 
P-1	13 T7 18 
P-1	13 T8 36 
P-1	15 T9 25 
P1	16 T10 30 
P-1	17 T11 22 
P0	22 T12 33 
P1	31 T13 51 
P-1	33 T14 36 
P2	33 T15 39 
P-1	34 T16 44 
P0	34 T17 53 
P-1	38 T18 57 
P2	40 T19 58 
P-1	41 T20 51 
P-1	42 T21 50 
P-1	45 T22 60 
P0	58 T23 79 
P1	60 T24 68 
P2	61 T25 86 
P1	70 T26 89 
P-1	72 T27 79 
P-1	76 T28 82 
P-1	79 T29 95 
P0	85 T30 97 
P2	87 T31 97 
P0	99 T32 106 
P-1	101 T33 111 
P1	102 T34 110 
P2	104 T35 114 
P0	110 T36 121 
P1	114 T37 124 
NMec = 98475
Viable Sol. = 4925552328
Profit = 51928
T = 38
P = 3
Profits not ignored
Solution time = 5.654e+01
Task data
00    5  17  2719
01    6  15  2479
02    6  17  1099
03   11  19  1903
04   11  23  2237
05   11  24  2901
06   13  17   754
07   13  18   881
08   13  36  2981
09   15  25  1711
10   16  30  2815
11   17  22   716
12   22  33  1351
13   31  51  5136
14   33  36   266
15   33  39   857
16   34  44  1336
17   34  53  4553
18   38  57  1431
19   40  58  2230
20   41  51   901
21   42  50  1259
22   45  60  1741
23   58  79  5477
24   60  68  1318
25   61  86  4105
26   70  89  5357
27   72  79  1083
28   76  82   765
29   79  95  1809
30   85  97  2944
31   87  97   829
32   99 106  1054
33  101 111  1507
34  102 110  1581
35  104 114  2088
36  110 121  1385
37  114 124   749
End
