P-1	1 T0 12 
P-1	4 T1 19 
P-1	12 T2 14 
P0	12 T3 295 
P-1	16 T4 30 
P-1	29 T5 35 
P-1	42 T6 61 
P-1	46 T7 61 
P-1	51 T8 77 
P-1	59 T9 71 
P-1	62 T10 75 
P-1	70 T11 78 
P-1	77 T12 88 
P-1	87 T13 107 
P-1	119 T14 128 
P-1	119 T15 133 
P-1	123 T16 133 
P-1	125 T17 130 
P-1	132 T18 133 
P-1	135 T19 281 
P-1	148 T20 172 
P-1	169 T21 191 
P-1	171 T22 182 
P-1	186 T23 204 
P-1	197 T24 241 
P-1	201 T25 211 
P-1	213 T26 224 
P-1	229 T27 233 
P-1	232 T28 236 
P-1	237 T29 245 
P-1	258 T30 282 
P-1	259 T31 271 
P-1	265 T32 281 
P-1	282 T33 293 
P0	299 T34 309 
P0	317 T35 322 
P-1	345 T36 362 
P0	357 T37 370 
NMec = 98475
Viable Sol. = 29215308
Profit = 63350
T = 38
P = 1
Profits not ignored
Solution time = 3.987e-01
Task data
00    1  12   817
01    4  19  1890
02   12  14   250
03   12 295 59396
04   16  30  1645
05   29  35   939
06   42  61  3212
07   46  61  1505
08   51  77  3347
09   59  71  3496
10   62  75  1336
11   70  78  1016
12   77  88  1495
13   87 107  2716
14  119 128  1180
15  119 133  3244
16  123 133  1444
17  125 130   597
18  132 133   247
19  135 281 30667
20  148 172  3682
21  169 191  3560
22  171 182  1003
23  186 204  3310
24  197 241  4956
25  201 211  2498
26  213 224  1725
27  229 233   511
28  232 236   849
29  237 245  2578
30  258 282  2841
31  259 271  1946
32  265 281  2605
33  282 293   963
34  299 309  1896
35  317 322   361
36  345 362  1577
37  357 370  1697
End
