P0	2 T0 9 
P1	2 T1 18 
P2	5 T2 7 
P-1	5 T3 22 
P-1	7 T4 14 
P3	7 T5 32 
P-1	9 T6 16 
P0	10 T7 13 
P2	10 T8 22 
P0	16 T9 34 
P-1	17 T10 29 
P1	22 T11 40 
P-1	22 T12 46 
P-1	25 T13 44 
P-1	33 T14 46 
P0	35 T15 46 
P2	38 T16 54 
P3	38 T17 81 
P-1	39 T18 48 
P1	41 T19 68 
P-1	43 T20 54 
P-1	46 T21 60 
P0	50 T22 55 
P-1	51 T23 71 
P0	58 T24 71 
P2	60 T25 77 
P-1	61 T26 73 
P-1	68 T27 86 
P1	71 T28 87 
P-1	72 T29 74 
P-1	73 T30 79 
P0	73 T31 92 
P-1	76 T32 89 
P-1	80 T33 91 
P2	82 T34 88 
P-1	83 T35 86 
P3	84 T36 91 
P-1	87 T37 91 
NMec = 98475
Viable Sol. = 26752901546
Profit = 62278
T = 38
P = 4
Profits not ignored
Solution time = 3.746e+02
Task data
00    2   9  1231
01    2  18  2889
02    5   7   788
03    5  22  2591
04    7  14   843
05    7  32  6499
06    9  16   704
07   10  13   546
08   10  22  2404
09   16  34  2354
10   17  29  1050
11   22  40  3176
12   22  46  1936
13   25  44  2989
14   33  46  1863
15   35  46  3204
16   38  54  4154
17   38  81 12105
18   39  48  1156
19   41  68  5670
20   43  54  2425
21   46  60  1678
22   50  55  1453
23   51  71  1854
24   58  71  2258
25   60  77  3446
26   61  73  1866
27   68  86  2726
28   71  87  2792
29   72  74   456
30   73  79   549
31   73  92  4320
32   76  89  2295
33   80  91   980
34   82  88  1521
35   83  86   328
36   84  91  1468
37   87  91   555
End
