P-1	7 T0 17 
P-1	8 T1 19 
P-1	9 T2 20 
P-1	15 T3 30 
P0	16 T4 22 
P1	16 T5 24 
P-1	17 T6 182 
P0	23 T7 40 
P-1	24 T8 42 
P-1	24 T9 176 
P1	39 T10 45 
P-1	41 T11 57 
P0	42 T12 57 
P1	54 T13 59 
P-1	63 T14 64 
P0	63 T15 71 
P1	64 T16 72 
P-1	68 T17 181 
P-1	69 T18 90 
P-1	70 T19 89 
P-1	71 T20 89 
P0	74 T21 77 
P-1	79 T22 89 
P-1	80 T23 95 
P-1	80 T24 97 
P0	81 T25 89 
P1	83 T26 95 
P-1	88 T27 110 
P0	95 T28 99 
P1	99 T29 109 
P0	105 T30 112 
P0	114 T31 131 
P1	128 T32 138 
P0	134 T33 141 
P0	142 T34 153 
P1	152 T35 165 
P0	171 T36 177 
P1	177 T37 178 
NMec = 98475
Viable Sol. = 412661436
Profit = 21
T = 38
P = 2
Profits ignored
Solution time = 2.928e+00
Task data
00    7  17     1
01    8  19     1
02    9  20     1
03   15  30     1
04   16  22     1
05   16  24     1
06   17 182     1
07   23  40     1
08   24  42     1
09   24 176     1
10   39  45     1
11   41  57     1
12   42  57     1
13   54  59     1
14   63  64     1
15   63  71     1
16   64  72     1
17   68 181     1
18   69  90     1
19   70  89     1
20   71  89     1
21   74  77     1
22   79  89     1
23   80  95     1
24   80  97     1
25   81  89     1
26   83  95     1
27   88 110     1
28   95  99     1
29   99 109     1
30  105 112     1
31  114 131     1
32  128 138     1
33  134 141     1
34  142 153     1
35  152 165     1
36  171 177     1
37  177 178     1
End
