P0	0 T0 15 
P1	0 T1 15 
P-1	0 T2 38 
P2	1 T3 43 
P3	2 T4 12 
P-1	5 T5 19 
P4	6 T6 18 
P5	7 T7 14 
P6	7 T8 19 
P7	8 T9 21 
P-1	9 T10 41 
P-1	10 T11 24 
P3	13 T12 24 
P5	15 T13 29 
P-1	16 T14 37 
P0	16 T15 47 
P-1	18 T16 28 
P1	19 T17 23 
P4	19 T18 37 
P-1	20 T19 38 
P6	20 T20 46 
P-1	22 T21 31 
P-1	22 T22 34 
P7	22 T23 41 
P-1	24 T24 32 
P1	24 T25 39 
P-1	26 T26 30 
P-1	26 T27 43 
P3	26 T28 46 
P-1	27 T29 36 
P-1	27 T30 38 
P-1	27 T31 40 
P-1	29 T32 36 
P-1	29 T33 38 
P5	31 T34 45 
P-1	32 T35 36 
P4	38 T36 46 
P1	42 T37 46 
NMec = 98475
Viable Sol. = 25330195024
Profit = 62380
T = 38
P = 8
Profits not ignored
Solution time = 3.501e+02
Task data
00    0  15  3104
01    0  15  3060
02    0  38  4597
03    1  43  9258
04    2  12  1729
05    5  19   941
06    6  18  1817
07    7  14   929
08    7  19  1955
09    8  21  3808
10    9  41  4078
11   10  24  2211
12   13  24  1893
13   15  29  3016
14   16  37  3145
15   16  47  6708
16   18  28  1290
17   19  23   690
18   19  37  3511
19   20  38  3099
20   20  46  5253
21   22  31  2378
22   22  34  2369
23   22  41  3588
24   24  32  1886
25   24  39  3278
26   26  30   398
27   26  43  1533
28   26  46  5095
29   27  36  2339
30   27  38  2208
31   27  40  1832
32   29  36   789
33   29  38  1496
34   31  45  2008
35   32  36   686
36   38  46  1049
37   42  46   631
End
