P0	0 T0 65 
P1	2 T1 19 
P2	3 T2 7 
P3	3 T3 26 
P4	4 T4 10 
P-1	7 T5 18 
P2	8 T6 59 
P-1	8 T7 73 
P-1	10 T8 13 
P-1	10 T9 19 
P-1	10 T10 20 
P-1	13 T11 67 
P-1	14 T12 27 
P-1	14 T13 35 
P4	16 T14 39 
P-1	21 T15 44 
P1	21 T16 47 
P-1	25 T17 48 
P-1	27 T18 32 
P-1	28 T19 36 
P-1	29 T20 38 
P3	30 T21 55 
P-1	32 T22 42 
P-1	34 T23 43 
P-1	45 T24 57 
P4	45 T25 61 
P-1	46 T26 47 
P-1	47 T27 64 
P-1	48 T28 54 
P1	48 T29 58 
P-1	54 T30 55 
P-1	56 T31 66 
P-1	57 T32 62 
P3	58 T33 71 
P1	60 T34 71 
P2	62 T35 68 
P4	62 T36 70 
P0	66 T37 75 
NMec = 98475
Viable Sol. = 16867184400
Profit = 60011
T = 38
P = 5
Profits not ignored
Solution time = 2.329e+02
Task data
00    0  65  9768
01    2  19  1858
02    3   7   894
03    3  26  1963
04    4  10  1530
05    7  18  1294
06    8  59 14694
07    8  73  4123
08   10  13   353
09   10  19  1225
10   10  20  1362
11   13  67  8054
12   14  27  1114
13   14  35  2115
14   16  39  6100
15   21  44  1940
16   21  47  5205
17   25  48  3657
18   27  32   684
19   28  36  2548
20   29  38   758
21   30  55  5169
22   32  42  1106
23   34  43  1547
24   45  57  2222
25   45  61  3780
26   46  47   481
27   47  64  3956
28   48  54   801
29   48  58  1606
30   54  55   419
31   56  66  1075
32   57  62   449
33   58  71  2189
34   60  71  2800
35   62  68   666
36   62  70  1038
37   66  75   751
End
