P-1	0 T0 15 
P0	0 T1 15 
P-1	0 T2 38 
P-1	1 T3 43 
P1	2 T4 12 
P2	5 T5 19 
P3	6 T6 18 
P4	7 T7 14 
P5	7 T8 19 
P6	8 T9 21 
P-1	9 T10 41 
P7	10 T11 24 
P1	13 T12 24 
P-1	15 T13 29 
P-1	16 T14 37 
P-1	16 T15 47 
P0	18 T16 28 
P3	19 T17 23 
P-1	19 T18 37 
P-1	20 T19 38 
P-1	20 T20 46 
P2	22 T21 31 
P-1	22 T22 34 
P-1	22 T23 41 
P-1	24 T24 32 
P-1	24 T25 39 
P1	26 T26 30 
P-1	26 T27 43 
P3	26 T28 46 
P4	27 T29 36 
P5	27 T30 38 
P6	27 T31 40 
P0	29 T32 36 
P7	29 T33 38 
P1	31 T34 45 
P2	32 T35 36 
P0	38 T36 46 
P2	42 T37 46 
NMec = 98475
Viable Sol. = 25330195024
Profit = 23
T = 38
P = 8
Profits ignored
Solution time = 2.188e+02
Task data
00    0  15     1
01    0  15     1
02    0  38     1
03    1  43     1
04    2  12     1
05    5  19     1
06    6  18     1
07    7  14     1
08    7  19     1
09    8  21     1
10    9  41     1
11   10  24     1
12   13  24     1
13   15  29     1
14   16  37     1
15   16  47     1
16   18  28     1
17   19  23     1
18   19  37     1
19   20  38     1
20   20  46     1
21   22  31     1
22   22  34     1
23   22  41     1
24   24  32     1
25   24  39     1
26   26  30     1
27   26  43     1
28   26  46     1
29   27  36     1
30   27  38     1
31   27  40     1
32   29  36     1
33   29  38     1
34   31  45     1
35   32  36     1
36   38  46     1
37   42  46     1
End
