P0	0 T0 6 
P1	0 T1 7 
P2	1 T2 9 
P3	1 T3 40 
P4	4 T4 11 
P5	5 T5 14 
P6	5 T6 20 
P-1	5 T7 23 
P-1	5 T8 31 
P-1	6 T9 24 
P0	7 T10 16 
P-1	7 T11 29 
P1	9 T12 11 
P7	9 T13 21 
P-1	11 T14 20 
P-1	11 T15 24 
P1	12 T16 27 
P2	13 T17 33 
P-1	14 T18 28 
P4	15 T19 30 
P5	15 T20 30 
P8	15 T21 41 
P-1	16 T22 25 
P-1	17 T23 28 
P-1	19 T24 38 
P0	19 T25 40 
P-1	20 T26 26 
P-1	20 T27 28 
P-1	20 T28 38 
P6	22 T29 38 
P-1	22 T30 41 
P7	23 T31 28 
P-1	23 T32 30 
P1	28 T33 40 
P7	30 T34 41 
P4	31 T35 39 
P5	33 T36 42 
P2	36 T37 42 
NMec = 98475
Viable Sol. = 43693196188
Profit = 62522
T = 38
P = 9
Profits not ignored
Solution time = 3.836e+02
Task data
00    0   6   479
01    0   7  1384
02    1   9  1165
03    1  40  8636
04    4  11  2186
05    5  14  1420
06    5  20  2269
07    5  23  2023
08    5  31  2880
09    6  24  1932
10    7  16  2373
11    7  29  1669
12    9  11   561
13    9  21  2012
14   11  20  1926
15   11  24  2163
16   12  27  2378
17   13  33  5004
18   14  28  1508
19   15  30  4648
20   15  30  3335
21   15  41  7389
22   16  25   964
23   17  28  1124
24   19  38  3115
25   19  40  4163
26   20  26  1437
27   20  28  2181
28   20  38  2610
29   22  38  3155
30   22  41  2496
31   23  28   868
32   23  30   945
33   28  40  2393
34   30  41  1983
35   31  39  2056
36   33  42  1892
37   36  42   773
End
