P0	0 T0 8 
P-1	0 T1 10 
P1	1 T2 3 
P2	1 T3 7 
P3	1 T4 11 
P4	1 T5 16 
P5	1 T6 21 
P6	1 T7 23 
P7	2 T8 10 
P-1	2 T9 19 
P8	2 T10 24 
P9	3 T11 9 
P-1	3 T12 9 
P-1	4 T13 20 
P1	5 T14 28 
P-1	6 T15 10 
P-1	6 T16 18 
P-1	6 T17 22 
P-1	6 T18 25 
P2	8 T19 19 
P-1	9 T20 13 
P0	10 T21 18 
P-1	10 T22 21 
P9	10 T23 32 
P7	11 T24 36 
P3	14 T25 16 
P-1	14 T26 21 
P-1	16 T27 17 
P3	18 T28 35 
P0	19 T29 34 
P2	20 T30 27 
P4	21 T31 37 
P5	24 T32 28 
P6	24 T33 35 
P1	30 T34 37 
P2	31 T35 36 
P5	32 T36 36 
P8	33 T37 37 
NMec = 98475
Viable Sol. = 151109529664
Profit = 56303
T = 38
P = 10
Profits not ignored
Solution time = 1.352e+03
Task data
00    0   8  1027
01    0  10   860
02    1   3   353
03    1   7  1015
04    1  11  1563
05    1  16  2225
06    1  21  3958
07    1  23  3811
08    2  10  1952
09    2  19  1768
10    2  24  3267
11    3   9  1293
12    3   9   680
13    4  20  1756
14    5  28  5255
15    6  10   654
16    6  18  2113
17    6  22  1886
18    6  25  2704
19    8  19  1225
20    9  13   516
21   10  18  1427
22   10  21  1852
23   10  32  4399
24   11  36  5132
25   14  16   579
26   14  21  1416
27   16  17   481
28   18  35  4493
29   19  34  2743
30   20  27   975
31   21  37  1759
32   24  28   572
33   24  35  3400
34   30  37  1003
35   31  36  1259
36   32  36   908
37   33  37   710
End
