P0	0 T0 8 
P-1	0 T1 10 
P1	1 T2 3 
P2	1 T3 7 
P3	1 T4 11 
P-1	1 T5 16 
P-1	1 T6 21 
P-1	1 T7 23 
P4	2 T8 10 
P-1	2 T9 19 
P-1	2 T10 24 
P5	3 T11 9 
P6	3 T12 9 
P-1	4 T13 20 
P-1	5 T14 28 
P1	6 T15 10 
P-1	6 T16 18 
P7	6 T17 22 
P8	6 T18 25 
P2	8 T19 19 
P0	9 T20 13 
P5	10 T21 18 
P6	10 T22 21 
P9	10 T23 32 
P1	11 T24 36 
P0	14 T25 16 
P3	14 T26 21 
P4	16 T27 17 
P0	18 T28 35 
P4	19 T29 34 
P2	20 T30 27 
P5	21 T31 37 
P3	24 T32 28 
P6	24 T33 35 
P2	30 T34 37 
P3	31 T35 36 
P7	32 T36 36 
P8	33 T37 37 
NMec = 98475
Viable Sol. = 151109529664
Profit = 29
T = 38
P = 10
Profits ignored
Solution time = 1.266e+03
Task data
00    0   8     1
01    0  10     1
02    1   3     1
03    1   7     1
04    1  11     1
05    1  16     1
06    1  21     1
07    1  23     1
08    2  10     1
09    2  19     1
10    2  24     1
11    3   9     1
12    3   9     1
13    4  20     1
14    5  28     1
15    6  10     1
16    6  18     1
17    6  22     1
18    6  25     1
19    8  19     1
20    9  13     1
21   10  18     1
22   10  21     1
23   10  32     1
24   11  36     1
25   14  16     1
26   14  21     1
27   16  17     1
28   18  35     1
29   19  34     1
30   20  27     1
31   21  37     1
32   24  28     1
33   24  35     1
34   30  37     1
35   31  36     1
36   32  36     1
37   33  37     1
End
