P-1	0 T0 53 
P0	3 T1 16 
P1	4 T2 8 
P-1	7 T3 18 
P-1	8 T4 52 
P-1	9 T5 18 
P1	9 T6 21 
P2	11 T7 22 
P3	13 T8 23 
P4	14 T9 21 
P-1	15 T10 55 
P5	16 T11 25 
P0	17 T12 21 
P6	17 T13 26 
P-1	20 T14 49 
P-1	21 T15 39 
P-1	26 T16 41 
P0	27 T17 35 
P-1	27 T18 49 
P-1	28 T19 50 
P1	29 T20 31 
P-1	29 T21 48 
P2	30 T22 35 
P3	30 T23 36 
P-1	30 T24 43 
P4	31 T25 37 
P-1	31 T26 40 
P5	31 T27 40 
P1	32 T28 39 
P-1	32 T29 48 
P6	34 T30 42 
P0	36 T31 45 
P2	37 T32 45 
P3	38 T33 40 
P4	38 T34 43 
P1	40 T35 51 
P3	41 T36 54 
P5	41 T37 55 
P0	48 T38 50 
NMec = 98475
Viable Sol. = 41430682652
Profit = 25
T = 39
P = 7
Profits ignored
Solution time = 3.686e+02
Task data
00    0  53     1
01    3  16     1
02    4   8     1
03    7  18     1
04    8  52     1
05    9  18     1
06    9  21     1
07   11  22     1
08   13  23     1
09   14  21     1
10   15  55     1
11   16  25     1
12   17  21     1
13   17  26     1
14   20  49     1
15   21  39     1
16   26  41     1
17   27  35     1
18   27  49     1
19   28  50     1
20   29  31     1
21   29  48     1
22   30  35     1
23   30  36     1
24   30  43     1
25   31  37     1
26   31  40     1
27   31  40     1
28   32  39     1
29   32  48     1
30   34  42     1
31   36  45     1
32   37  45     1
33   38  40     1
34   38  43     1
35   40  51     1
36   41  54     1
37   41  55     1
38   48  50     1
End
