P0	2 T0 8 
P-1	3 T1 15 
P1	4 T2 14 
P2	7 T3 20 
P0	13 T4 26 
P-1	17 T5 30 
P-1	18 T6 39 
P1	20 T7 46 
P-1	22 T8 70 
P-1	23 T9 28 
P-1	24 T10 36 
P-1	24 T11 37 
P2	24 T12 41 
P0	27 T13 32 
P0	33 T14 45 
P-1	40 T15 59 
P-1	42 T16 57 
P2	43 T17 57 
P0	50 T18 60 
P-1	50 T19 67 
P-1	51 T20 69 
P1	55 T21 64 
P-1	59 T22 68 
P0	63 T23 78 
P1	65 T24 79 
P2	66 T25 79 
P0	86 T26 105 
P1	87 T27 97 
P-1	88 T28 101 
P-1	90 T29 112 
P-1	93 T30 113 
P-1	97 T31 108 
P1	98 T32 108 
P2	99 T33 111 
P0	107 T34 117 
P1	109 T35 110 
P1	112 T36 124 
P2	115 T37 126 
P0	121 T38 128 
NMec = 98475
Viable Sol. = 10482340896
Profit = 48846
T = 39
P = 3
Profits not ignored
Solution time = 1.259e+02
Task data
00    2   8  2005
01    3  15  1485
02    4  14  2155
03    7  20  2349
04   13  26  1718
05   17  30  1541
06   18  39  3044
07   20  46  4964
08   22  70  4145
09   23  28  1294
10   24  36  1368
11   24  37  2847
12   24  41  4288
13   27  32   483
14   33  45  2433
15   40  59  1517
16   42  57  1731
17   43  57  2897
18   50  60  1722
19   50  67   987
20   51  69  1584
21   55  64  1017
22   59  68   888
23   63  78  1692
24   65  79   993
25   66  79  2174
26   86 105  2600
27   87  97  2497
28   88 101  1225
29   90 112  1868
30   93 113  2238
31   97 108  1698
32   98 108  2317
33   99 111  2900
34  107 117   935
35  109 110   152
36  112 124  3776
37  115 126  2057
38  121 128   722
End
