P0	0 T0 53 
P1	3 T1 16 
P2	4 T2 8 
P3	7 T3 18 
P4	8 T4 52 
P-1	9 T5 18 
P2	9 T6 21 
P-1	11 T7 22 
P5	13 T8 23 
P-1	14 T9 21 
P6	15 T10 55 
P-1	16 T11 25 
P-1	17 T12 21 
P1	17 T13 26 
P-1	20 T14 49 
P3	21 T15 39 
P2	26 T16 41 
P-1	27 T17 35 
P-1	27 T18 49 
P1	28 T19 50 
P-1	29 T20 31 
P-1	29 T21 48 
P-1	30 T22 35 
P5	30 T23 36 
P-1	30 T24 43 
P-1	31 T25 37 
P-1	31 T26 40 
P-1	31 T27 40 
P-1	32 T28 39 
P-1	32 T29 48 
P-1	34 T30 42 
P-1	36 T31 45 
P-1	37 T32 45 
P5	38 T33 40 
P-1	38 T34 43 
P-1	40 T35 51 
P3	41 T36 54 
P5	41 T37 55 
P2	48 T38 50 
NMec = 98475
Viable Sol. = 41430682652
Profit = 61075
T = 39
P = 7
Profits not ignored
Solution time = 6.073e+02
Task data
00    0  53 12032
01    3  16  3345
02    4   8   671
03    7  18  1877
04    8  52  9242
05    9  18  1181
06    9  21  3522
07   11  22  1156
08   13  23  2236
09   14  21  1599
10   15  55  7005
11   16  25  1919
12   17  21   603
13   17  26  1058
14   20  49  3677
15   21  39  2626
16   26  41  3403
17   27  35  1002
18   27  49  3185
19   28  50  5973
20   29  31   723
21   29  48  2698
22   30  35  1066
23   30  36  1346
24   30  43  1515
25   31  37  1019
26   31  40  1518
27   31  40  1052
28   32  39   571
29   32  48  2162
30   34  42  1218
31   36  45   818
32   37  45  1226
33   38  40   550
34   38  43  1225
35   40  51  1985
36   41  54  2079
37   41  55  3496
38   48  50   614
End
