P-1	0 T0 8 
P0	0 T1 13 
P1	5 T2 19 
P-1	6 T3 15 
P0	18 T4 27 
P1	21 T5 31 
P0	30 T6 194 
P-1	32 T7 132 
P1	37 T8 42 
P-1	41 T9 52 
P-1	43 T10 53 
P1	44 T11 61 
P-1	46 T12 64 
P-1	50 T13 54 
P-1	51 T14 54 
P-1	60 T15 72 
P-1	64 T16 79 
P1	68 T17 85 
P-1	70 T18 85 
P-1	74 T19 76 
P-1	79 T20 94 
P-1	79 T21 103 
P-1	80 T22 85 
P-1	81 T23 92 
P-1	88 T24 92 
P1	88 T25 97 
P1	108 T26 114 
P-1	116 T27 123 
P-1	118 T28 126 
P1	120 T29 124 
P1	126 T30 134 
P-1	134 T31 151 
P1	141 T32 155 
P-1	155 T33 164 
P1	156 T34 169 
P-1	157 T35 171 
P-1	161 T36 176 
P1	171 T37 191 
P-1	186 T38 194 
NMec = 98475
Viable Sol. = 3427813752
Profit = 47303
T = 39
P = 2
Profits not ignored
Solution time = 4.214e+01
Task data
00    0   8   667
01    0  13  2107
02    5  19  2306
03    6  15  1878
04   18  27   994
05   21  31  1118
06   30 194 19545
07   32 132 12903
08   37  42   715
09   41  52  1142
10   43  53  1604
11   44  61  2586
12   46  64  1743
13   50  54   863
14   51  54   496
15   60  72  2224
16   64  79  3712
17   68  85  4542
18   70  85  4298
19   74  76   349
20   79  94  1028
21   79 103  4374
22   80  85   703
23   81  92  1098
24   88  92   979
25   88  97  1511
26  108 114  1530
27  116 123   636
28  118 126  1651
29  120 124  1083
30  126 134  2346
31  134 151  1960
32  141 155  1152
33  155 164  1163
34  156 169  1864
35  157 171   928
36  161 176  3448
37  171 191  3904
38  186 194  1093
End
