P-1	0 T0 8 
P-1	0 T1 13 
P0	5 T2 19 
P1	6 T3 15 
P1	18 T4 27 
P0	21 T5 31 
P-1	30 T6 194 
P-1	32 T7 132 
P0	37 T8 42 
P-1	41 T9 52 
P-1	43 T10 53 
P-1	44 T11 61 
P-1	46 T12 64 
P0	50 T13 54 
P1	51 T14 54 
P0	60 T15 72 
P-1	64 T16 79 
P-1	68 T17 85 
P1	70 T18 85 
P0	74 T19 76 
P-1	79 T20 94 
P-1	79 T21 103 
P0	80 T22 85 
P-1	81 T23 92 
P0	88 T24 92 
P1	88 T25 97 
P0	108 T26 114 
P-1	116 T27 123 
P0	118 T28 126 
P1	120 T29 124 
P1	126 T30 134 
P0	134 T31 151 
P1	141 T32 155 
P-1	155 T33 164 
P0	156 T34 169 
P-1	157 T35 171 
P1	161 T36 176 
P0	171 T37 191 
P1	186 T38 194 
NMec = 98475
Viable Sol. = 3427813752
Profit = 23
T = 39
P = 2
Profits ignored
Solution time = 2.487e+01
Task data
00    0   8     1
01    0  13     1
02    5  19     1
03    6  15     1
04   18  27     1
05   21  31     1
06   30 194     1
07   32 132     1
08   37  42     1
09   41  52     1
10   43  53     1
11   44  61     1
12   46  64     1
13   50  54     1
14   51  54     1
15   60  72     1
16   64  79     1
17   68  85     1
18   70  85     1
19   74  76     1
20   79  94     1
21   79 103     1
22   80  85     1
23   81  92     1
24   88  92     1
25   88  97     1
26  108 114     1
27  116 123     1
28  118 126     1
29  120 124     1
30  126 134     1
31  134 151     1
32  141 155     1
33  155 164     1
34  156 169     1
35  157 171     1
36  161 176     1
37  171 191     1
38  186 194     1
End
