P0	0 T0 15 
P-1	0 T1 21 
P1	1 T2 6 
P-1	5 T3 73 
P2	6 T4 28 
P-1	6 T5 76 
P1	11 T6 19 
P-1	11 T7 74 
P-1	12 T8 34 
P-1	15 T9 34 
P0	16 T10 32 
P3	18 T11 30 
P4	18 T12 43 
P-1	22 T13 64 
P-1	25 T14 49 
P1	29 T15 37 
P2	29 T16 38 
P-1	30 T17 74 
P-1	32 T18 47 
P3	32 T19 47 
P0	43 T20 47 
P1	46 T21 54 
P2	46 T22 55 
P4	46 T23 59 
P-1	49 T24 72 
P0	53 T25 61 
P3	53 T26 62 
P1	55 T27 60 
P-1	55 T28 73 
P-1	55 T29 76 
P-1	56 T30 71 
P-1	57 T31 71 
P-1	57 T32 72 
P1	61 T33 74 
P2	61 T34 74 
P0	63 T35 77 
P3	66 T36 76 
P4	67 T37 69 
P4	70 T38 76 
NMec = 98475
Viable Sol. = 9825071126
Profit = 23
T = 39
P = 5
Profits ignored
Solution time = 8.964e+01
Task data
00    0  15     1
01    0  21     1
02    1   6     1
03    5  73     1
04    6  28     1
05    6  76     1
06   11  19     1
07   11  74     1
08   12  34     1
09   15  34     1
10   16  32     1
11   18  30     1
12   18  43     1
13   22  64     1
14   25  49     1
15   29  37     1
16   29  38     1
17   30  74     1
18   32  47     1
19   32  47     1
20   43  47     1
21   46  54     1
22   46  55     1
23   46  59     1
24   49  72     1
25   53  61     1
26   53  62     1
27   55  60     1
28   55  73     1
29   55  76     1
30   56  71     1
31   57  71     1
32   57  72     1
33   61  74     1
34   61  74     1
35   63  77     1
36   66  76     1
37   67  69     1
38   70  76     1
End
