P0	0 T0 7 
P1	0 T1 9 
P-1	1 T2 14 
P-1	2 T3 28 
P-1	3 T4 14 
P-1	6 T5 53 
P-1	6 T6 54 
P2	7 T7 8 
P3	7 T8 13 
P-1	7 T9 40 
P0	8 T10 20 
P-1	9 T11 46 
P1	10 T12 20 
P2	11 T13 17 
P-1	11 T14 30 
P4	13 T15 24 
P5	13 T16 28 
P-1	16 T17 32 
P-1	17 T18 31 
P2	20 T19 21 
P0	22 T20 34 
P1	23 T21 41 
P2	24 T22 33 
P3	25 T23 40 
P4	26 T24 31 
P5	29 T25 45 
P-1	30 T26 49 
P4	32 T27 45 
P-1	34 T28 49 
P-1	34 T29 61 
P-1	35 T30 49 
P0	43 T31 50 
P1	43 T32 51 
P2	44 T33 64 
P3	45 T34 59 
P4	47 T35 52 
P5	47 T36 58 
P0	54 T37 63 
P1	56 T38 59 
NMec = 98475
Viable Sol. = 54610954416
Profit = 25
T = 39
P = 6
Profits ignored
Solution time = 4.085e+02
Task data
00    0   7     1
01    0   9     1
02    1  14     1
03    2  28     1
04    3  14     1
05    6  53     1
06    6  54     1
07    7   8     1
08    7  13     1
09    7  40     1
10    8  20     1
11    9  46     1
12   10  20     1
13   11  17     1
14   11  30     1
15   13  24     1
16   13  28     1
17   16  32     1
18   17  31     1
19   20  21     1
20   22  34     1
21   23  41     1
22   24  33     1
23   25  40     1
24   26  31     1
25   29  45     1
26   30  49     1
27   32  45     1
28   34  49     1
29   34  61     1
30   35  49     1
31   43  50     1
32   43  51     1
33   44  64     1
34   45  59     1
35   47  52     1
36   47  58     1
37   54  63     1
38   56  59     1
End
