P0	0 T0 12 
P1	0 T1 17 
P2	1 T2 7 
P3	1 T3 9 
P4	3 T4 12 
P5	3 T5 17 
P-1	3 T6 22 
P6	4 T7 12 
P7	6 T8 26 
P8	7 T9 8 
P2	8 T10 15 
P-1	9 T11 18 
P8	9 T12 24 
P-1	10 T13 30 
P3	11 T14 30 
P-1	13 T15 25 
P-1	14 T16 19 
P-1	14 T17 24 
P-1	15 T18 25 
P0	15 T19 35 
P-1	15 T20 37 
P-1	15 T21 41 
P2	17 T22 33 
P4	17 T23 42 
P6	17 T24 42 
P1	18 T25 27 
P-1	19 T26 29 
P-1	19 T27 32 
P5	20 T28 36 
P-1	21 T29 36 
P-1	22 T30 29 
P-1	24 T31 39 
P1	29 T32 37 
P7	29 T33 43 
P-1	30 T34 31 
P8	30 T35 43 
P3	33 T36 41 
P2	34 T37 39 
P0	38 T38 42 
NMec = 98475
Viable Sol. = 168462857346
Profit = 56197
T = 39
P = 9
Profits not ignored
Solution time = 1.366e+03
Task data
00    0  12  2314
01    0  17  3171
02    1   7   764
03    1   9  1686
04    3  12  1231
05    3  17  2055
06    3  22  2377
07    4  12  1933
08    6  26  3804
09    7   8   479
10    8  15  1724
11    9  18  1462
12    9  24  3257
13   10  30  3555
14   11  30  4435
15   13  25  1589
16   14  19   523
17   14  24  2475
18   15  25  2262
19   15  35  4008
20   15  37  2789
21   15  41  2588
22   17  33  3589
23   17  42  4916
24   17  42  3858
25   18  27  2159
26   19  29  1527
27   19  32  2012
28   20  36  2773
29   21  36  1289
30   22  29  1389
31   24  39  1448
32   29  37   684
33   29  43  1493
34   30  31   382
35   30  43  2823
36   33  41  1154
37   34  39  1028
38   38  42   859
End
