P0	1 T0 4 
P-1	2 T1 87 
P-1	6 T2 14 
P-1	7 T3 18 
P0	11 T4 24 
P1	12 T5 16 
P2	12 T6 27 
P3	13 T7 27 
P-1	19 T8 67 
P1	20 T9 24 
P0	26 T10 29 
P-1	28 T11 39 
P1	28 T12 41 
P2	28 T13 46 
P0	30 T14 41 
P3	31 T15 35 
P-1	35 T16 48 
P-1	36 T17 59 
P-1	40 T18 48 
P3	41 T19 44 
P-1	41 T20 52 
P-1	42 T21 50 
P0	43 T22 48 
P1	44 T23 51 
P2	47 T24 54 
P3	48 T25 56 
P0	49 T26 65 
P-1	54 T27 75 
P-1	57 T28 75 
P1	59 T29 69 
P-1	59 T30 80 
P2	60 T31 75 
P-1	62 T32 77 
P3	63 T33 81 
P0	70 T34 88 
P1	74 T35 88 
P2	76 T36 84 
P3	82 T37 88 
P0	94 T38 96 
NMec = 98475
Viable Sol. = 27027915832
Profit = 25
T = 39
P = 4
Profits ignored
Solution time = 1.855e+02
Task data
00    1   4     1
01    2  87     1
02    6  14     1
03    7  18     1
04   11  24     1
05   12  16     1
06   12  27     1
07   13  27     1
08   19  67     1
09   20  24     1
10   26  29     1
11   28  39     1
12   28  41     1
13   28  46     1
14   30  41     1
15   31  35     1
16   35  48     1
17   36  59     1
18   40  48     1
19   41  44     1
20   41  52     1
21   42  50     1
22   43  48     1
23   44  51     1
24   47  54     1
25   48  56     1
26   49  65     1
27   54  75     1
28   57  75     1
29   59  69     1
30   59  80     1
31   60  75     1
32   62  77     1
33   63  81     1
34   70  88     1
35   74  88     1
36   76  84     1
37   82  88     1
38   94  96     1
End
