P0	1 T0 4 
P1	2 T1 87 
P-1	6 T2 14 
P0	7 T3 18 
P-1	11 T4 24 
P-1	12 T5 16 
P2	12 T6 27 
P3	13 T7 27 
P-1	19 T8 67 
P0	20 T9 24 
P0	26 T10 29 
P-1	28 T11 39 
P-1	28 T12 41 
P2	28 T13 46 
P0	30 T14 41 
P3	31 T15 35 
P-1	35 T16 48 
P3	36 T17 59 
P-1	40 T18 48 
P-1	41 T19 44 
P-1	41 T20 52 
P0	42 T21 50 
P-1	43 T22 48 
P-1	44 T23 51 
P2	47 T24 54 
P-1	48 T25 56 
P-1	49 T26 65 
P-1	54 T27 75 
P-1	57 T28 75 
P0	59 T29 69 
P2	59 T30 80 
P3	60 T31 75 
P-1	62 T32 77 
P-1	63 T33 81 
P-1	70 T34 88 
P0	74 T35 88 
P3	76 T36 84 
P2	82 T37 88 
P0	94 T38 96 
NMec = 98475
Viable Sol. = 27027915832
Profit = 58162
T = 39
P = 4
Profits not ignored
Solution time = 3.253e+02
Task data
00    1   4  1028
01    2  87 15627
02    6  14   823
03    7  18  1574
04   11  24  1179
05   12  16   817
06   12  27  3011
07   13  27  1361
08   19  67  4783
09   20  24  1065
10   26  29   931
11   28  39  1196
12   28  41  1581
13   28  46  4882
14   30  41  2562
15   31  35   469
16   35  48  2496
17   36  59  3503
18   40  48  1149
19   41  44   405
20   41  52  1751
21   42  50  2186
22   43  48   543
23   44  51  1387
24   47  54  1821
25   48  56  1609
26   49  65  1568
27   54  75  1865
28   57  75  2680
29   59  69  1461
30   59  80  6385
31   60  75  2582
32   62  77  1558
33   63  81  2728
34   70  88  1027
35   74  88  3394
36   76  84  1946
37   82  88  1854
38   94  96   520
End
