P0	2 T0 8 
P-1	3 T1 15 
P1	4 T2 14 
P2	7 T3 20 
P0	13 T4 26 
P-1	17 T5 30 
P-1	18 T6 39 
P-1	20 T7 46 
P-1	22 T8 70 
P-1	23 T9 28 
P-1	24 T10 36 
P1	24 T11 37 
P2	24 T12 41 
P0	27 T13 32 
P0	33 T14 45 
P-1	40 T15 59 
P-1	42 T16 57 
P1	43 T17 57 
P0	50 T18 60 
P-1	50 T19 67 
P-1	51 T20 69 
P2	55 T21 64 
P-1	59 T22 68 
P0	63 T23 78 
P1	65 T24 79 
P2	66 T25 79 
P-1	86 T26 105 
P0	87 T27 97 
P1	88 T28 101 
P-1	90 T29 112 
P-1	93 T30 113 
P-1	97 T31 108 
P0	98 T32 108 
P2	99 T33 111 
P1	107 T34 117 
P0	109 T35 110 
P0	112 T36 124 
P2	115 T37 126 
P1	121 T38 128 
NMec = 98475
Viable Sol. = 10482340896
Profit = 23
T = 39
P = 3
Profits ignored
Solution time = 7.404e+01
Task data
00    2   8     1
01    3  15     1
02    4  14     1
03    7  20     1
04   13  26     1
05   17  30     1
06   18  39     1
07   20  46     1
08   22  70     1
09   23  28     1
10   24  36     1
11   24  37     1
12   24  41     1
13   27  32     1
14   33  45     1
15   40  59     1
16   42  57     1
17   43  57     1
18   50  60     1
19   50  67     1
20   51  69     1
21   55  64     1
22   59  68     1
23   63  78     1
24   65  79     1
25   66  79     1
26   86 105     1
27   87  97     1
28   88 101     1
29   90 112     1
30   93 113     1
31   97 108     1
32   98 108     1
33   99 111     1
34  107 117     1
35  109 110     1
36  112 124     1
37  115 126     1
38  121 128     1
End
