P0	3 T0 11 
P0	19 T1 20 
P0	23 T2 31 
P-1	24 T3 35 
P-1	20 T4 40 
P-1	28 T5 43 
P0	43 T6 57 
P-1	51 T7 62 
P-1	48 T8 63 
P0	70 T9 75 
P-1	68 T10 85 
P0	82 T11 102 
P0	108 T12 117 
P0	128 T13 137 
P0	140 T14 149 
P0	160 T15 169 
P-1	161 T16 177 
P-1	165 T17 178 
P-1	169 T18 184 
P0	180 T19 187 
P-1	184 T20 194 
P0	196 T21 201 
P0	210 T22 214 
P0	216 T23 234 
P0	240 T24 249 
P-1	229 T25 250 
P-1	238 T26 257 
P-1	249 T27 270 
P0	258 T28 276 
P0	291 T29 298 
P0	302 T30 307 
P0	321 T31 325 
P-1	320 T32 344 
P-1	142 T33 349 
P0	351 T34 358 
P0	362 T35 368 
P-1	367 T36 384 
P0	372 T37 384 
P-1	272 T38 385 
NMec = 98475
Viable Sol. = 0
Profit = 22
T = 39
P = 1
Profits ignored
Solution time = 7.233e-06
Task data
00    3  11     1
01   19  20     1
02   23  31     1
03   24  35     1
04   20  40     1
05   28  43     1
06   43  57     1
07   51  62     1
08   48  63     1
09   70  75     1
10   68  85     1
11   82 102     1
12  108 117     1
13  128 137     1
14  140 149     1
15  160 169     1
16  161 177     1
17  165 178     1
18  169 184     1
19  180 187     1
20  184 194     1
21  196 201     1
22  210 214     1
23  216 234     1
24  240 249     1
25  229 250     1
26  238 257     1
27  249 270     1
28  258 276     1
29  291 298     1
30  302 307     1
31  321 325     1
32  320 344     1
33  142 349     1
34  351 358     1
35  362 368     1
36  367 384     1
37  372 384     1
38  272 385     1
End
