P0	9 T0 13 
P-1	36 T1 47 
P0	42 T2 52 
P-1	59 T3 296 
P-1	62 T4 69 
P0	67 T5 74 
P0	78 T6 88 
P-1	79 T7 90 
P-1	87 T8 99 
P0	93 T9 104 
P0	111 T10 134 
P-1	116 T11 130 
P-1	120 T12 138 
P-1	123 T13 132 
P-1	127 T14 131 
P-1	129 T15 391 
P-1	137 T16 303 
P-1	140 T17 153 
P0	142 T18 367 
P-1	147 T19 166 
P-1	154 T20 159 
P-1	165 T21 170 
P-1	172 T22 185 
P-1	172 T23 316 
P-1	177 T24 193 
P-1	181 T25 193 
P-1	191 T26 192 
P-1	195 T27 206 
P-1	247 T28 255 
P-1	254 T29 257 
P-1	267 T30 280 
P-1	272 T31 283 
P-1	295 T32 301 
P-1	295 T33 314 
P-1	301 T34 316 
P-1	313 T35 324 
P-1	320 T36 332 
P-1	362 T37 375 
P0	382 T38 396 
P-1	390 T39 392 
NMec = 98475
Viable Sol. = 44185482
Profit = 65254
T = 40
P = 1
Profits not ignored
Solution time = 6.059e-01
Task data
00    9  13   708
01   36  47  1333
02   42  52  1548
03   59 296 25784
04   62  69  1243
05   67  74  1454
06   78  88  2608
07   79  90   934
08   87  99  2231
09   93 104  1806
10  111 134  3481
11  116 130   927
12  120 138  3286
13  123 132  1794
14  127 131   677
15  129 391 26201
16  137 303 26467
17  140 153  2492
18  142 367 51504
19  147 166  1692
20  154 159  1113
21  165 170   752
22  172 185  1568
23  172 316 31156
24  177 193  2287
25  181 193   988
26  191 192   311
27  195 206  2683
28  247 255   928
29  254 257   799
30  267 280  1413
31  272 283  1440
32  295 301   669
33  295 314  1225
34  301 316  2935
35  313 324  2584
36  320 332  2482
37  362 375  1880
38  382 396  2145
39  390 392   705
End
