P-1	0 T0 56 
P0	2 T1 18 
P1	3 T2 20 
P2	4 T3 14 
P-1	5 T4 20 
P-1	5 T5 42 
P-1	8 T6 14 
P3	9 T7 12 
P4	10 T8 40 
P5	11 T9 28 
P-1	12 T10 33 
P-1	12 T11 35 
P-1	13 T12 16 
P-1	13 T13 36 
P3	14 T14 32 
P-1	15 T15 25 
P2	18 T16 30 
P0	19 T17 44 
P-1	21 T18 41 
P-1	24 T19 40 
P1	24 T20 62 
P-1	27 T21 66 
P-1	28 T22 41 
P5	30 T23 47 
P2	33 T24 39 
P-1	34 T25 45 
P-1	34 T26 55 
P-1	35 T27 40 
P-1	35 T28 53 
P-1	36 T29 49 
P-1	37 T30 55 
P3	37 T31 60 
P2	40 T32 55 
P4	41 T33 50 
P0	45 T34 55 
P-1	47 T35 51 
P5	50 T36 66 
P4	53 T37 57 
P0	57 T38 64 
P2	62 T39 66 
NMec = 98475
Viable Sol. = 30878545288
Profit = 59371
T = 40
P = 6
Profits not ignored
Solution time = 3.753e+02
Task data
00    0  56  6000
01    2  18  3332
02    3  20  5228
03    4  14  2050
04    5  20  1187
05    5  42  4308
06    8  14   874
07    9  12   929
08   10  40  7178
09   11  28  3235
10   12  33  2305
11   12  35  1903
12   13  16  1007
13   13  36  2240
14   14  32  2317
15   15  25  1004
16   18  30  2183
17   19  44  4613
18   21  41  3024
19   24  40  2626
20   24  62  6511
21   27  66  2729
22   28  41   933
23   30  47  3500
24   33  39   980
25   34  45  2029
26   34  55  3562
27   35  40   861
28   35  53  3309
29   36  49  2476
30   37  55  2281
31   37  60  4639
32   40  55  3807
33   41  50  1012
34   45  55  2193
35   47  51   749
36   50  66  3624
37   53  57   548
38   57  64   810
39   62  66   682
End
