P-1	2 T0 18 
P-1	2 T1 21 
P0	3 T2 12 
P1	3 T3 14 
P-1	3 T4 20 
P-1	4 T5 22 
P2	4 T6 22 
P3	5 T7 14 
P4	5 T8 30 
P-1	7 T9 15 
P-1	7 T10 17 
P-1	8 T11 18 
P-1	9 T12 15 
P5	11 T13 30 
P-1	12 T14 19 
P6	12 T15 35 
P7	12 T16 51 
P-1	13 T17 18 
P-1	13 T18 31 
P-1	13 T19 36 
P-1	14 T20 30 
P0	14 T21 40 
P1	16 T22 36 
P-1	17 T23 19 
P3	17 T24 28 
P-1	18 T25 42 
P-1	20 T26 35 
P-1	23 T27 34 
P-1	24 T28 47 
P-1	26 T29 36 
P-1	27 T30 37 
P-1	28 T31 36 
P2	29 T32 50 
P3	30 T33 41 
P4	31 T34 41 
P5	31 T35 51 
P-1	33 T36 37 
P6	36 T37 50 
P1	37 T38 38 
P1	39 T39 44 
P0	41 T40 47 
NMec = 98475
Viable Sol. = 167624142989
Profit = 61077
T = 41
P = 8
Profits not ignored
Solution time = 2.305e+03
Task data
00    2  18  1519
01    2  21  2545
02    3  12  2256
03    3  14  2754
04    3  20  2610
05    4  22  2680
06    4  22  3584
07    5  14  1668
08    5  30  4537
09    7  15  1296
10    7  17  1564
11    8  18  1028
12    9  15  1565
13   11  30  3622
14   12  19  2125
15   12  35  5767
16   12  51  4904
17   13  18  1555
18   13  31  2779
19   13  36  2582
20   14  30  2043
21   14  40  5533
22   16  36  4537
23   17  19   701
24   17  28  2835
25   18  42  2709
26   20  35  1980
27   23  34  1397
28   24  47  2062
29   26  36  1142
30   27  37  1904
31   28  36  1302
32   29  50  4359
33   30  41  2385
34   31  41  1727
35   31  51  5543
36   33  37   919
37   36  50  3714
38   37  38   173
39   39  44   498
40   41  47   681
End
