P0	2 T0 8 
P1	2 T1 19 
P2	2 T2 42 
P-1	2 T3 81 
P3	8 T4 17 
P0	12 T5 30 
P-1	13 T6 23 
P4	17 T7 29 
P-1	19 T8 42 
P-1	20 T9 33 
P-1	20 T10 36 
P-1	20 T11 39 
P-1	20 T12 45 
P1	26 T13 37 
P-1	27 T14 41 
P-1	27 T15 43 
P-1	28 T16 66 
P3	29 T17 64 
P-1	30 T18 35 
P0	31 T19 44 
P4	31 T20 57 
P-1	33 T21 54 
P-1	36 T22 40 
P-1	40 T23 57 
P-1	41 T24 49 
P1	41 T25 75 
P-1	42 T26 57 
P-1	43 T27 66 
P-1	46 T28 55 
P0	47 T29 59 
P-1	49 T30 60 
P2	50 T31 63 
P-1	51 T32 72 
P-1	53 T33 63 
P4	59 T34 66 
P-1	59 T35 67 
P0	60 T36 75 
P-1	63 T37 72 
P2	66 T38 76 
P3	66 T39 78 
P4	72 T40 81 
NMec = 98475
Viable Sol. = 28816148318
Profit = 55070
T = 41
P = 5
Profits not ignored
Solution time = 4.232e+02
Task data
00    2   8   798
01    2  19  3886
02    2  42  9397
03    2  81  5978
04    8  17  1844
05   12  30  2202
06   13  23  1228
07   17  29  1946
08   19  42  3467
09   20  33  1392
10   20  36  2553
11   20  39  1950
12   20  45  3180
13   26  37  2632
14   27  41  2247
15   27  43  3021
16   28  66  5484
17   29  64  5032
18   30  35   786
19   31  44  2942
20   31  57  5145
21   33  54  3074
22   36  40   488
23   40  57  1470
24   41  49   917
25   41  75  4481
26   42  57  1595
27   43  66  2507
28   46  55  1205
29   47  59  1627
30   49  60  1540
31   50  63  2350
32   51  72  2703
33   53  63   840
34   59  66   963
35   59  67   587
36   60  75  3147
37   63  72  1120
38   66  76  1257
39   66  78  2777
40   72  81  2644
End
