P-1	0 T0 12 
P-1	0 T1 13 
P0	4 T2 406 
P-1	6 T3 21 
P-1	11 T4 25 
P-1	28 T5 51 
P-1	31 T6 38 
P-1	35 T7 350 
P-1	36 T8 48 
P-1	43 T9 56 
P-1	44 T10 54 
P-1	50 T11 53 
P-1	59 T12 333 
P-1	77 T13 325 
P-1	84 T14 100 
P-1	89 T15 351 
P-1	90 T16 102 
P-1	124 T17 145 
P-1	149 T18 169 
P-1	155 T19 347 
P-1	171 T20 186 
P-1	176 T21 193 
P-1	206 T22 208 
P-1	216 T23 239 
P-1	226 T24 238 
P-1	236 T25 249 
P-1	236 T26 250 
P-1	253 T27 267 
P-1	277 T28 288 
P-1	284 T29 306 
P-1	289 T30 301 
P-1	296 T31 322 
P-1	315 T32 322 
P-1	328 T33 343 
P-1	338 T34 351 
P-1	343 T35 352 
P-1	349 T36 354 
P-1	364 T37 370 
P-1	367 T38 376 
P-1	369 T39 386 
P-1	391 T40 404 
NMec = 98475
Viable Sol. = 22819761
Profit = 88843
T = 41
P = 1
Profits not ignored
Solution time = 3.368e-01
Task data
00    0  12  1042
01    0  13  1721
02    4 406 88843
03    6  21  2442
04   11  25  2959
05   28  51  5610
06   31  38   730
07   35 350 51372
08   36  48  2014
09   43  56  2783
10   44  54  2965
11   50  53   725
12   59 333 60660
13   77 325 41660
14   84 100  4103
15   89 351 73801
16   90 102  1328
17  124 145  3203
18  149 169  3083
19  155 347 17259
20  171 186  3278
21  176 193  3143
22  206 208   415
23  216 239  2535
24  226 238   865
25  236 249  3418
26  236 250   865
27  253 267  4015
28  277 288  1680
29  284 306  5814
30  289 301  3399
31  296 322  5153
32  315 322   832
33  328 343  2793
34  338 351  2717
35  343 352  2200
36  349 354   899
37  364 370   845
38  367 376  1946
39  369 386  1460
40  391 404  1339
End
