P0	0 T0 11 
P1	1 T1 10 
P2	1 T2 20 
P3	4 T3 17 
P4	5 T4 15 
P-1	6 T5 18 
P-1	6 T6 20 
P5	6 T7 22 
P6	7 T8 13 
P7	7 T9 22 
P-1	8 T10 13 
P1	11 T11 16 
P-1	11 T12 40 
P-1	15 T13 37 
P0	16 T14 23 
P4	16 T15 41 
P-1	16 T16 42 
P1	17 T17 33 
P6	17 T18 36 
P-1	18 T19 40 
P-1	19 T20 26 
P3	19 T21 34 
P-1	20 T22 25 
P2	22 T23 35 
P5	23 T24 27 
P-1	23 T25 33 
P-1	24 T26 30 
P-1	24 T27 33 
P-1	25 T28 38 
P0	25 T29 43 
P-1	26 T30 39 
P7	26 T31 42 
P5	29 T32 42 
P-1	33 T33 48 
P1	34 T34 52 
P-1	35 T35 37 
P3	35 T36 38 
P2	36 T37 39 
P6	37 T38 46 
P3	39 T39 49 
P2	40 T40 49 
P0	47 T41 50 
NMec = 98475
Viable Sol. = 1016451579944
Profit = 57279
T = 42
P = 8
Profits not ignored
Solution time = 7.978e+03
Task data
00    0  11  1044
01    1  10  2948
02    1  20  3526
03    4  17  1270
04    5  15  1004
05    6  18  1096
06    6  20  1830
07    6  22  4079
08    7  13  1043
09    7  22  2521
10    8  13   610
11   11  16   378
12   11  40  3210
13   15  37  3351
14   16  23  1714
15   16  41  5304
16   16  42  3162
17   17  33  3623
18   17  36  3737
19   18  40  2602
20   19  26  1109
21   19  34  3170
22   20  25   557
23   22  35  2727
24   23  27   627
25   23  33  1040
26   24  30   576
27   24  33   794
28   25  38  1638
29   25  43  2463
30   26  39  1634
31   26  42  3338
32   29  42  3417
33   33  48  1641
34   34  52  2394
35   35  37   325
36   35  38   466
37   36  39   372
38   37  46  1395
39   39  49  1860
40   40  49  2218
41   47  50   641
End
