P0	2 T0 209 
P-1	6 T1 22 
P1	6 T2 118 
P-1	9 T3 29 
P-1	11 T4 24 
P-1	23 T5 30 
P-1	24 T6 41 
P-1	28 T7 43 
P-1	30 T8 127 
P-1	33 T9 44 
P-1	36 T10 60 
P-1	37 T11 59 
P-1	48 T12 57 
P-1	57 T13 73 
P-1	58 T14 76 
P-1	64 T15 73 
P-1	72 T16 94 
P-1	73 T17 80 
P-1	79 T18 90 
P-1	89 T19 101 
P-1	97 T20 106 
P-1	98 T21 118 
P-1	110 T22 119 
P-1	115 T23 120 
P1	119 T24 137 
P-1	127 T25 136 
P-1	132 T26 139 
P-1	137 T27 146 
P1	139 T28 156 
P-1	143 T29 152 
P-1	151 T30 171 
P-1	152 T31 168 
P-1	157 T32 170 
P-1	165 T33 177 
P1	167 T34 176 
P-1	167 T35 183 
P-1	170 T36 181 
P-1	183 T37 194 
P1	184 T38 190 
P-1	192 T39 201 
P-1	192 T40 201 
P1	193 T41 209 
NMec = 98475
Viable Sol. = 5927386582
Profit = 75328
T = 42
P = 2
Profits not ignored
Solution time = 8.014e+01
Task data
00    2 209 32687
01    6  22  1068
02    6 118 27517
03    9  29  2464
04   11  24  1869
05   23  30  1160
06   24  41  3398
07   28  43  3033
08   30 127 11304
09   33  44  1050
10   36  60  3290
11   37  59  2148
12   48  57  2378
13   57  73  2300
14   58  76  3132
15   64  73   612
16   72  94  2072
17   73  80   934
18   79  90  1095
19   89 101  1380
20   97 106  1140
21   98 118  1327
22  110 119  1701
23  115 120   761
24  119 137  4579
25  127 136  1490
26  132 139  1937
27  137 146  1750
28  139 156  2835
29  143 152   939
30  151 171  3248
31  152 168  2103
32  157 170  2064
33  165 177  1851
34  167 176  2720
35  167 183  2289
36  170 181  2341
37  183 194  1881
38  184 190  1321
39  192 201  1569
40  192 201  1188
41  193 209  3669
End
