P0	0 T0 13 
P1	0 T1 66 
P2	1 T2 17 
P-1	1 T3 63 
P3	6 T4 18 
P-1	9 T5 32 
P4	10 T6 19 
P5	10 T7 22 
P-1	10 T8 31 
P-1	13 T9 29 
P-1	13 T10 29 
P0	16 T11 37 
P-1	17 T12 22 
P-1	17 T13 27 
P2	18 T14 30 
P3	19 T15 27 
P-1	20 T16 42 
P-1	21 T17 31 
P-1	21 T18 40 
P4	23 T19 35 
P-1	24 T20 46 
P5	26 T21 39 
P-1	28 T22 48 
P3	30 T23 41 
P2	32 T24 36 
P-1	32 T25 48 
P-1	35 T26 41 
P-1	36 T27 41 
P-1	38 T28 46 
P0	38 T29 63 
P2	39 T30 51 
P4	39 T31 53 
P-1	40 T32 55 
P5	40 T33 62 
P-1	44 T34 53 
P3	44 T35 53 
P-1	48 T36 54 
P-1	49 T37 50 
P2	57 T38 62 
P3	57 T39 68 
P4	60 T40 69 
P0	66 T41 69 
NMec = 98475
Viable Sol. = 193789009010
Profit = 70476
T = 42
P = 6
Profits not ignored
Solution time = 2.303e+03
Task data
00    0  13  2436
01    0  66 19135
02    1  17  1828
03    1  63  6828
04    6  18  2640
05    9  32  2882
06   10  19  1563
07   10  22  3013
08   10  31  2955
09   13  29  1667
10   13  29  2601
11   16  37  4391
12   17  22   904
13   17  27  1000
14   18  30  2596
15   19  27  1789
16   20  42  3241
17   21  31  2181
18   21  40  2384
19   23  35  2322
20   24  46  4089
21   26  39  3562
22   28  48  1853
23   30  41  1512
24   32  36   405
25   32  48  2294
26   35  41   740
27   36  41   706
28   38  46  1237
29   38  63  4632
30   39  51  3425
31   39  53  2774
32   40  55  1982
33   40  62  4891
34   44  53   822
35   44  53  1789
36   48  54   796
37   49  50   336
38   57  62   686
39   57  68  3353
40   60  69  1479
41   66  69   255
End
