P0	0 T0 55 
P-1	1 T1 55 
P1	2 T2 23 
P2	3 T3 15 
P-1	4 T4 21 
P3	7 T5 15 
P4	9 T6 20 
P5	9 T7 27 
P6	10 T8 11 
P-1	12 T9 32 
P-1	13 T10 33 
P-1	14 T11 21 
P6	14 T12 54 
P-1	16 T13 23 
P2	16 T14 35 
P-1	17 T15 22 
P-1	17 T16 24 
P-1	17 T17 27 
P3	18 T18 30 
P-1	19 T19 39 
P-1	20 T20 25 
P-1	20 T21 26 
P4	21 T22 32 
P-1	27 T23 34 
P1	27 T24 42 
P5	28 T25 40 
P-1	28 T26 40 
P-1	30 T27 35 
P3	31 T28 35 
P-1	32 T29 38 
P4	33 T30 37 
P-1	35 T31 44 
P-1	37 T32 48 
P2	37 T33 53 
P3	37 T34 58 
P-1	39 T35 44 
P4	39 T36 48 
P-1	40 T37 48 
P-1	42 T38 48 
P5	42 T39 55 
P1	47 T40 55 
P4	50 T41 52 
NMec = 98475
Viable Sol. = 370396950342
Profit = 52374
T = 42
P = 7
Profits not ignored
Solution time = 2.771e+03
Task data
00    0  55  8220
01    1  55  6067
02    2  23  3478
03    3  15  1466
04    4  21  2054
05    7  15  2153
06    9  20  2292
07    9  27  2488
08   10  11   227
09   12  32  3145
10   13  33  2322
11   14  21  1572
12   14  54  6392
13   16  23  1139
14   16  35  2832
15   17  22  1658
16   17  24   672
17   17  27  1097
18   18  30  3482
19   19  39  3578
20   20  25   352
21   20  26  1861
22   21  32  1345
23   27  34   537
24   27  42  3337
25   28  40  2961
26   28  40  1742
27   30  35   656
28   31  35   692
29   32  38   813
30   33  37   376
31   35  44  1547
32   37  48  1913
33   37  53  2896
34   37  58  3036
35   39  44   988
36   39  48  2178
37   40  48  1587
38   42  48   777
39   42  55  1172
40   47  55  1041
41   50  52   310
End
