P0	2 T0 18 
P1	7 T1 26 
P-1	17 T2 33 
P2	18 T3 23 
P0	26 T4 34 
P-1	26 T5 133 
P1	29 T6 136 
P2	32 T7 51 
P-1	41 T8 61 
P0	45 T9 68 
P2	52 T10 60 
P-1	52 T11 62 
P-1	54 T12 67 
P-1	55 T13 66 
P2	61 T14 67 
P-1	66 T15 73 
P0	69 T16 118 
P-1	72 T17 81 
P2	73 T18 94 
P-1	74 T19 79 
P-1	75 T20 89 
P-1	75 T21 94 
P-1	81 T22 102 
P-1	86 T23 95 
P-1	89 T24 93 
P-1	89 T25 100 
P-1	89 T26 101 
P-1	90 T27 96 
P-1	91 T28 109 
P-1	92 T29 103 
P-1	94 T30 110 
P2	96 T31 121 
P-1	98 T32 105 
P-1	101 T33 120 
P-1	106 T34 119 
P-1	110 T35 135 
P-1	112 T36 121 
P-1	112 T37 131 
P-1	112 T38 133 
P-1	119 T39 128 
P0	121 T40 139 
P2	122 T41 139 
P-1	132 T42 137 
NMec = 98475
Viable Sol. = 16032570627
Profit = 64433
T = 43
P = 3
Profits not ignored
Solution time = 1.223e+02
Task data
00    2  18  1405
01    7  26  4827
02   17  33  3295
03   18  23  1154
04   26  34  2256
05   26 133 11658
06   29 136 19688
07   32  51  2928
08   41  61  2676
09   45  68  4018
10   52  60  1866
11   52  62  1828
12   54  67  1789
13   55  66  1339
14   61  67  1180
15   66  73   741
16   69 118  9836
17   72  81   903
18   73  94  5478
19   74  79  1179
20   75  89  2920
21   75  94  4021
22   81 102  4613
23   86  95  1354
24   89  93   763
25   89 100  1546
26   89 101  1821
27   90  96  1334
28   91 109  3244
29   92 103  1296
30   94 110  2349
31   96 121  3306
32   98 105   707
33  101 120  1463
34  106 119  1285
35  110 135  1923
36  112 121  1965
37  112 131  2466
38  112 133  3868
39  119 128   997
40  121 139  4399
41  122 139  2092
42  132 137  1166
End
