P0	3 T0 12 
P1	3 T1 42 
P2	5 T2 12 
P-1	7 T3 100 
P0	13 T4 23 
P-1	13 T5 91 
P2	14 T6 18 
P3	15 T7 21 
P-1	16 T8 32 
P-1	16 T9 32 
P-1	20 T10 45 
P2	22 T11 106 
P-1	23 T12 40 
P-1	25 T13 32 
P0	25 T14 36 
P3	26 T15 45 
P-1	31 T16 38 
P-1	32 T17 44 
P-1	32 T18 46 
P-1	33 T19 54 
P-1	38 T20 51 
P0	40 T21 55 
P-1	41 T22 46 
P-1	42 T23 60 
P-1	42 T24 61 
P1	44 T25 62 
P3	47 T26 53 
P3	55 T27 59 
P0	57 T28 67 
P-1	59 T29 68 
P3	62 T30 85 
P-1	65 T31 74 
P-1	65 T32 83 
P1	66 T33 87 
P-1	71 T34 82 
P0	75 T35 79 
P-1	77 T36 99 
P0	82 T37 90 
P3	86 T38 88 
P1	90 T39 98 
P3	90 T40 101 
P0	94 T41 102 
P-1	97 T42 101 
NMec = 98475
Viable Sol. = 103630131760
Profit = 56317
T = 43
P = 4
Profits not ignored
Solution time = 7.367e+02
Task data
00    3  12   957
01    3  42  7865
02    5  12  2158
03    7 100  8605
04   13  23  1367
05   13  91  8982
06   14  18   466
07   15  21  1019
08   16  32  2098
09   16  32   921
10   20  45  1916
11   22 106 10570
12   23  40  2953
13   25  32  1126
14   25  36  2021
15   26  45  4509
16   31  38  1217
17   32  44  3067
18   32  46  1021
19   33  54  2702
20   38  51  2511
21   40  55  3680
22   41  46   503
23   42  60  2435
24   42  61  1316
25   44  62  3351
26   47  53   581
27   55  59   401
28   57  67  1854
29   59  68  1803
30   62  85  3019
31   65  74  1617
32   65  83  2016
33   66  87  2938
34   71  82  1027
35   75  79   821
36   77  99  1606
37   82  90  1677
38   86  88   589
39   90  98  1928
40   90 101  2898
41   94 102  1648
42   97 101   958
End
