P0	2 T0 13 
P1	2 T1 16 
P-1	11 T2 32 
P0	14 T3 18 
P-1	15 T4 37 
P-1	15 T5 41 
P-1	17 T6 31 
P1	17 T7 162 
P0	23 T8 212 
P-1	30 T9 33 
P-1	30 T10 34 
P-1	30 T11 48 
P-1	47 T12 61 
P-1	48 T13 190 
P-1	50 T14 64 
P-1	59 T15 64 
P-1	60 T16 63 
P-1	65 T17 82 
P-1	79 T18 92 
P-1	79 T19 97 
P-1	83 T20 90 
P-1	83 T21 94 
P-1	94 T22 109 
P-1	118 T23 128 
P-1	120 T24 134 
P-1	129 T25 147 
P-1	130 T26 141 
P-1	132 T27 147 
P-1	133 T28 158 
P-1	137 T29 145 
P-1	138 T30 155 
P-1	139 T31 149 
P-1	142 T32 149 
P-1	144 T33 164 
P-1	154 T34 167 
P-1	155 T35 156 
P-1	156 T36 168 
P-1	160 T37 166 
P-1	160 T38 173 
P-1	161 T39 171 
P-1	163 T40 174 
P1	173 T41 184 
P1	188 T42 202 
NMec = 98475
Viable Sol. = 2010593093
Profit = 86936
T = 43
P = 2
Profits not ignored
Solution time = 1.496e+01
Task data
00    2  13  2477
01    2  16  3767
02   11  32  3240
03   14  18   482
04   15  37  4681
05   15  41  2461
06   17  31  3854
07   17 162 27231
08   23 212 48294
09   30  33   666
10   30  34   590
11   30  48  4334
12   47  61  1394
13   48 190 14541
14   50  64  3807
15   59  64   646
16   60  63  1118
17   65  82  3788
18   79  92  3211
19   79  97  3090
20   83  90  1171
21   83  94  2952
22   94 109  2653
23  118 128  1199
24  120 134  2649
25  129 147  1322
26  130 141  2081
27  132 147  1454
28  133 158  3022
29  137 145   528
30  138 155  4078
31  139 149  2276
32  142 149   468
33  144 164  5654
34  154 167  1273
35  155 156   461
36  156 168  2141
37  160 166  1381
38  160 173  2374
39  161 171  1379
40  163 174   726
41  173 184  1567
42  188 202  3118
End
