P0	0 T0 9 
P-1	1 T1 15 
P1	2 T2 8 
P-1	2 T3 13 
P2	4 T4 15 
P3	4 T5 15 
P4	5 T6 22 
P-1	6 T7 45 
P5	8 T8 13 
P-1	10 T9 29 
P0	10 T10 34 
P1	11 T11 16 
P-1	12 T12 47 
P2	16 T13 28 
P1	18 T14 30 
P-1	18 T15 40 
P3	19 T16 33 
P-1	22 T17 47 
P-1	23 T18 41 
P-1	26 T19 38 
P4	27 T20 33 
P5	28 T21 30 
P1	31 T22 47 
P2	34 T23 39 
P3	34 T24 45 
P0	37 T25 38 
P4	37 T26 46 
P5	38 T27 42 
P0	43 T28 45 
NMec = 97880
Viable Sol. = 164770262
Profit = 20
T = 29
P = 6
Profits ignored
Solution time = 1.520e+00
Task data
00    0   9     1
01    1  15     1
02    2   8     1
03    2  13     1
04    4  15     1
05    4  15     1
06    5  22     1
07    6  45     1
08    8  13     1
09   10  29     1
10   10  34     1
11   11  16     1
12   12  47     1
13   16  28     1
14   18  30     1
15   18  40     1
16   19  33     1
17   22  47     1
18   23  41     1
19   26  38     1
20   27  33     1
21   28  30     1
22   31  47     1
23   34  39     1
24   34  45     1
25   37  38     1
26   37  46     1
27   38  42     1
28   43  45     1
End
