P-1	0 T0 14 
P0	3 T1 11 
P-1	3 T2 67 
P1	4 T3 17 
P2	5 T4 24 
P-1	8 T5 42 
P3	9 T6 15 
P-1	17 T7 37 
P-1	18 T8 64 
P0	19 T9 24 
P-1	19 T10 41 
P-1	19 T11 57 
P1	24 T12 33 
P-1	25 T13 38 
P0	26 T14 35 
P-1	28 T15 46 
P2	29 T16 41 
P3	30 T17 36 
P-1	33 T18 55 
P1	35 T19 43 
P-1	38 T20 48 
P-1	41 T21 57 
P0	42 T22 68 
P2	43 T23 50 
P1	44 T24 55 
P3	44 T25 61 
P2	51 T26 72 
P1	57 T27 68 
P3	64 T28 70 
NMec = 97880
Viable Sol. = 21669295
Profit = 17
T = 29
P = 4
Profits ignored
Solution time = 2.028e-01
Task data
00    0  14     1
01    3  11     1
02    3  67     1
03    4  17     1
04    5  24     1
05    8  42     1
06    9  15     1
07   17  37     1
08   18  64     1
09   19  24     1
10   19  41     1
11   19  57     1
12   24  33     1
13   25  38     1
14   26  35     1
15   28  46     1
16   29  41     1
17   30  36     1
18   33  55     1
19   35  43     1
20   38  48     1
21   41  57     1
22   42  68     1
23   43  50     1
24   44  55     1
25   44  61     1
26   51  72     1
27   57  68     1
28   64  70     1
End
