P0	0 T0 5 
P-1	0 T1 21 
P-1	1 T2 19 
P-1	1 T3 34 
P1	3 T4 5 
P2	3 T5 17 
P-1	4 T6 23 
P3	5 T7 13 
P4	5 T8 19 
P-1	7 T9 23 
P-1	8 T10 23 
P-1	8 T11 31 
P0	9 T12 20 
P-1	10 T13 34 
P1	11 T14 18 
P-1	11 T15 23 
P-1	12 T16 30 
P-1	12 T17 33 
P5	12 T18 35 
P6	13 T19 17 
P3	14 T20 30 
P2	18 T21 20 
P6	18 T22 26 
P1	19 T23 22 
P7	19 T24 26 
P4	20 T25 36 
P0	21 T26 31 
P2	22 T27 28 
P1	24 T28 34 
NMec = 97880
Viable Sol. = 112198856
Profit = 18
T = 29
P = 8
Profits ignored
Solution time = 1.075e+00
Task data
00    0   5     1
01    0  21     1
02    1  19     1
03    1  34     1
04    3   5     1
05    3  17     1
06    4  23     1
07    5  13     1
08    5  19     1
09    7  23     1
10    8  23     1
11    8  31     1
12    9  20     1
13   10  34     1
14   11  18     1
15   11  23     1
16   12  30     1
17   12  33     1
18   12  35     1
19   13  17     1
20   14  30     1
21   18  20     1
22   18  26     1
23   19  22     1
24   19  26     1
25   20  36     1
26   21  31     1
27   22  28     1
28   24  34     1
End
