P-1	1 T0 95 
P-1	4 T1 18 
P0	9 T2 19 
P-1	11 T3 26 
P-1	11 T4 28 
P1	13 T5 27 
P-1	15 T6 68 
P-1	16 T7 43 
P-1	16 T8 53 
P2	17 T9 33 
P-1	18 T10 52 
P-1	20 T11 82 
P-1	23 T12 37 
P0	26 T13 35 
P-1	29 T14 69 
P1	31 T15 51 
P2	35 T16 42 
P0	38 T17 46 
P0	49 T18 61 
P2	51 T19 58 
P1	54 T20 67 
P0	67 T21 80 
P1	68 T22 74 
P1	77 T23 88 
P-1	78 T24 90 
P-1	83 T25 91 
P0	87 T26 92 
P2	87 T27 95 
P1	90 T28 91 
NMec = 97880
Viable Sol. = 6660404
Profit = 16
T = 29
P = 3
Profits ignored
Solution time = 6.408e-02
Task data
00    1  95     1
01    4  18     1
02    9  19     1
03   11  26     1
04   11  28     1
05   13  27     1
06   15  68     1
07   16  43     1
08   16  53     1
09   17  33     1
10   18  52     1
11   20  82     1
12   23  37     1
13   26  35     1
14   29  69     1
15   31  51     1
16   35  42     1
17   38  46     1
18   49  61     1
19   51  58     1
20   54  67     1
21   67  80     1
22   68  74     1
23   77  88     1
24   78  90     1
25   83  91     1
26   87  92     1
27   87  95     1
28   90  91     1
End
