P-1	0 T0 44 
P0	12 T1 14 
P1	14 T2 16 
P-1	17 T3 38 
P-1	17 T4 42 
P-1	20 T5 41 
P-1	21 T6 34 
P0	25 T7 44 
P1	32 T8 42 
P-1	40 T9 48 
P-1	40 T10 61 
P1	44 T11 51 
P0	48 T12 57 
P-1	56 T13 109 
P-1	58 T14 68 
P0	60 T15 69 
P-1	62 T16 79 
P-1	63 T17 79 
P1	64 T18 82 
P0	79 T19 85 
P0	91 T20 99 
P1	98 T21 112 
P-1	100 T22 140 
P0	102 T23 119 
P-1	105 T24 130 
P-1	107 T25 138 
P1	115 T26 131 
P0	122 T27 130 
P0	136 T28 142 
NMec = 97880
Viable Sol. = 4561432
Profit = 15
T = 29
P = 2
Profits ignored
Solution time = 5.063e-02
Task data
00    0  44     1
01   12  14     1
02   14  16     1
03   17  38     1
04   17  42     1
05   20  41     1
06   21  34     1
07   25  44     1
08   32  42     1
09   40  48     1
10   40  61     1
11   44  51     1
12   48  57     1
13   56 109     1
14   58  68     1
15   60  69     1
16   62  79     1
17   63  79     1
18   64  82     1
19   79  85     1
20   91  99     1
21   98 112     1
22  100 140     1
23  102 119     1
24  105 130     1
25  107 138     1
26  115 131     1
27  122 130     1
28  136 142     1
End
