P0	0 T0 6 
P1	0 T1 8 
P2	0 T2 15 
P3	1 T3 7 
P-1	1 T4 20 
P-1	1 T5 24 
P-1	2 T6 21 
P-1	2 T7 22 
P-1	3 T8 23 
P4	6 T9 12 
P-1	7 T10 19 
P-1	7 T11 22 
P-1	7 T12 22 
P-1	7 T13 29 
P0	8 T14 11 
P-1	8 T15 16 
P-1	8 T16 17 
P1	9 T17 18 
P3	10 T18 18 
P5	10 T19 24 
P6	10 T20 28 
P0	12 T21 20 
P4	13 T22 16 
P7	13 T23 18 
P8	13 T24 23 
P9	14 T25 23 
P2	16 T26 20 
P4	18 T27 23 
P1	19 T28 29 
NMec = 97880
Viable Sol. = 233744618
Profit = 18
T = 29
P = 10
Profits ignored
Solution time = 2.698e+00
Task data
00    0   6     1
01    0   8     1
02    0  15     1
03    1   7     1
04    1  20     1
05    1  24     1
06    2  21     1
07    2  22     1
08    3  23     1
09    6  12     1
10    7  19     1
11    7  22     1
12    7  22     1
13    7  29     1
14    8  11     1
15    8  16     1
16    8  17     1
17    9  18     1
18   10  18     1
19   10  24     1
20   10  28     1
21   12  20     1
22   13  16     1
23   13  18     1
24   13  23     1
25   14  23     1
26   16  20     1
27   18  23     1
28   19  29     1
End
