P-1	0 T0 69 
P0	1 T1 10 
P-1	6 T2 19 
P-1	6 T3 23 
P-1	8 T4 23 
P1	10 T5 19 
P0	11 T6 18 
P2	15 T7 31 
P3	16 T8 26 
P-1	19 T9 34 
P0	19 T10 35 
P-1	21 T11 38 
P1	26 T12 39 
P2	32 T13 53 
P3	34 T14 47 
P0	37 T15 38 
P0	43 T16 53 
P-1	44 T17 55 
P-1	45 T18 69 
P1	48 T19 49 
P1	50 T20 57 
P-1	50 T21 59 
P3	53 T22 56 
P-1	54 T23 65 
P0	55 T24 59 
P2	55 T25 65 
P1	59 T26 60 
P3	59 T27 66 
P0	61 T28 72 
P1	65 T29 67 
NMec = 97880
Viable Sol. = 166792890
Profit = 20
T = 30
P = 4
Profits ignored
Solution time = 1.476e+00
Task data
00    0  69     1
01    1  10     1
02    6  19     1
03    6  23     1
04    8  23     1
05   10  19     1
06   11  18     1
07   15  31     1
08   16  26     1
09   19  34     1
10   19  35     1
11   21  38     1
12   26  39     1
13   32  53     1
14   34  47     1
15   37  38     1
16   43  53     1
17   44  55     1
18   45  69     1
19   48  49     1
20   50  57     1
21   50  59     1
22   53  56     1
23   54  65     1
24   55  59     1
25   55  65     1
26   59  60     1
27   59  66     1
28   61  72     1
29   65  67     1
End
