P0	8 T0 17 
P-1	9 T1 18 
P-1	11 T2 90 
P-1	12 T3 26 
P-1	12 T4 98 
P1	15 T5 22 
P2	16 T6 24 
P0	18 T7 25 
P-1	24 T8 38 
P-1	28 T9 76 
P0	31 T10 41 
P1	32 T11 44 
P2	35 T12 43 
P-1	41 T13 59 
P0	43 T14 51 
P-1	46 T15 56 
P-1	46 T16 76 
P-1	47 T17 62 
P0	52 T18 65 
P1	53 T19 57 
P-1	55 T20 78 
P2	56 T21 62 
P-1	57 T22 89 
P-1	59 T23 74 
P-1	63 T24 87 
P0	66 T25 76 
P-1	66 T26 81 
P1	71 T27 82 
P2	73 T28 82 
P0	81 T29 94 
NMec = 97880
Viable Sol. = 10570640
Profit = 15
T = 30
P = 3
Profits ignored
Solution time = 1.075e-01
Task data
00    8  17     1
01    9  18     1
02   11  90     1
03   12  26     1
04   12  98     1
05   15  22     1
06   16  24     1
07   18  25     1
08   24  38     1
09   28  76     1
10   31  41     1
11   32  44     1
12   35  43     1
13   41  59     1
14   43  51     1
15   46  56     1
16   46  76     1
17   47  62     1
18   52  65     1
19   53  57     1
20   55  78     1
21   56  62     1
22   57  89     1
23   59  74     1
24   63  87     1
25   66  76     1
26   66  81     1
27   71  82     1
28   73  82     1
29   81  94     1
End
