P0	2 T0 19 
P1	6 T1 26 
P-1	14 T2 120 
P-1	19 T3 43 
P-1	23 T4 38 
P-1	29 T5 44 
P-1	30 T6 44 
P-1	35 T7 48 
P0	36 T8 37 
P1	37 T9 54 
P-1	46 T10 64 
P0	50 T11 64 
P1	59 T12 66 
P-1	77 T13 90 
P0	78 T14 92 
P1	84 T15 97 
P-1	92 T16 107 
P0	97 T17 116 
P1	102 T18 106 
P1	109 T19 118 
P-1	114 T20 134 
P-1	116 T21 129 
P0	117 T22 130 
P-1	117 T23 134 
P-1	122 T24 131 
P1	125 T25 131 
P-1	128 T26 146 
P0	131 T27 149 
P1	132 T28 137 
P1	140 T29 141 
NMec = 97880
Viable Sol. = 8876776
Profit = 16
T = 30
P = 2
Profits ignored
Solution time = 8.715e-02
Task data
00    2  19     1
01    6  26     1
02   14 120     1
03   19  43     1
04   23  38     1
05   29  44     1
06   30  44     1
07   35  48     1
08   36  37     1
09   37  54     1
10   46  64     1
11   50  64     1
12   59  66     1
13   77  90     1
14   78  92     1
15   84  97     1
16   92 107     1
17   97 116     1
18  102 106     1
19  109 118     1
20  114 134     1
21  116 129     1
22  117 130     1
23  117 134     1
24  122 131     1
25  125 131     1
26  128 146     1
27  131 149     1
28  132 137     1
29  140 141     1
End
