P0	0 T0 6 
P-1	1 T1 14 
P-1	1 T2 16 
P-1	1 T3 26 
P1	3 T4 10 
P2	3 T5 10 
P3	4 T6 13 
P4	5 T7 21 
P0	10 T8 13 
P-1	13 T9 36 
P-1	14 T10 56 
P0	15 T11 21 
P1	16 T12 24 
P2	16 T13 31 
P-1	16 T14 35 
P3	17 T15 21 
P-1	18 T16 39 
P-1	20 T17 38 
P-1	21 T18 35 
P-1	22 T19 35 
P0	23 T20 35 
P3	24 T21 40 
P-1	26 T22 49 
P1	27 T23 45 
P4	28 T24 33 
P2	32 T25 40 
P0	39 T26 56 
P2	41 T27 49 
P3	41 T28 50 
P4	44 T29 59 
NMec = 97880
Viable Sol. = 135329730
Profit = 19
T = 30
P = 5
Profits ignored
Solution time = 1.311e+00
Task data
00    0   6     1
01    1  14     1
02    1  16     1
03    1  26     1
04    3  10     1
05    3  10     1
06    4  13     1
07    5  21     1
08   10  13     1
09   13  36     1
10   14  56     1
11   15  21     1
12   16  24     1
13   16  31     1
14   16  35     1
15   17  21     1
16   18  39     1
17   20  38     1
18   21  35     1
19   22  35     1
20   23  35     1
21   24  40     1
22   26  49     1
23   27  45     1
24   28  33     1
25   32  40     1
26   39  56     1
27   41  49     1
28   41  50     1
29   44  59     1
End
