P0	0 T0 13 
P1	0 T1 16 
P-1	0 T2 22 
P2	1 T3 8 
P3	2 T4 12 
P4	3 T5 8 
P-1	4 T6 48 
P-1	6 T7 25 
P5	8 T8 26 
P2	13 T9 22 
P-1	13 T10 36 
P0	14 T11 21 
P-1	15 T12 42 
P1	19 T13 22 
P3	20 T14 31 
P-1	20 T15 38 
P4	21 T16 34 
P-1	21 T17 41 
P-1	22 T18 36 
P0	25 T19 31 
P1	26 T20 34 
P-1	26 T21 42 
P2	29 T22 40 
P0	32 T23 36 
P3	32 T24 43 
P5	34 T25 36 
P1	35 T26 46 
P4	35 T27 48 
P0	40 T28 46 
P2	41 T29 48 
NMec = 97880
Viable Sol. = 250989482
Profit = 21
T = 30
P = 6
Profits ignored
Solution time = 2.641e+00
Task data
00    0  13     1
01    0  16     1
02    0  22     1
03    1   8     1
04    2  12     1
05    3   8     1
06    4  48     1
07    6  25     1
08    8  26     1
09   13  22     1
10   13  36     1
11   14  21     1
12   15  42     1
13   19  22     1
14   20  31     1
15   20  38     1
16   21  34     1
17   21  41     1
18   22  36     1
19   25  31     1
20   26  34     1
21   26  42     1
22   29  40     1
23   32  36     1
24   32  43     1
25   34  36     1
26   35  46     1
27   35  48     1
28   40  46     1
29   41  48     1
End
