P-1	0 T0 41 
P0	1 T1 8 
P-1	1 T2 23 
P-1	1 T3 24 
P-1	1 T4 26 
P1	2 T5 12 
P2	2 T6 13 
P-1	2 T7 19 
P3	3 T8 12 
P-1	4 T9 17 
P-1	4 T10 17 
P4	6 T11 18 
P5	8 T12 19 
P6	8 T13 27 
P0	11 T14 22 
P-1	11 T15 35 
P1	16 T16 24 
P2	16 T17 30 
P3	17 T18 18 
P-1	17 T19 31 
P-1	17 T20 31 
P-1	20 T21 31 
P-1	20 T22 36 
P3	21 T23 37 
P0	24 T24 31 
P4	24 T25 33 
P1	27 T26 31 
P5	29 T27 32 
P6	29 T28 42 
P2	31 T29 32 
NMec = 97880
Viable Sol. = 205269811
Profit = 18
T = 30
P = 7
Profits ignored
Solution time = 2.117e+00
Task data
00    0  41     1
01    1   8     1
02    1  23     1
03    1  24     1
04    1  26     1
05    2  12     1
06    2  13     1
07    2  19     1
08    3  12     1
09    4  17     1
10    4  17     1
11    6  18     1
12    8  19     1
13    8  27     1
14   11  22     1
15   11  35     1
16   16  24     1
17   16  30     1
18   17  18     1
19   17  31     1
20   17  31     1
21   20  31     1
22   20  36     1
23   21  37     1
24   24  31     1
25   24  33     1
26   27  31     1
27   29  32     1
28   29  42     1
29   31  32     1
End
