P0	1 T0 13 
P-1	1 T1 42 
P1	2 T2 13 
P-1	2 T3 28 
P-1	4 T4 21 
P-1	4 T5 24 
P-1	5 T6 24 
P-1	6 T7 28 
P2	8 T8 14 
P3	8 T9 24 
P-1	10 T10 51 
P4	12 T11 20 
P5	12 T12 21 
P-1	16 T13 33 
P0	18 T14 28 
P1	19 T15 35 
P-1	19 T16 41 
P2	20 T17 34 
P-1	20 T18 39 
P-1	21 T19 51 
P4	23 T20 37 
P-1	24 T21 40 
P3	25 T22 31 
P5	26 T23 29 
P0	29 T24 42 
P5	30 T25 48 
P3	34 T26 41 
P1	37 T27 40 
P2	37 T28 42 
P4	39 T29 49 
P0	45 T30 51 
NMec = 97880
Viable Sol. = 186871066
Profit = 19
T = 31
P = 6
Profits ignored
Solution time = 1.707e+00
Task data
00    1  13     1
01    1  42     1
02    2  13     1
03    2  28     1
04    4  21     1
05    4  24     1
06    5  24     1
07    6  28     1
08    8  14     1
09    8  24     1
10   10  51     1
11   12  20     1
12   12  21     1
13   16  33     1
14   18  28     1
15   19  35     1
16   19  41     1
17   20  34     1
18   20  39     1
19   21  51     1
20   23  37     1
21   24  40     1
22   25  31     1
23   26  29     1
24   29  42     1
25   30  48     1
26   34  41     1
27   37  40     1
28   37  42     1
29   39  49     1
30   45  51     1
End
