P0	1 T0 13 
P-1	11 T1 34 
P1	12 T2 31 
P0	15 T3 33 
P-1	16 T4 52 
P-1	23 T5 30 
P-1	23 T6 35 
P-1	31 T7 42 
P1	32 T8 56 
P0	34 T9 37 
P0	38 T10 45 
P-1	46 T11 50 
P0	47 T12 57 
P-1	56 T13 59 
P0	59 T14 85 
P1	62 T15 82 
P-1	76 T16 93 
P-1	78 T17 89 
P-1	80 T18 97 
P-1	81 T19 114 
P1	85 T20 141 
P0	86 T21 100 
P-1	94 T22 115 
P0	108 T23 114 
P-1	109 T24 121 
P0	116 T25 129 
P-1	117 T26 126 
P-1	120 T27 142 
P-1	121 T28 126 
P0	133 T29 145 
P0	146 T30 153 
NMec = 97880
Viable Sol. = 18408456
Profit = 51916
T = 31
P = 2
Profits not ignored
Solution time = 1.689e-01
Task data
00    1  13  2106
01   11  34  2418
02   12  31  2776
03   15  33  4933
04   16  52  5799
05   23  30   652
06   23  35  2526
07   31  42  2572
08   32  56  6958
09   34  37   382
10   38  45   770
11   46  50   992
12   47  57  2556
13   56  59   824
14   59  85  4097
15   62  82  2504
16   76  93  3397
17   78  89   986
18   80  97  1642
19   81 114  2119
20   85 141 15402
21   86 100  2240
22   94 115  2650
23  108 114  1318
24  109 121  2665
25  116 129  2735
26  117 126  1799
27  120 142  2101
28  121 126  1261
29  133 145  1360
30  146 153  1779
End
