P-1	0 T0 15 
P0	0 T1 19 
P1	0 T2 23 
P2	1 T3 13 
P3	1 T4 13 
P4	1 T5 18 
P-1	3 T6 26 
P5	4 T7 8 
P6	4 T8 14 
P-1	4 T9 27 
P-1	6 T10 30 
P-1	7 T11 31 
P5	9 T12 21 
P7	10 T13 19 
P-1	10 T14 33 
P-1	14 T15 27 
P-1	14 T16 30 
P-1	14 T17 37 
P-1	15 T18 32 
P-1	19 T19 31 
P-1	20 T20 30 
P0	20 T21 38 
P2	21 T22 26 
P3	21 T23 29 
P4	21 T24 37 
P5	22 T25 33 
P6	22 T26 33 
P7	23 T27 29 
P1	26 T28 36 
P2	28 T29 35 
P3	30 T30 36 
NMec = 97880
Viable Sol. = 485792422
Profit = 19
T = 31
P = 8
Profits ignored
Solution time = 5.354e+00
Task data
00    0  15     1
01    0  19     1
02    0  23     1
03    1  13     1
04    1  13     1
05    1  18     1
06    3  26     1
07    4   8     1
08    4  14     1
09    4  27     1
10    6  30     1
11    7  31     1
12    9  21     1
13   10  19     1
14   10  33     1
15   14  27     1
16   14  30     1
17   14  37     1
18   15  32     1
19   19  31     1
20   20  30     1
21   20  38     1
22   21  26     1
23   21  29     1
24   21  37     1
25   22  33     1
26   22  33     1
27   23  29     1
28   26  36     1
29   28  35     1
30   30  36     1
End
