P-1	3 T0 101 
P0	4 T1 11 
P1	7 T2 14 
P2	8 T3 18 
P-1	11 T4 85 
P0	12 T5 13 
P0	14 T6 22 
P1	16 T7 17 
P1	20 T8 32 
P-1	25 T9 44 
P-1	26 T10 45 
P0	32 T11 41 
P1	35 T12 40 
P2	39 T13 47 
P0	49 T14 57 
P1	51 T15 63 
P2	53 T16 64 
P-1	63 T17 76 
P-1	63 T18 84 
P-1	65 T19 79 
P0	66 T20 68 
P-1	66 T21 91 
P-1	67 T22 81 
P1	68 T23 81 
P0	73 T24 78 
P-1	74 T25 83 
P2	76 T26 83 
P-1	79 T27 93 
P0	80 T28 91 
P1	83 T29 98 
P2	85 T30 97 
NMec = 97880
Viable Sol. = 73422430
Profit = 20
T = 31
P = 3
Profits ignored
Solution time = 7.485e-01
Task data
00    3 101     1
01    4  11     1
02    7  14     1
03    8  18     1
04   11  85     1
05   12  13     1
06   14  22     1
07   16  17     1
08   20  32     1
09   25  44     1
10   26  45     1
11   32  41     1
12   35  40     1
13   39  47     1
14   49  57     1
15   51  63     1
16   53  64     1
17   63  76     1
18   63  84     1
19   65  79     1
20   66  68     1
21   66  91     1
22   67  81     1
23   68  81     1
24   73  78     1
25   74  83     1
26   76  83     1
27   79  93     1
28   80  91     1
29   83  98     1
30   85  97     1
End
