P0	0 T0 15 
P1	0 T1 19 
P2	0 T2 23 
P3	1 T3 13 
P-1	1 T4 13 
P-1	1 T5 18 
P4	3 T6 26 
P5	4 T7 8 
P-1	4 T8 14 
P-1	4 T9 27 
P6	6 T10 30 
P7	7 T11 31 
P5	9 T12 21 
P-1	10 T13 19 
P-1	10 T14 33 
P-1	14 T15 27 
P3	14 T16 30 
P-1	14 T17 37 
P-1	15 T18 32 
P-1	19 T19 31 
P0	20 T20 30 
P-1	20 T21 38 
P-1	21 T22 26 
P1	21 T23 29 
P-1	21 T24 37 
P5	22 T25 33 
P-1	22 T26 33 
P-1	23 T27 29 
P2	26 T28 36 
P4	28 T29 35 
P1	30 T30 36 
NMec = 97880
Viable Sol. = 485792422
Profit = 44932
T = 31
P = 8
Profits not ignored
Solution time = 5.963e+00
Task data
00    0  15  2841
01    0  19  3204
02    0  23  4476
03    1  13  2505
04    1  13  1578
05    1  18  2822
06    3  26  4858
07    4   8  1003
08    4  14  1834
09    4  27  3572
10    6  30  5532
11    7  31  5124
12    9  21  2142
13   10  19  1565
14   10  33  2533
15   14  27  1474
16   14  30  2848
17   14  37  1610
18   15  32  2356
19   19  31  1932
20   20  30  2572
21   20  38  1803
22   21  26  1551
23   21  29  1996
24   21  37  1903
25   22  33  2012
26   22  33   908
27   23  29  1476
28   26  36  1788
29   28  35   765
30   30  36  1266
End
