P0	3 T0 101 
P1	4 T1 11 
P-1	7 T2 14 
P2	8 T3 18 
P-1	11 T4 85 
P1	12 T5 13 
P1	14 T6 22 
P-1	16 T7 17 
P2	20 T8 32 
P1	25 T9 44 
P-1	26 T10 45 
P-1	32 T11 41 
P-1	35 T12 40 
P2	39 T13 47 
P1	49 T14 57 
P2	51 T15 63 
P-1	53 T16 64 
P-1	63 T17 76 
P1	63 T18 84 
P2	65 T19 79 
P-1	66 T20 68 
P-1	66 T21 91 
P-1	67 T22 81 
P-1	68 T23 81 
P-1	73 T24 78 
P-1	74 T25 83 
P-1	76 T26 83 
P-1	79 T27 93 
P-1	80 T28 91 
P2	83 T29 98 
P1	85 T30 97 
NMec = 97880
Viable Sol. = 73422430
Profit = 43726
T = 31
P = 3
Profits not ignored
Solution time = 8.063e-01
Task data
00    3 101 19799
01    4  11   999
02    7  14   730
03    8  18   931
04   11  85  8616
05   12  13   157
06   14  22   984
07   16  17   164
08   20  32  1791
09   25  44  2495
10   26  45  2487
11   32  41  1607
12   35  40   718
13   39  47  1393
14   49  57  1358
15   51  63  2664
16   53  64  2451
17   63  76  2537
18   63  84  4415
19   65  79  2484
20   66  68   220
21   66  91  2332
22   67  81  1328
23   68  81  1680
24   73  78  1151
25   74  83   900
26   76  83  1169
27   79  93  2576
28   80  91  1382
29   83  98  2403
30   85  97  1853
End
