P0	0 T0 5 
P1	0 T1 39 
P2	1 T2 8 
P3	3 T3 13 
P4	3 T4 42 
P5	4 T5 18 
P-1	4 T6 25 
P-1	5 T7 29 
P0	6 T8 12 
P-1	7 T9 25 
P-1	8 T10 16 
P-1	9 T11 11 
P2	9 T12 22 
P6	10 T13 24 
P-1	11 T14 17 
P0	14 T15 29 
P-1	15 T16 19 
P-1	15 T17 28 
P3	16 T18 24 
P-1	19 T19 27 
P5	19 T20 43 
P-1	21 T21 44 
P-1	23 T22 34 
P2	23 T23 37 
P3	25 T24 34 
P6	25 T25 44 
P-1	28 T26 38 
P0	33 T27 40 
P3	35 T28 44 
P2	38 T29 41 
P1	40 T30 44 
NMec = 97880
Viable Sol. = 781670154
Profit = 42534
T = 31
P = 7
Profits not ignored
Solution time = 7.507e+00
Task data
00    0   5   853
01    0  39  4394
02    1   8   671
03    3  13  1616
04    3  42  8623
05    4  18  1774
06    4  25  2598
07    5  29  2395
08    6  12   891
09    7  25  3506
10    8  16  1431
11    9  11   473
12    9  22  2854
13   10  24  1937
14   11  17  1580
15   14  29  3663
16   15  19   633
17   15  28  2065
18   16  24  1626
19   19  27   950
20   19  43  2814
21   21  44  2336
22   23  34   800
23   23  37  1763
24   25  34  1599
25   25  44  2701
26   28  38   744
27   33  40  1081
28   35  44  2133
29   38  41   896
30   40  44   645
End
