P-1	1 T0 54 
P0	2 T1 20 
P-1	2 T2 34 
P1	5 T3 8 
P-1	5 T4 28 
P2	8 T5 14 
P-1	12 T6 21 
P-1	13 T7 25 
P-1	13 T8 34 
P-1	14 T9 32 
P1	16 T10 21 
P2	18 T11 26 
P0	21 T12 25 
P3	21 T13 26 
P4	21 T14 28 
P-1	21 T15 37 
P-1	24 T16 34 
P-1	26 T17 36 
P-1	28 T18 47 
P-1	29 T19 53 
P-1	29 T20 54 
P0	31 T21 36 
P-1	31 T22 47 
P1	32 T23 39 
P2	33 T24 38 
P3	33 T25 46 
P4	34 T26 57 
P0	42 T27 49 
P1	45 T28 56 
P2	46 T29 53 
P0	51 T30 54 
NMec = 97880
Viable Sol. = 120476155
Profit = 17
T = 31
P = 5
Profits ignored
Solution time = 1.095e+00
Task data
00    1  54     1
01    2  20     1
02    2  34     1
03    5   8     1
04    5  28     1
05    8  14     1
06   12  21     1
07   13  25     1
08   13  34     1
09   14  32     1
10   16  21     1
11   18  26     1
12   21  25     1
13   21  26     1
14   21  28     1
15   21  37     1
16   24  34     1
17   26  36     1
18   28  47     1
19   29  53     1
20   29  54     1
21   31  36     1
22   31  47     1
23   32  39     1
24   33  38     1
25   33  46     1
26   34  57     1
27   42  49     1
28   45  56     1
29   46  53     1
30   51  54     1
End
