P0	5 T0 76 
P1	8 T1 11 
P2	8 T2 29 
P-1	15 T3 37 
P-1	16 T4 29 
P-1	16 T5 34 
P-1	18 T6 77 
P1	21 T7 24 
P-1	21 T8 33 
P-1	22 T9 38 
P-1	23 T10 38 
P3	23 T11 44 
P1	25 T12 35 
P-1	25 T13 36 
P-1	26 T14 41 
P-1	27 T15 47 
P2	31 T16 57 
P-1	34 T17 52 
P-1	34 T18 54 
P-1	37 T19 46 
P1	38 T20 65 
P-1	40 T21 43 
P-1	44 T22 58 
P3	45 T23 71 
P-1	48 T24 64 
P-1	50 T25 63 
P-1	56 T26 63 
P2	59 T27 69 
P-1	63 T28 70 
P-1	63 T29 72 
P-1	65 T30 71 
NMec = 97880
Viable Sol. = 30948534
Profit = 39981
T = 31
P = 4
Profits not ignored
Solution time = 3.072e-01
Task data
00    5  76  9037
01    8  11   585
02    8  29  2236
03   15  37  2178
04   16  29  1295
05   16  34  1658
06   18  77  6146
07   21  24   566
08   21  33  1020
09   22  38  2070
10   23  38  2150
11   23  44  4316
12   25  35  2357
13   25  36  1711
14   26  41  1838
15   27  47  1364
16   31  57  6812
17   34  52  2014
18   34  54  2584
19   37  46  1363
20   38  65  6331
21   40  43   583
22   44  58  4022
23   45  71  5206
24   48  64  3066
25   50  63  1445
26   56  63   660
27   59  69  2535
28   63  70   861
29   63  72  1265
30   65  71  1075
End
