P0	0 T0 14 
P1	0 T1 15 
P2	0 T2 21 
P-1	2 T3 24 
P3	3 T4 26 
P-1	4 T5 22 
P4	5 T6 8 
P-1	6 T7 18 
P-1	8 T8 25 
P-1	8 T9 30 
P4	9 T10 20 
P-1	9 T11 23 
P-1	11 T12 16 
P-1	11 T13 23 
P5	12 T14 16 
P6	12 T15 33 
P-1	13 T16 20 
P-1	13 T17 29 
P7	13 T18 31 
P-1	14 T19 25 
P8	14 T20 29 
P0	15 T21 27 
P-1	15 T22 28 
P-1	16 T23 22 
P-1	17 T24 19 
P-1	17 T25 33 
P1	18 T26 28 
P5	18 T27 34 
P4	21 T28 34 
P2	24 T29 25 
P2	27 T30 30 
NMec = 97880
Viable Sol. = 342385730
Profit = 39427
T = 31
P = 9
Profits not ignored
Solution time = 2.568e+00
Task data
00    0  14  1974
01    0  15  2039
02    0  21  4281
03    2  24  2940
04    3  26  4902
05    4  22  1534
06    5   8   529
07    6  18  1291
08    8  25  1985
09    8  30  2629
10    9  20  1312
11    9  23  2710
12   11  16   823
13   11  23  2271
14   12  16   967
15   12  33  4016
16   13  20   987
17   13  29  1910
18   13  31  4766
19   14  25  1157
20   14  29  3226
21   15  27  2159
22   15  28  1362
23   16  22  1603
24   17  19   190
25   17  33  1355
26   18  28  2502
27   18  34  3069
28   21  34  2890
29   24  25   331
30   27  30   464
End
