P0	19 T0 24 
P0	47 T1 62 
P-1	56 T2 73 
P0	78 T3 85 
P-1	83 T4 90 
P-1	75 T5 94 
P-1	79 T6 97 
P0	100 T7 101 
P-1	84 T8 103 
P0	103 T9 104 
P-1	100 T10 108 
P-1	98 T11 111 
P-1	103 T12 116 
P0	134 T13 140 
P-1	131 T14 142 
P-1	134 T15 154 
P-1	133 T16 156 
P0	142 T17 157 
P-1	147 T18 160 
P-1	141 T19 162 
P-1	106 T20 168 
P0	164 T21 176 
P-1	168 T22 177 
P0	203 T23 213 
P-1	149 T24 217 
P-1	9 T25 238 
P0	257 T26 265 
P-1	11 T27 286 
P0	292 T28 299 
P-1	214 T29 305 
P-1	285 T30 307 
NMec = 97880
Viable Sol. = 0
Profit = 11
T = 31
P = 1
Profits ignored
Solution time = 6.853e-06
Task data
00   19  24     1
01   47  62     1
02   56  73     1
03   78  85     1
04   83  90     1
05   75  94     1
06   79  97     1
07  100 101     1
08   84 103     1
09  103 104     1
10  100 108     1
11   98 111     1
12  103 116     1
13  134 140     1
14  131 142     1
15  134 154     1
16  133 156     1
17  142 157     1
18  147 160     1
19  141 162     1
20  106 168     1
21  164 176     1
22  168 177     1
23  203 213     1
24  149 217     1
25    9 238     1
26  257 265     1
27   11 286     1
28  292 299     1
29  214 305     1
30  285 307     1
End
