P-1	0 T0 19 
P-1	0 T1 20 
P0	1 T2 4 
P1	3 T3 8 
P-1	3 T4 15 
P-1	3 T5 19 
P-1	3 T6 23 
P-1	4 T7 30 
P0	6 T8 18 
P2	7 T9 15 
P-1	7 T10 26 
P-1	7 T11 27 
P-1	7 T12 29 
P-1	8 T13 23 
P-1	8 T14 26 
P1	9 T15 13 
P3	10 T16 18 
P4	10 T17 28 
P5	12 T18 14 
P6	12 T19 15 
P7	13 T20 17 
P1	14 T21 20 
P8	14 T22 27 
P9	14 T23 30 
P2	16 T24 29 
P5	17 T25 28 
P6	17 T26 28 
P7	18 T27 30 
P0	20 T28 29 
P1	23 T29 24 
P3	23 T30 30 
NMec = 97880
Viable Sol. = 870502836
Profit = 20
T = 31
P = 10
Profits ignored
Solution time = 8.837e+00
Task data
00    0  19     1
01    0  20     1
02    1   4     1
03    3   8     1
04    3  15     1
05    3  19     1
06    3  23     1
07    4  30     1
08    6  18     1
09    7  15     1
10    7  26     1
11    7  27     1
12    7  29     1
13    8  23     1
14    8  26     1
15    9  13     1
16   10  18     1
17   10  28     1
18   12  14     1
19   12  15     1
20   13  17     1
21   14  20     1
22   14  27     1
23   14  30     1
24   16  29     1
25   17  28     1
26   17  28     1
27   18  30     1
28   20  29     1
29   23  24     1
30   23  30     1
End
