P0	1 T0 49 
P1	4 T1 26 
P-1	4 T2 48 
P2	7 T3 38 
P-1	9 T4 35 
P-1	12 T5 18 
P-1	12 T6 26 
P-1	12 T7 31 
P-1	12 T8 32 
P3	12 T9 48 
P-1	13 T10 25 
P-1	15 T11 22 
P4	15 T12 36 
P5	16 T13 34 
P-1	17 T14 26 
P-1	17 T15 29 
P-1	20 T16 50 
P-1	21 T17 34 
P-1	21 T18 34 
P-1	22 T19 33 
P-1	22 T20 35 
P-1	25 T21 30 
P-1	25 T22 32 
P-1	29 T23 48 
P1	30 T24 45 
P-1	31 T25 45 
P-1	34 T26 43 
P4	38 T27 51 
P5	38 T28 53 
P-1	40 T29 48 
P2	40 T30 49 
P-1	42 T31 46 
NMec = 97880
Viable Sol. = 79603916
Profit = 48805
T = 32
P = 6
Profits not ignored
Solution time = 8.720e-01
Task data
00    1  49 13706
01    4  26  4895
02    4  48  3987
03    7  38  5039
04    9  35  3803
05   12  18  1181
06   12  26  1497
07   12  31  1431
08   12  32  2723
09   12  48  8535
10   13  25  1833
11   15  22   867
12   15  36  4179
13   16  34  3935
14   17  26  1998
15   17  29  1055
16   20  50  4136
17   21  34  2348
18   21  34  1536
19   22  33   710
20   22  35  2627
21   25  30   768
22   25  32  1275
23   29  48  3289
24   30  45  3366
25   31  45  2038
26   34  43  1032
27   38  51  1835
28   38  53  1901
29   40  48   997
30   40  49  1414
31   42  46   734
End
