P0	1 T0 13 
P1	1 T1 22 
P-1	2 T2 16 
P-1	3 T3 19 
P2	3 T4 45 
P-1	4 T5 26 
P3	4 T6 27 
P-1	5 T7 21 
P-1	7 T8 14 
P-1	7 T9 19 
P4	7 T10 31 
P-1	8 T11 25 
P-1	8 T12 33 
P5	9 T13 17 
P6	9 T14 22 
P-1	10 T15 21 
P-1	12 T16 23 
P-1	13 T17 15 
P-1	14 T18 40 
P-1	16 T19 21 
P-1	16 T20 22 
P-1	17 T21 26 
P0	19 T22 32 
P-1	19 T23 35 
P5	20 T24 41 
P1	25 T25 34 
P3	28 T26 42 
P-1	33 T27 36 
P0	33 T28 39 
P4	33 T29 43 
P-1	34 T30 38 
P6	34 T31 45 
NMec = 97880
Viable Sol. = 391839076
Profit = 47394
T = 32
P = 7
Profits not ignored
Solution time = 4.023e+00
Task data
00    1  13  3723
01    1  22  5629
02    2  16   904
03    3  19  1319
04    3  45  5522
05    4  26  2323
06    4  27  3764
07    5  21  2196
08    7  14   780
09    7  19  1142
10    7  31  5646
11    8  25  3615
12    8  33  2431
13    9  17  1841
14    9  22  3629
15   10  21  1258
16   12  23  1658
17   13  15   474
18   14  40  2553
19   16  21   630
20   16  22   521
21   17  26  1290
22   19  32  2547
23   19  35  3495
24   20  41  4339
25   25  34  2185
26   28  42  3444
27   33  36   441
28   33  39  1528
29   33  43  1680
30   34  38   667
31   34  45  1917
End
