P-1	1 T0 19 
P0	4 T1 11 
P1	4 T2 15 
P-1	4 T3 23 
P2	4 T4 24 
P3	7 T5 11 
P-1	9 T6 32 
P-1	10 T7 50 
P0	14 T8 17 
P-1	18 T9 35 
P0	18 T10 37 
P1	19 T11 31 
P-1	20 T12 78 
P-1	22 T13 76 
P3	23 T14 37 
P-1	24 T15 44 
P-1	24 T16 46 
P2	25 T17 39 
P-1	29 T18 47 
P-1	36 T19 58 
P-1	37 T20 51 
P0	38 T21 48 
P1	38 T22 49 
P3	39 T23 48 
P2	44 T24 55 
P-1	44 T25 59 
P-1	49 T26 63 
P0	50 T27 58 
P1	50 T28 59 
P3	55 T29 60 
P2	57 T30 66 
P0	65 T31 72 
NMec = 97880
Viable Sol. = 103126022
Profit = 18
T = 32
P = 4
Profits ignored
Solution time = 9.390e-01
Task data
00    1  19     1
01    4  11     1
02    4  15     1
03    4  23     1
04    4  24     1
05    7  11     1
06    9  32     1
07   10  50     1
08   14  17     1
09   18  35     1
10   18  37     1
11   19  31     1
12   20  78     1
13   22  76     1
14   23  37     1
15   24  44     1
16   24  46     1
17   25  39     1
18   29  47     1
19   36  58     1
20   37  51     1
21   38  48     1
22   38  49     1
23   39  48     1
24   44  55     1
25   44  59     1
26   49  63     1
27   50  58     1
28   50  59     1
29   55  60     1
30   57  66     1
31   65  72     1
End
