P0	0 T0 6 
P1	1 T1 12 
P2	3 T2 7 
P3	3 T3 15 
P4	4 T4 15 
P5	4 T5 17 
P-1	4 T6 19 
P-1	4 T7 26 
P-1	4 T8 27 
P-1	4 T9 28 
P-1	5 T10 22 
P-1	5 T11 23 
P-1	6 T12 25 
P-1	7 T13 19 
P-1	8 T14 31 
P-1	9 T15 34 
P0	10 T16 19 
P2	10 T17 20 
P-1	10 T18 28 
P6	12 T19 24 
P-1	13 T20 31 
P-1	13 T21 33 
P1	15 T22 31 
P3	16 T23 27 
P4	16 T24 27 
P7	16 T25 33 
P8	17 T26 27 
P5	19 T27 23 
P0	20 T28 27 
P2	23 T29 29 
P5	24 T30 33 
P6	25 T31 31 
NMec = 97880
Viable Sol. = 797928384
Profit = 19
T = 32
P = 9
Profits ignored
Solution time = 8.340e+00
Task data
00    0   6     1
01    1  12     1
02    3   7     1
03    3  15     1
04    4  15     1
05    4  17     1
06    4  19     1
07    4  26     1
08    4  27     1
09    4  28     1
10    5  22     1
11    5  23     1
12    6  25     1
13    7  19     1
14    8  31     1
15    9  34     1
16   10  19     1
17   10  20     1
18   10  28     1
19   12  24     1
20   13  31     1
21   13  33     1
22   15  31     1
23   16  27     1
24   16  27     1
25   16  33     1
26   17  27     1
27   19  23     1
28   20  27     1
29   23  29     1
30   24  33     1
31   25  31     1
End
