P0	0 T0 6 
P1	1 T1 12 
P2	3 T2 7 
P3	3 T3 15 
P-1	4 T4 15 
P4	4 T5 17 
P-1	4 T6 19 
P5	4 T7 26 
P6	4 T8 27 
P7	4 T9 28 
P8	5 T10 22 
P-1	5 T11 23 
P-1	6 T12 25 
P0	7 T13 19 
P-1	8 T14 31 
P2	9 T15 34 
P-1	10 T16 19 
P-1	10 T17 20 
P-1	10 T18 28 
P-1	12 T19 24 
P-1	13 T20 31 
P1	13 T21 33 
P-1	15 T22 31 
P-1	16 T23 27 
P-1	16 T24 27 
P3	16 T25 33 
P-1	17 T26 27 
P4	19 T27 23 
P0	20 T28 27 
P8	23 T29 29 
P4	24 T30 33 
P-1	25 T31 31 
NMec = 97880
Viable Sol. = 797928384
Profit = 49599
T = 32
P = 9
Profits not ignored
Solution time = 7.165e+00
Task data
00    0   6   702
01    1  12  1961
02    3   7   785
03    3  15  2117
04    4  15  1133
05    4  17  3005
06    4  19  1566
07    4  26  4053
08    4  27  6486
09    4  28  6863
10    5  22  3253
11    5  23  2015
12    6  25  1982
13    7  19  1623
14    8  31  2952
15    9  34  6182
16   10  19  1474
17   10  20  1721
18   10  28  3296
19   12  24  2507
20   13  31  1710
21   13  33  4368
22   15  31  1075
23   16  27   844
24   16  27  1355
25   16  33  2262
26   17  27   829
27   19  23  1164
28   20  27  2162
29   23  29  1219
30   24  33  1394
31   25  31   976
End
