P0	1 T0 10 
P1	1 T1 22 
P2	2 T2 106 
P-1	9 T3 16 
P-1	9 T4 25 
P0	12 T5 32 
P-1	13 T6 22 
P-1	16 T7 23 
P-1	17 T8 30 
P-1	19 T9 28 
P-1	20 T10 33 
P-1	22 T11 32 
P-1	22 T12 32 
P-1	23 T13 36 
P1	25 T14 38 
P-1	29 T15 52 
P0	35 T16 47 
P-1	37 T17 41 
P-1	37 T18 98 
P1	40 T19 50 
P0	53 T20 68 
P-1	57 T21 80 
P-1	63 T22 89 
P1	67 T23 84 
P-1	76 T24 83 
P-1	77 T25 84 
P0	79 T26 103 
P-1	82 T27 89 
P-1	83 T28 91 
P1	85 T29 104 
P-1	92 T30 95 
P-1	94 T31 103 
NMec = 97880
Viable Sol. = 53463602
Profit = 54444
T = 32
P = 3
Profits not ignored
Solution time = 5.103e-01
Task data
00    1  10  1344
01    1  22  4732
02    2 106 20561
03    9  16  1239
04    9  25  3836
05   12  32  4660
06   13  22  1283
07   16  23  1875
08   17  30  2889
09   19  28  2098
10   20  33  3532
11   22  32  1914
12   22  32   727
13   23  36  2397
14   25  38  2414
15   29  52  2979
16   35  47  2446
17   37  41   593
18   37  98  6649
19   40  50   986
20   53  68  2523
21   57  80  2211
22   63  89  4492
23   67  84  4516
24   76  83  1757
25   77  84   763
26   79 103  5604
27   82  89   710
28   83  91  1489
29   85 104  4658
30   92  95   517
31   94 103  1127
End
