P0	14 T0 23 
P-1	17 T1 25 
P-1	10 T2 32 
P-1	17 T3 40 
P0	43 T4 48 
P-1	43 T5 57 
P0	49 T6 60 
P-1	52 T7 61 
P-1	58 T8 77 
P0	71 T9 78 
P-1	62 T10 81 
P0	101 T11 110 
P-1	109 T12 120 
P0	153 T13 175 
P-1	168 T14 191 
P0	186 T15 192 
P-1	183 T16 194 
P0	193 T17 202 
P-1	190 T18 205 
P-1	202 T19 210 
P0	205 T20 214 
P0	221 T21 226 
P0	241 T22 248 
P-1	240 T23 251 
P0	260 T24 273 
P-1	273 T25 291 
P0	281 T26 293 
P-1	291 T27 299 
P-1	289 T28 304 
P-1	288 T29 307 
P-1	24 T30 309 
P0	312 T31 316 
NMec = 97880
Viable Sol. = 0
Profit = 14
T = 32
P = 1
Profits ignored
Solution time = 1.768e-05
Task data
00   14  23     1
01   17  25     1
02   10  32     1
03   17  40     1
04   43  48     1
05   43  57     1
06   49  60     1
07   52  61     1
08   58  77     1
09   71  78     1
10   62  81     1
11  101 110     1
12  109 120     1
13  153 175     1
14  168 191     1
15  186 192     1
16  183 194     1
17  193 202     1
18  190 205     1
19  202 210     1
20  205 214     1
21  221 226     1
22  241 248     1
23  240 251     1
24  260 273     1
25  273 291     1
26  281 293     1
27  291 299     1
28  289 304     1
29  288 307     1
30   24 309     1
31  312 316     1
End
