P-1	2 T0 15 
P-1	2 T1 20 
P0	3 T2 11 
P1	3 T3 15 
P2	5 T4 25 
P3	6 T5 13 
P-1	7 T6 56 
P4	8 T7 22 
P0	15 T8 28 
P1	16 T9 20 
P3	16 T10 23 
P-1	22 T11 44 
P1	23 T12 28 
P3	24 T13 25 
P4	24 T14 31 
P-1	25 T15 53 
P2	27 T16 39 
P3	27 T17 40 
P-1	28 T18 45 
P0	32 T19 46 
P1	39 T20 42 
P4	39 T21 48 
P2	40 T22 45 
P-1	40 T23 57 
P-1	41 T24 63 
P1	45 T25 53 
P3	45 T26 63 
P0	49 T27 52 
P2	52 T28 57 
P0	53 T29 63 
P4	53 T30 63 
P1	58 T31 62 
NMec = 97880
Viable Sol. = 1316730128
Profit = 24
T = 32
P = 5
Profits ignored
Solution time = 1.148e+01
Task data
00    2  15     1
01    2  20     1
02    3  11     1
03    3  15     1
04    5  25     1
05    6  13     1
06    7  56     1
07    8  22     1
08   15  28     1
09   16  20     1
10   16  23     1
11   22  44     1
12   23  28     1
13   24  25     1
14   24  31     1
15   25  53     1
16   27  39     1
17   27  40     1
18   28  45     1
19   32  46     1
20   39  42     1
21   39  48     1
22   40  45     1
23   40  57     1
24   41  63     1
25   45  53     1
26   45  63     1
27   49  52     1
28   52  57     1
29   53  63     1
30   53  63     1
31   58  62     1
End
