P-1	2 T0 15 
P0	2 T1 20 
P-1	3 T2 11 
P1	3 T3 15 
P2	5 T4 25 
P-1	6 T5 13 
P3	7 T6 56 
P4	8 T7 22 
P-1	15 T8 28 
P-1	16 T9 20 
P1	16 T10 23 
P0	22 T11 44 
P4	23 T12 28 
P1	24 T13 25 
P-1	24 T14 31 
P-1	25 T15 53 
P-1	27 T16 39 
P1	27 T17 40 
P2	28 T18 45 
P-1	32 T19 46 
P-1	39 T20 42 
P-1	39 T21 48 
P-1	40 T22 45 
P4	40 T23 57 
P1	41 T24 63 
P-1	45 T25 53 
P0	45 T26 63 
P2	49 T27 52 
P-1	52 T28 57 
P-1	53 T29 63 
P2	53 T30 63 
P3	58 T31 62 
NMec = 97880
Viable Sol. = 1316730128
Profit = 47279
T = 32
P = 5
Profits not ignored
Solution time = 1.265e+01
Task data
00    2  15  1665
01    2  20  3424
02    3  11  2162
03    3  15  3112
04    5  25  3805
05    6  13  1858
06    7  56  8222
07    8  22  3853
08   15  28  1976
09   16  20   489
10   16  23   676
11   22  44  2306
12   23  28  1169
13   24  25   325
14   24  31   750
15   25  53  3144
16   27  39  1105
17   27  40  3837
18   28  45  3610
19   32  46  2015
20   39  42   783
21   39  48   582
22   40  45   949
23   40  57  4000
24   41  63  3836
25   45  53  1769
26   45  63  2006
27   49  52   458
28   52  57  1003
29   53  63  1139
30   53  63  2008
31   58  62   632
End
