P-1	10 T0 32 
P0	14 T1 23 
P-1	17 T2 25 
P-1	17 T3 40 
P0	24 T4 309 
P-1	43 T5 48 
P-1	43 T6 57 
P-1	49 T7 60 
P-1	52 T8 61 
P-1	58 T9 77 
P-1	62 T10 81 
P-1	71 T11 78 
P-1	101 T12 110 
P-1	109 T13 120 
P-1	153 T14 175 
P-1	168 T15 191 
P-1	183 T16 194 
P-1	186 T17 192 
P-1	190 T18 205 
P-1	193 T19 202 
P-1	202 T20 210 
P-1	205 T21 214 
P-1	221 T22 226 
P-1	240 T23 251 
P-1	241 T24 248 
P-1	260 T25 273 
P-1	273 T26 291 
P-1	281 T27 293 
P-1	288 T28 307 
P-1	289 T29 304 
P-1	291 T30 299 
P0	312 T31 316 
NMec = 97880
Viable Sol. = 1568164
Profit = 37906
T = 32
P = 1
Profits not ignored
Solution time = 1.826e-02
Task data
00   10  32  1944
01   14  23   762
02   17  25  1444
03   17  40  2928
04   24 309 36486
05   43  48   895
06   43  57  2423
07   49  60   859
08   52  61  2084
09   58  77  3585
10   62  81  2520
11   71  78   624
12  101 110   803
13  109 120  1113
14  153 175  3598
15  168 191  2701
16  183 194   876
17  186 192  1286
18  190 205  2378
19  193 202  1664
20  202 210  2034
21  205 214   899
22  221 226   445
23  240 251  1973
24  241 248   721
25  260 273  3911
26  273 291  3337
27  281 293   922
28  288 307  1533
29  289 304  1950
30  291 299  1694
31  312 316   658
End
