P-1	0 T0 158 
P-1	1 T1 21 
P0	7 T2 13 
P-1	10 T3 26 
P-1	13 T4 39 
P-1	15 T5 153 
P0	19 T6 25 
P1	21 T7 37 
P0	29 T8 50 
P-1	42 T9 54 
P-1	44 T10 52 
P-1	51 T11 71 
P0	51 T12 71 
P1	52 T13 64 
P1	68 T14 81 
P-1	74 T15 94 
P0	81 T16 86 
P-1	81 T17 106 
P-1	87 T18 95 
P-1	87 T19 98 
P0	89 T20 93 
P1	90 T21 99 
P-1	96 T22 115 
P-1	98 T23 114 
P0	99 T24 109 
P1	105 T25 117 
P0	112 T26 119 
P-1	119 T27 157 
P0	137 T28 150 
P-1	140 T29 154 
P1	141 T30 152 
P0	151 T31 156 
NMec = 97880
Viable Sol. = 18025757
Profit = 16
T = 32
P = 2
Profits ignored
Solution time = 1.730e-01
Task data
00    0 158     1
01    1  21     1
02    7  13     1
03   10  26     1
04   13  39     1
05   15 153     1
06   19  25     1
07   21  37     1
08   29  50     1
09   42  54     1
10   44  52     1
11   51  71     1
12   51  71     1
13   52  64     1
14   68  81     1
15   74  94     1
16   81  86     1
17   81 106     1
18   87  95     1
19   87  98     1
20   89  93     1
21   90  99     1
22   96 115     1
23   98 114     1
24   99 109     1
25  105 117     1
26  112 119     1
27  119 157     1
28  137 150     1
29  140 154     1
30  141 152     1
31  151 156     1
End
