P0	0 T0 7 
P-1	0 T1 16 
P-1	0 T2 18 
P1	1 T3 4 
P2	2 T4 9 
P3	2 T5 23 
P4	4 T6 10 
P-1	5 T7 28 
P1	6 T8 22 
P-1	6 T9 28 
P5	7 T10 18 
P0	9 T11 17 
P-1	9 T12 29 
P-1	9 T13 30 
P2	11 T14 20 
P4	12 T15 19 
P6	12 T16 25 
P7	14 T17 23 
P-1	15 T18 28 
P-1	15 T19 28 
P-1	16 T20 31 
P-1	18 T21 30 
P-1	19 T22 39 
P0	20 T23 33 
P4	20 T24 38 
P2	21 T25 28 
P5	22 T26 31 
P1	23 T27 33 
P3	24 T28 35 
P7	24 T29 39 
P6	27 T30 35 
P0	34 T31 39 
NMec = 97880
Viable Sol. = 1125388884
Profit = 21
T = 32
P = 8
Profits ignored
Solution time = 1.076e+01
Task data
00    0   7     1
01    0  16     1
02    0  18     1
03    1   4     1
04    2   9     1
05    2  23     1
06    4  10     1
07    5  28     1
08    6  22     1
09    6  28     1
10    7  18     1
11    9  17     1
12    9  29     1
13    9  30     1
14   11  20     1
15   12  19     1
16   12  25     1
17   14  23     1
18   15  28     1
19   15  28     1
20   16  31     1
21   18  30     1
22   19  39     1
23   20  33     1
24   20  38     1
25   21  28     1
26   22  31     1
27   23  33     1
28   24  35     1
29   24  39     1
30   27  35     1
31   34  39     1
End
