P0	0 T0 14 
P1	1 T1 16 
P-1	1 T2 23 
P-1	1 T3 28 
P2	3 T4 9 
P-1	4 T5 20 
P3	6 T6 14 
P-1	6 T7 22 
P-1	7 T8 19 
P-1	7 T9 19 
P4	9 T10 16 
P-1	9 T11 20 
P-1	10 T12 18 
P-1	10 T13 26 
P2	11 T14 12 
P5	11 T15 18 
P-1	11 T16 22 
P-1	11 T17 26 
P-1	11 T18 27 
P-1	11 T19 30 
P-1	12 T20 25 
P2	14 T21 22 
P6	14 T22 27 
P0	15 T23 25 
P3	16 T24 28 
P7	16 T25 30 
P1	17 T26 21 
P4	17 T27 25 
P8	17 T28 28 
P9	17 T29 31 
P5	19 T30 29 
P1	22 T31 27 
NMec = 97880
Viable Sol. = 915191916
Profit = 18
T = 32
P = 10
Profits ignored
Solution time = 1.009e+01
Task data
00    0  14     1
01    1  16     1
02    1  23     1
03    1  28     1
04    3   9     1
05    4  20     1
06    6  14     1
07    6  22     1
08    7  19     1
09    7  19     1
10    9  16     1
11    9  20     1
12   10  18     1
13   10  26     1
14   11  12     1
15   11  18     1
16   11  22     1
17   11  26     1
18   11  27     1
19   11  30     1
20   12  25     1
21   14  22     1
22   14  27     1
23   15  25     1
24   16  28     1
25   16  30     1
26   17  21     1
27   17  25     1
28   17  28     1
29   17  31     1
30   19  29     1
31   22  27     1
End
