P0	0 T0 14 
P1	1 T1 16 
P2	1 T2 23 
P-1	1 T3 28 
P3	3 T4 9 
P-1	4 T5 20 
P4	6 T6 14 
P-1	6 T7 22 
P5	7 T8 19 
P6	7 T9 19 
P7	9 T10 16 
P-1	9 T11 20 
P-1	10 T12 18 
P3	10 T13 26 
P8	11 T14 12 
P-1	11 T15 18 
P-1	11 T16 22 
P-1	11 T17 26 
P9	11 T18 27 
P-1	11 T19 30 
P-1	12 T20 25 
P-1	14 T21 22 
P8	14 T22 27 
P-1	15 T23 25 
P-1	16 T24 28 
P0	16 T25 30 
P-1	17 T26 21 
P1	17 T27 25 
P4	17 T28 28 
P7	17 T29 31 
P-1	19 T30 29 
P5	22 T31 27 
NMec = 97880
Viable Sol. = 915191916
Profit = 40496
T = 32
P = 10
Profits not ignored
Solution time = 9.081e+00
Task data
00    0  14  2754
01    1  16  2104
02    1  23  3920
03    1  28  2555
04    3   9  1173
05    4  20  2157
06    6  14  2239
07    6  22  2775
08    7  19  3358
09    7  19  3225
10    9  16  1317
11    9  20  2235
12   10  18  1050
13   10  26  4191
14   11  12   244
15   11  18   828
16   11  22  2875
17   11  26  1549
18   11  27  2990
19   11  30  2387
20   12  25  2812
21   14  22  1419
22   14  27  2834
23   15  25  1087
24   16  28  1330
25   16  30  1843
26   17  21   698
27   17  25  2077
28   17  28  2092
29   17  31  2957
30   19  29  1494
31   22  27  1178
End
