P0	1 T0 77 
P1	3 T1 10 
P2	3 T2 21 
P1	11 T3 60 
P-1	12 T4 39 
P-1	13 T5 33 
P-1	16 T6 20 
P-1	19 T7 22 
P3	20 T8 42 
P2	23 T9 35 
P-1	26 T10 33 
P-1	27 T11 38 
P-1	29 T12 32 
P-1	32 T13 42 
P-1	35 T14 42 
P-1	35 T15 53 
P-1	36 T16 50 
P-1	36 T17 50 
P2	37 T18 43 
P-1	39 T19 50 
P-1	40 T20 43 
P-1	42 T21 58 
P2	46 T22 64 
P3	48 T23 65 
P-1	50 T24 57 
P-1	53 T25 62 
P-1	56 T26 68 
P-1	58 T27 73 
P-1	61 T28 69 
P1	64 T29 76 
P-1	66 T30 69 
P2	66 T31 79 
P3	69 T32 81 
NMec = 97880
Viable Sol. = 411668598
Profit = 53318
T = 33
P = 4
Profits not ignored
Solution time = 4.059e+00
Task data
00    1  77 17401
01    3  10  1405
02    3  21  4617
03   11  60  7365
04   12  39  1964
05   13  33  2340
06   16  20  1121
07   19  22   769
08   20  42  4716
09   23  35  2054
10   26  33   844
11   27  38  2209
12   29  32   285
13   32  42  2599
14   35  42  1845
15   35  53  2864
16   36  50  1591
17   36  50  1674
18   37  43  2027
19   39  50  1197
20   40  43   758
21   42  58  3583
22   46  64  2942
23   48  65  2894
24   50  57  1395
25   53  62   612
26   56  68  1047
27   58  73  3095
28   61  69  1875
29   64  76  2984
30   66  69   779
31   66  79  3221
32   69  81  1692
End
