P-1	0 T0 27 
P-1	2 T1 19 
P-1	2 T2 28 
P-1	3 T3 27 
P-1	3 T4 56 
P-1	3 T5 57 
P0	5 T6 16 
P1	7 T7 16 
P2	8 T8 18 
P3	9 T9 14 
P4	10 T10 16 
P-1	14 T11 38 
P-1	16 T12 51 
P-1	17 T13 56 
P-1	18 T14 41 
P0	19 T15 24 
P-1	20 T16 28 
P1	21 T17 31 
P2	21 T18 32 
P3	23 T19 34 
P4	24 T20 38 
P0	26 T21 29 
P0	34 T22 40 
P-1	36 T23 51 
P-1	36 T24 54 
P-1	36 T25 65 
P1	40 T26 56 
P2	40 T27 56 
P0	44 T28 50 
P3	45 T29 53 
P4	48 T30 51 
P0	53 T31 58 
P4	53 T32 62 
NMec = 97880
Viable Sol. = 369377071
Profit = 19
T = 33
P = 5
Profits ignored
Solution time = 3.468e+00
Task data
00    0  27     1
01    2  19     1
02    2  28     1
03    3  27     1
04    3  56     1
05    3  57     1
06    5  16     1
07    7  16     1
08    8  18     1
09    9  14     1
10   10  16     1
11   14  38     1
12   16  51     1
13   17  56     1
14   18  41     1
15   19  24     1
16   20  28     1
17   21  31     1
18   21  32     1
19   23  34     1
20   24  38     1
21   26  29     1
22   34  40     1
23   36  51     1
24   36  54     1
25   36  65     1
26   40  56     1
27   40  56     1
28   44  50     1
29   45  53     1
30   48  51     1
31   53  58     1
32   53  62     1
End
