P-1	0 T0 7 
P0	0 T1 9 
P1	0 T2 11 
P2	0 T3 11 
P-1	0 T4 41 
P-1	2 T5 23 
P3	4 T6 11 
P4	4 T7 14 
P5	5 T8 17 
P-1	5 T9 19 
P6	6 T10 7 
P-1	6 T11 22 
P7	7 T12 16 
P-1	8 T13 32 
P-1	9 T14 29 
P-1	9 T15 37 
P-1	10 T16 27 
P0	12 T17 28 
P1	13 T18 18 
P2	14 T19 22 
P3	15 T20 21 
P4	15 T21 27 
P6	15 T22 34 
P7	17 T23 36 
P5	18 T24 31 
P1	19 T25 29 
P3	22 T26 36 
P2	24 T27 33 
P0	32 T28 41 
P1	33 T29 41 
P2	34 T30 38 
P4	34 T31 39 
P3	38 T32 41 
NMec = 97880
Viable Sol. = 3480440856
Profit = 24
T = 33
P = 8
Profits ignored
Solution time = 2.998e+01
Task data
00    0   7     1
01    0   9     1
02    0  11     1
03    0  11     1
04    0  41     1
05    2  23     1
06    4  11     1
07    4  14     1
08    5  17     1
09    5  19     1
10    6   7     1
11    6  22     1
12    7  16     1
13    8  32     1
14    9  29     1
15    9  37     1
16   10  27     1
17   12  28     1
18   13  18     1
19   14  22     1
20   15  21     1
21   15  27     1
22   15  34     1
23   17  36     1
24   18  31     1
25   19  29     1
26   22  36     1
27   24  33     1
28   32  41     1
29   33  41     1
30   34  38     1
31   34  39     1
32   38  41     1
End
