P-1	9 T0 13 
P-1	10 T1 26 
P0	12 T2 24 
P1	12 T3 27 
P-1	17 T4 20 
P-1	19 T5 37 
P0	29 T6 38 
P-1	29 T7 43 
P-1	33 T8 52 
P1	35 T9 46 
P0	40 T10 51 
P1	51 T11 91 
P-1	61 T12 77 
P-1	65 T13 73 
P0	71 T14 79 
P-1	86 T15 102 
P0	92 T16 102 
P-1	92 T17 114 
P1	101 T18 124 
P-1	108 T19 118 
P0	110 T20 116 
P-1	110 T21 122 
P-1	110 T22 129 
P-1	111 T23 125 
P-1	118 T24 132 
P-1	119 T25 125 
P0	120 T26 145 
P-1	125 T27 130 
P1	125 T28 137 
P-1	132 T29 143 
P-1	135 T30 145 
P1	139 T31 142 
P1	145 T32 160 
NMec = 97880
Viable Sol. = 51756432
Profit = 39855
T = 33
P = 2
Profits not ignored
Solution time = 4.964e-01
Task data
00    9  13   757
01   10  26  1514
02   12  24  1707
03   12  27  2765
04   17  20   591
05   19  37  1572
06   29  38  1297
07   29  43  1443
08   33  52  2619
09   35  46  2404
10   40  51  2344
11   51  91  7641
12   61  77  2200
13   65  73   958
14   71  79  2384
15   86 102  2118
16   92 102  2435
17   92 114  1812
18  101 124  5002
19  108 118   978
20  110 116  1018
21  110 122  1103
22  110 129  1681
23  111 125  2830
24  118 132   845
25  119 125  1131
26  120 145  6288
27  125 130   639
28  125 137   955
29  132 143  1140
30  135 145   981
31  139 142   942
32  145 160  2673
End
