P0	0 T0 7 
P1	0 T1 10 
P2	1 T2 9 
P3	1 T3 16 
P4	2 T4 18 
P-1	2 T5 26 
P5	6 T6 20 
P0	9 T7 18 
P-1	11 T8 48 
P1	11 T9 53 
P-1	13 T10 33 
P2	13 T11 54 
P-1	16 T12 37 
P-1	17 T13 32 
P0	19 T14 25 
P3	19 T15 34 
P4	20 T16 29 
P-1	22 T17 36 
P5	24 T18 26 
P0	26 T19 35 
P-1	26 T20 40 
P-1	27 T21 43 
P-1	28 T22 36 
P5	28 T23 50 
P-1	29 T24 40 
P-1	31 T25 33 
P4	31 T26 38 
P-1	32 T27 39 
P0	37 T28 48 
P3	39 T29 54 
P-1	42 T30 45 
P4	42 T31 46 
P0	50 T32 54 
NMec = 97880
Viable Sol. = 1119701772
Profit = 47156
T = 33
P = 6
Profits not ignored
Solution time = 1.059e+01
Task data
00    0   7  1071
01    0  10  2319
02    1   9  1985
03    1  16  4042
04    2  18  2699
05    2  26  2089
06    6  20  2350
07    9  18  1810
08   11  48  2547
09   11  53  5416
10   13  33  2064
11   13  54  5643
12   16  37  2810
13   17  32  2552
14   19  25   704
15   19  34  2685
16   20  29  1413
17   22  36  2006
18   24  26   601
19   26  35  2715
20   26  40  1471
21   27  43  1540
22   28  36  2395
23   28  50  5019
24   29  40  2683
25   31  33   651
26   31  38  1446
27   32  39  1080
28   37  48  1926
29   39  54  1860
30   42  45   459
31   42  46   570
32   50  54   882
End
