P-1	6 T0 18 
P0	12 T1 16 
P-1	14 T2 20 
P-1	14 T3 329 
P0	17 T4 26 
P-1	17 T5 178 
P0	41 T6 59 
P-1	58 T7 81 
P0	67 T8 85 
P0	87 T9 105 
P-1	93 T10 98 
P-1	108 T11 152 
P-1	118 T12 137 
P0	123 T13 319 
P-1	128 T14 152 
P-1	175 T15 202 
P-1	183 T16 197 
P-1	188 T17 198 
P-1	188 T18 199 
P-1	197 T19 212 
P-1	203 T20 207 
P-1	211 T21 214 
P-1	213 T22 223 
P-1	224 T23 242 
P-1	239 T24 256 
P-1	240 T25 243 
P-1	250 T26 272 
P-1	252 T27 270 
P-1	272 T28 292 
P-1	280 T29 281 
P-1	283 T30 294 
P-1	290 T31 301 
P-1	292 T32 306 
NMec = 97880
Viable Sol. = 1006855
Profit = 58962
T = 33
P = 1
Profits not ignored
Solution time = 1.306e-02
Task data
00    6  18  1511
01   12  16   369
02   14  20   791
03   14 329 26301
04   17  26  1642
05   17 178 31681
06   41  59  1489
07   58  81  3055
08   67  85  3228
09   87 105  3415
10   93  98   740
11  108 152 11805
12  118 137  2709
13  123 319 48819
14  128 152  6383
15  175 202  3332
16  183 197  3015
17  188 198  1638
18  188 199  1119
19  197 212  1898
20  203 207   387
21  211 214   422
22  213 223   652
23  224 242  4600
24  239 256  3003
25  240 243   223
26  250 272  4691
27  252 270  2294
28  272 292  2543
29  280 281   263
30  283 294  2442
31  290 301  2320
32  292 306   977
End
