P0	3 T0 7 
P1	3 T1 10 
P2	7 T2 14 
P-1	9 T3 67 
P0	10 T4 31 
P-1	11 T5 78 
P1	12 T6 37 
P2	15 T7 34 
P-1	19 T8 35 
P-1	19 T9 36 
P-1	23 T10 36 
P-1	26 T11 37 
P-1	27 T12 42 
P-1	27 T13 45 
P0	35 T14 86 
P2	36 T15 53 
P-1	39 T16 43 
P1	40 T17 53 
P-1	42 T18 47 
P-1	48 T19 67 
P-1	52 T20 54 
P-1	53 T21 63 
P-1	66 T22 83 
P-1	67 T23 77 
P-1	68 T24 71 
P1	68 T25 78 
P2	69 T26 92 
P-1	76 T27 90 
P1	81 T28 96 
P0	90 T29 104 
P-1	91 T30 100 
P2	94 T31 105 
P1	98 T32 103 
NMec = 97880
Viable Sol. = 162316242
Profit = 47938
T = 33
P = 3
Profits not ignored
Solution time = 1.485e+00
Task data
00    3   7   352
01    3  10  1556
02    7  14  1264
03    9  67  7633
04   10  31  5601
05   11  78  6459
06   12  37  4252
07   15  34  4788
08   19  35   988
09   19  36  1466
10   23  36  2027
11   26  37   909
12   27  42  1627
13   27  45  2907
14   35  86  6355
15   36  53  3799
16   39  43   481
17   40  53  3558
18   42  47   400
19   48  67  2091
20   52  54   330
21   53  63  1085
22   66  83  2615
23   67  77  1649
24   68  71   410
25   68  78  2691
26   69  92  4512
27   76  90  2796
28   81  96  3271
29   90 104  2823
30   91 100   820
31   94 105  1620
32   98 103  1496
End
