P0	0 T0 7 
P-1	0 T1 10 
P1	1 T2 9 
P2	1 T3 16 
P3	2 T4 18 
P4	2 T5 26 
P5	6 T6 20 
P0	9 T7 18 
P-1	11 T8 48 
P-1	11 T9 53 
P-1	13 T10 33 
P-1	13 T11 54 
P-1	16 T12 37 
P-1	17 T13 32 
P0	19 T14 25 
P-1	19 T15 34 
P1	20 T16 29 
P-1	22 T17 36 
P2	24 T18 26 
P-1	26 T19 35 
P-1	26 T20 40 
P-1	27 T21 43 
P0	28 T22 36 
P2	28 T23 50 
P3	29 T24 40 
P1	31 T25 33 
P4	31 T26 38 
P5	32 T27 39 
P0	37 T28 48 
P1	39 T29 54 
P3	42 T30 45 
P4	42 T31 46 
P0	50 T32 54 
NMec = 97880
Viable Sol. = 1119701772
Profit = 21
T = 33
P = 6
Profits ignored
Solution time = 9.534e+00
Task data
00    0   7     1
01    0  10     1
02    1   9     1
03    1  16     1
04    2  18     1
05    2  26     1
06    6  20     1
07    9  18     1
08   11  48     1
09   11  53     1
10   13  33     1
11   13  54     1
12   16  37     1
13   17  32     1
14   19  25     1
15   19  34     1
16   20  29     1
17   22  36     1
18   24  26     1
19   26  35     1
20   26  40     1
21   27  43     1
22   28  36     1
23   28  50     1
24   29  40     1
25   31  33     1
26   31  38     1
27   32  39     1
28   37  48     1
29   39  54     1
30   42  45     1
31   42  46     1
32   50  54     1
End
