P0	3 T0 7 
P1	3 T1 10 
P2	7 T2 14 
P-1	9 T3 67 
P-1	10 T4 31 
P-1	11 T5 78 
P-1	12 T6 37 
P-1	15 T7 34 
P-1	19 T8 35 
P-1	19 T9 36 
P0	23 T10 36 
P1	26 T11 37 
P-1	27 T12 42 
P2	27 T13 45 
P-1	35 T14 86 
P-1	36 T15 53 
P0	39 T16 43 
P-1	40 T17 53 
P1	42 T18 47 
P0	48 T19 67 
P1	52 T20 54 
P2	53 T21 63 
P-1	66 T22 83 
P-1	67 T23 77 
P0	68 T24 71 
P1	68 T25 78 
P2	69 T26 92 
P0	76 T27 90 
P1	81 T28 96 
P-1	90 T29 104 
P0	91 T30 100 
P2	94 T31 105 
P1	98 T32 103 
NMec = 97880
Viable Sol. = 162316242
Profit = 19
T = 33
P = 3
Profits ignored
Solution time = 1.416e+00
Task data
00    3   7     1
01    3  10     1
02    7  14     1
03    9  67     1
04   10  31     1
05   11  78     1
06   12  37     1
07   15  34     1
08   19  35     1
09   19  36     1
10   23  36     1
11   26  37     1
12   27  42     1
13   27  45     1
14   35  86     1
15   36  53     1
16   39  43     1
17   40  53     1
18   42  47     1
19   48  67     1
20   52  54     1
21   53  63     1
22   66  83     1
23   67  77     1
24   68  71     1
25   68  78     1
26   69  92     1
27   76  90     1
28   81  96     1
29   90 104     1
30   91 100     1
31   94 105     1
32   98 103     1
End
