P0	9 T0 13 
P-1	10 T1 26 
P-1	12 T2 24 
P1	12 T3 27 
P0	17 T4 20 
P-1	19 T5 37 
P0	29 T6 38 
P-1	29 T7 43 
P-1	33 T8 52 
P1	35 T9 46 
P0	40 T10 51 
P-1	51 T11 91 
P-1	61 T12 77 
P0	65 T13 73 
P1	71 T14 79 
P0	86 T15 102 
P1	92 T16 102 
P-1	92 T17 114 
P-1	101 T18 124 
P-1	108 T19 118 
P0	110 T20 116 
P1	110 T21 122 
P-1	110 T22 129 
P-1	111 T23 125 
P-1	118 T24 132 
P-1	119 T25 125 
P-1	120 T26 145 
P0	125 T27 130 
P1	125 T28 137 
P-1	132 T29 143 
P0	135 T30 145 
P1	139 T31 142 
P1	145 T32 160 
NMec = 97880
Viable Sol. = 51756432
Profit = 17
T = 33
P = 2
Profits ignored
Solution time = 4.652e-01
Task data
00    9  13     1
01   10  26     1
02   12  24     1
03   12  27     1
04   17  20     1
05   19  37     1
06   29  38     1
07   29  43     1
08   33  52     1
09   35  46     1
10   40  51     1
11   51  91     1
12   61  77     1
13   65  73     1
14   71  79     1
15   86 102     1
16   92 102     1
17   92 114     1
18  101 124     1
19  108 118     1
20  110 116     1
21  110 122     1
22  110 129     1
23  111 125     1
24  118 132     1
25  119 125     1
26  120 145     1
27  125 130     1
28  125 137     1
29  132 143     1
30  135 145     1
31  139 142     1
32  145 160     1
End
