P-1	0 T0 17 
P-1	0 T1 20 
P0	1 T2 9 
P1	1 T3 17 
P2	1 T4 28 
P-1	3 T5 28 
P3	4 T6 20 
P4	4 T7 23 
P5	5 T8 14 
P6	5 T9 15 
P-1	5 T10 20 
P7	7 T11 25 
P-1	7 T12 28 
P-1	8 T13 23 
P-1	8 T14 23 
P-1	8 T15 27 
P8	9 T16 21 
P-1	10 T17 21 
P-1	10 T18 33 
P0	11 T19 22 
P-1	12 T20 25 
P-1	16 T21 21 
P-1	16 T22 25 
P5	16 T23 30 
P-1	16 T24 34 
P-1	17 T25 23 
P-1	17 T26 30 
P6	17 T27 30 
P1	20 T28 35 
P3	21 T29 26 
P0	24 T30 29 
P4	24 T31 35 
P2	29 T32 34 
NMec = 97880
Viable Sol. = 810876108
Profit = 41316
T = 33
P = 9
Profits not ignored
Solution time = 6.419e+00
Task data
00    0  17  1787
01    0  20  2580
02    1   9  1006
03    1  17  3614
04    1  28  3234
05    3  28  3179
06    4  20  2962
07    4  23  4078
08    5  14  1613
09    5  15  2413
10    5  20  2956
11    7  25  3190
12    7  28  2615
13    8  23  2815
14    8  23  3036
15    8  27  2691
16    9  21  3418
17   10  21  1320
18   10  33  2884
19   11  22  3024
20   12  25  1078
21   16  21   600
22   16  25  1442
23   16  30  3016
24   16  34  1877
25   17  23  1198
26   17  30  1907
27   17  30  3233
28   20  35  3152
29   21  26  1438
30   24  29   464
31   24  35   836
32   29  34   625
End
