P0	0 T0 4 
P-1	0 T1 12 
P1	0 T2 14 
P2	0 T3 32 
P3	1 T4 25 
P4	2 T5 15 
P5	2 T6 19 
P6	3 T7 14 
P7	4 T8 15 
P-1	5 T9 20 
P0	5 T10 21 
P-1	6 T11 15 
P-1	6 T12 19 
P-1	7 T13 18 
P-1	8 T14 17 
P-1	9 T15 13 
P-1	9 T16 20 
P8	9 T17 29 
P9	10 T18 27 
P-1	12 T19 24 
P-1	12 T20 28 
P-1	13 T21 26 
P-1	13 T22 32 
P-1	14 T23 18 
P-1	14 T24 24 
P-1	14 T25 28 
P1	16 T26 25 
P-1	18 T27 25 
P4	18 T28 27 
P6	18 T29 28 
P7	18 T30 29 
P5	20 T31 28 
P0	23 T32 31 
NMec = 97880
Viable Sol. = 2143552314
Profit = 49479
T = 33
P = 10
Profits not ignored
Solution time = 1.971e+01
Task data
00    0   4   661
01    0  12   763
02    0  14  1680
03    0  32  6628
04    1  25  5391
05    2  15  2935
06    2  19  2967
07    3  14  1948
08    4  15  2515
09    5  20  3137
10    5  21  4499
11    6  15  1148
12    6  19  1979
13    7  18  2712
14    8  17  1561
15    9  13   893
16    9  20  1325
17    9  29  4490
18   10  27  4403
19   12  24  2772
20   12  28  2434
21   13  26  2411
22   13  32  2343
23   14  18   499
24   14  24  1866
25   14  28  2237
26   16  25  2000
27   18  25  1305
28   18  27  1775
29   18  28  1667
30   18  29  2324
31   20  28  1516
32   23  31  2080
End
