P0	1 T0 12 
P1	3 T1 9 
P-1	3 T2 65 
P2	4 T3 13 
P-1	4 T4 44 
P3	5 T5 16 
P4	5 T6 16 
P1	10 T7 23 
P0	13 T8 19 
P-1	14 T9 54 
P-1	15 T10 51 
P-1	19 T11 64 
P0	20 T12 34 
P2	21 T13 27 
P-1	22 T14 49 
P1	27 T15 34 
P-1	27 T16 53 
P-1	32 T17 47 
P0	35 T18 45 
P1	38 T19 50 
P2	39 T20 47 
P3	39 T21 48 
P4	40 T22 49 
P-1	44 T23 61 
P-1	45 T24 52 
P-1	45 T25 57 
P-1	45 T26 65 
P-1	46 T27 54 
P0	46 T28 63 
P2	49 T29 66 
P1	51 T30 55 
P3	51 T31 66 
P4	51 T32 66 
P1	62 T33 67 
NMec = 97880
Viable Sol. = 528796532
Profit = 21
T = 34
P = 5
Profits ignored
Solution time = 5.432e+00
Task data
00    1  12     1
01    3   9     1
02    3  65     1
03    4  13     1
04    4  44     1
05    5  16     1
06    5  16     1
07   10  23     1
08   13  19     1
09   14  54     1
10   15  51     1
11   19  64     1
12   20  34     1
13   21  27     1
14   22  49     1
15   27  34     1
16   27  53     1
17   32  47     1
18   35  45     1
19   38  50     1
20   39  47     1
21   39  48     1
22   40  49     1
23   44  61     1
24   45  52     1
25   45  57     1
26   45  65     1
27   46  54     1
28   46  63     1
29   49  66     1
30   51  55     1
31   51  66     1
32   51  66     1
33   62  67     1
End
