P0	0 T0 19 
P1	0 T1 47 
P2	1 T2 13 
P3	2 T3 33 
P4	4 T4 12 
P5	4 T5 14 
P-1	4 T6 15 
P-1	4 T7 19 
P6	6 T8 14 
P-1	6 T9 24 
P-1	8 T10 19 
P-1	10 T11 21 
P-1	11 T12 25 
P-1	11 T13 35 
P-1	12 T14 26 
P2	14 T15 26 
P4	14 T16 46 
P-1	15 T17 20 
P5	16 T18 31 
P6	19 T19 31 
P-1	22 T20 44 
P-1	23 T21 44 
P0	24 T22 30 
P-1	25 T23 41 
P-1	28 T24 33 
P2	28 T25 47 
P-1	30 T26 42 
P0	32 T27 39 
P5	32 T28 48 
P6	33 T29 41 
P3	35 T30 38 
P-1	38 T31 39 
P-1	38 T32 47 
P3	39 T33 47 
NMec = 97880
Viable Sol. = 3568487437
Profit = 54128
T = 34
P = 7
Profits not ignored
Solution time = 3.942e+01
Task data
00    0  19  5126
01    0  47  6793
02    1  13  3219
03    2  33  5198
04    4  12  1441
05    4  14  2058
06    4  15   878
07    4  19  2673
08    6  14  1817
09    6  24  2170
10    8  19  1078
11   10  21  1083
12   11  25  2650
13   11  35  4549
14   12  26  1636
15   14  26  2993
16   14  46  7796
17   15  20  1484
18   16  31  3031
19   19  31  2877
20   22  44  1946
21   23  44  2348
22   24  30  1219
23   25  41  1874
24   28  33   772
25   28  47  3709
26   30  42  1405
27   32  39  1553
28   32  48  1948
29   33  41  1353
30   35  38   351
31   38  39   293
32   38  47  1018
33   39  47  1646
End
