P-1	0 T0 27 
P0	2 T1 9 
P-1	2 T2 19 
P-1	3 T3 37 
P1	4 T4 12 
P2	4 T5 17 
P3	4 T6 19 
P-1	4 T7 41 
P4	7 T8 15 
P-1	8 T9 39 
P-1	8 T10 42 
P5	9 T11 20 
P6	9 T12 22 
P0	11 T13 21 
P7	11 T14 23 
P-1	11 T15 29 
P-1	13 T16 27 
P-1	14 T17 26 
P-1	14 T18 28 
P-1	14 T19 39 
P-1	14 T20 42 
P-1	15 T21 34 
P-1	16 T22 30 
P-1	16 T23 37 
P1	17 T24 40 
P2	18 T25 39 
P3	20 T26 39 
P0	22 T27 29 
P4	22 T28 38 
P5	24 T29 28 
P6	24 T30 33 
P7	26 T31 36 
P5	29 T32 34 
P0	39 T33 41 
NMec = 97880
Viable Sol. = 1007777194
Profit = 19
T = 34
P = 8
Profits ignored
Solution time = 9.160e+00
Task data
00    0  27     1
01    2   9     1
02    2  19     1
03    3  37     1
04    4  12     1
05    4  17     1
06    4  19     1
07    4  41     1
08    7  15     1
09    8  39     1
10    8  42     1
11    9  20     1
12    9  22     1
13   11  21     1
14   11  23     1
15   11  29     1
16   13  27     1
17   14  26     1
18   14  28     1
19   14  39     1
20   14  42     1
21   15  34     1
22   16  30     1
23   16  37     1
24   17  40     1
25   18  39     1
26   20  39     1
27   22  29     1
28   22  38     1
29   24  28     1
30   24  33     1
31   26  36     1
32   29  34     1
33   39  41     1
End
