P0	0 T0 7 
P1	0 T1 11 
P-1	1 T2 28 
P2	2 T3 13 
P-1	2 T4 16 
P-1	2 T5 26 
P-1	2 T6 31 
P-1	3 T7 24 
P3	5 T8 17 
P4	5 T9 18 
P5	6 T10 16 
P-1	7 T11 22 
P-1	8 T12 33 
P0	9 T13 21 
P6	10 T14 21 
P1	12 T15 17 
P7	12 T16 20 
P8	12 T17 21 
P-1	12 T18 26 
P-1	14 T19 34 
P2	15 T20 23 
P-1	17 T21 28 
P-1	17 T22 28 
P1	18 T23 36 
P3	19 T24 35 
P4	20 T25 26 
P5	20 T26 28 
P0	22 T27 34 
P6	22 T28 34 
P7	22 T29 34 
P2	24 T30 35 
P8	25 T31 36 
P4	27 T32 29 
P4	30 T33 34 
NMec = 97880
Viable Sol. = 5574016946
Profit = 23
T = 34
P = 9
Profits ignored
Solution time = 5.410e+01
Task data
00    0   7     1
01    0  11     1
02    1  28     1
03    2  13     1
04    2  16     1
05    2  26     1
06    2  31     1
07    3  24     1
08    5  17     1
09    5  18     1
10    6  16     1
11    7  22     1
12    8  33     1
13    9  21     1
14   10  21     1
15   12  17     1
16   12  20     1
17   12  21     1
18   12  26     1
19   14  34     1
20   15  23     1
21   17  28     1
22   17  28     1
23   18  36     1
24   19  35     1
25   20  26     1
26   20  28     1
27   22  34     1
28   22  34     1
29   22  34     1
30   24  35     1
31   25  36     1
32   27  29     1
33   30  34     1
End
