P-1	3 T0 20 
P0	4 T1 7 
P-1	14 T2 28 
P0	17 T3 311 
P-1	27 T4 30 
P-1	28 T5 46 
P-1	45 T6 50 
P-1	52 T7 64 
P-1	53 T8 65 
P-1	66 T9 90 
P-1	70 T10 91 
P-1	72 T11 75 
P-1	81 T12 92 
P-1	87 T13 99 
P-1	100 T14 109 
P-1	103 T15 124 
P-1	104 T16 116 
P-1	125 T17 157 
P-1	170 T18 186 
P-1	171 T19 177 
P-1	181 T20 200 
P-1	182 T21 190 
P-1	185 T22 199 
P-1	188 T23 212 
P-1	192 T24 203 
P-1	197 T25 205 
P-1	205 T26 217 
P-1	235 T27 251 
P-1	237 T28 251 
P-1	240 T29 253 
P-1	260 T30 264 
P-1	267 T31 274 
P-1	296 T32 302 
P0	323 T33 330 
NMec = 97880
Viable Sol. = 8404996
Profit = 71901
T = 34
P = 1
Profits not ignored
Solution time = 7.168e-02
Task data
00    3  20  3063
01    4   7   539
02   14  28  2611
03   17 311 70547
04   27  30   612
05   28  46  2903
06   45  50  1449
07   52  64   963
08   53  65  3088
09   66  90  2365
10   70  91  4098
11   72  75   348
12   81  92  1186
13   87  99  1698
14  100 109   815
15  103 124  5243
16  104 116   956
17  125 157  5977
18  170 186  2380
19  171 177  1609
20  181 200  2276
21  182 190  1226
22  185 199  2166
23  188 212  6480
24  192 203   994
25  197 205  1872
26  205 217  3163
27  235 251  3422
28  237 251  1696
29  240 253  3106
30  260 264   579
31  267 274  1202
32  296 302   930
33  323 330   815
End
