P0	1 T0 12 
P1	3 T1 9 
P-1	3 T2 65 
P2	4 T3 13 
P3	4 T4 44 
P4	5 T5 16 
P-1	5 T6 16 
P1	10 T7 23 
P0	13 T8 19 
P-1	14 T9 54 
P-1	15 T10 51 
P2	19 T11 64 
P0	20 T12 34 
P-1	21 T13 27 
P4	22 T14 49 
P1	27 T15 34 
P-1	27 T16 53 
P-1	32 T17 47 
P0	35 T18 45 
P1	38 T19 50 
P-1	39 T20 47 
P-1	39 T21 48 
P-1	40 T22 49 
P-1	44 T23 61 
P-1	45 T24 52 
P-1	45 T25 57 
P3	45 T26 65 
P-1	46 T27 54 
P-1	46 T28 63 
P0	49 T29 66 
P-1	51 T30 55 
P1	51 T31 66 
P4	51 T32 66 
P-1	62 T33 67 
NMec = 97880
Viable Sol. = 528796532
Profit = 45899
T = 34
P = 5
Profits not ignored
Solution time = 5.767e+00
Task data
00    1  12  1259
01    3   9  1083
02    3  65  7360
03    4  13  1375
04    4  44  3880
05    5  16  1614
06    5  16   775
07   10  23  1354
08   13  19  1013
09   14  54  4983
10   15  51  3650
11   19  64  7372
12   20  34  2005
13   21  27  1532
14   22  49  4251
15   27  34   951
16   27  53  4484
17   32  47  1412
18   35  45  2767
19   38  50  3073
20   39  47  2312
21   39  48   540
22   40  49  2350
23   44  61  1351
24   45  52  1199
25   45  57  1577
26   45  65  4685
27   46  54  1486
28   46  63  1493
29   49  66  3096
30   51  55   551
31   51  66  3577
32   51  66  2544
33   62  67   552
End
