P0	0 T0 27 
P1	2 T1 9 
P2	2 T2 19 
P3	3 T3 37 
P4	4 T4 12 
P-1	4 T5 17 
P-1	4 T6 19 
P-1	4 T7 41 
P5	7 T8 15 
P-1	8 T9 39 
P6	8 T10 42 
P-1	9 T11 20 
P-1	9 T12 22 
P-1	11 T13 21 
P-1	11 T14 23 
P-1	11 T15 29 
P-1	13 T16 27 
P-1	14 T17 26 
P-1	14 T18 28 
P-1	14 T19 39 
P1	14 T20 42 
P4	15 T21 34 
P-1	16 T22 30 
P5	16 T23 37 
P7	17 T24 40 
P-1	18 T25 39 
P-1	20 T26 39 
P-1	22 T27 29 
P2	22 T28 38 
P-1	24 T29 28 
P-1	24 T30 33 
P-1	26 T31 36 
P0	29 T32 34 
P0	39 T33 41 
NMec = 97880
Viable Sol. = 1007777194
Profit = 54496
T = 34
P = 8
Profits not ignored
Solution time = 9.866e+00
Task data
00    0  27  6200
01    2   9   909
02    2  19  3796
03    3  37  8821
04    4  12   838
05    4  17  1082
06    4  19  1760
07    4  41  2924
08    7  15   938
09    8  39  3052
10    8  42  8152
11    9  20  1553
12    9  22  1704
13   11  21  1397
14   11  23  1376
15   11  29  3548
16   13  27  1852
17   14  26  2365
18   14  28  3708
19   14  39  4030
20   14  42  6300
21   15  34  4541
22   16  30  2999
23   16  37  4499
24   17  40  5788
25   18  39  1795
26   20  39  2255
27   22  29  1552
28   22  38  2946
29   24  28   306
30   24  33  2080
31   26  36  1277
32   29  34   359
33   39  41   409
End
