P0	0 T0 3 
P1	3 T1 30 
P0	5 T2 45 
P-1	7 T3 19 
P2	8 T4 13 
P3	10 T5 26 
P-1	11 T6 25 
P2	18 T7 28 
P-1	18 T8 40 
P-1	26 T9 45 
P-1	28 T10 37 
P-1	30 T11 42 
P2	30 T12 74 
P1	31 T13 38 
P-1	32 T14 34 
P3	32 T15 41 
P-1	33 T16 43 
P-1	34 T17 46 
P-1	38 T18 45 
P1	40 T19 56 
P3	42 T20 62 
P-1	45 T21 63 
P0	46 T22 57 
P-1	51 T23 60 
P-1	56 T24 58 
P-1	56 T25 78 
P1	57 T26 77 
P-1	58 T27 67 
P-1	62 T28 70 
P0	64 T29 79 
P3	66 T30 83 
P-1	69 T31 72 
P-1	69 T32 77 
P2	75 T33 84 
NMec = 97880
Viable Sol. = 1250450980
Profit = 52416
T = 34
P = 4
Profits not ignored
Solution time = 1.286e+01
Task data
00    0   3   752
01    3  30  2407
02    5  45  7184
03    7  19  1719
04    8  13  1128
05   10  26  2069
06   11  25  1352
07   18  28  2668
08   18  40  3493
09   26  45  2174
10   28  37   941
11   30  42  1340
12   30  74 11960
13   31  38  1070
14   32  34   437
15   32  41  1640
16   33  43   858
17   34  46  1469
18   38  45   834
19   40  56  1731
20   42  62  2052
21   45  63  1703
22   46  57  2667
23   51  60   776
24   56  58   390
25   56  78  3199
26   57  77  5724
27   58  67   829
28   62  70  1981
29   64  79  4568
30   66  83  2517
31   69  72   587
32   69  77  1637
33   75  84  2279
End
