P-1	1 T0 8 
P0	3 T1 18 
P1	5 T2 15 
P-1	7 T3 13 
P-1	13 T4 40 
P0	22 T5 160 
P-1	30 T6 44 
P1	32 T7 50 
P-1	39 T8 46 
P-1	45 T9 70 
P-1	46 T10 169 
P-1	50 T11 75 
P1	53 T12 64 
P-1	56 T13 63 
P-1	56 T14 69 
P-1	59 T15 72 
P-1	62 T16 68 
P1	67 T17 76 
P-1	74 T18 83 
P-1	74 T19 92 
P-1	77 T20 90 
P1	79 T21 105 
P-1	80 T22 97 
P-1	81 T23 90 
P-1	88 T24 100 
P-1	93 T25 102 
P-1	98 T26 121 
P-1	110 T27 127 
P-1	114 T28 138 
P1	115 T29 133 
P1	138 T30 142 
P1	145 T31 154 
P-1	150 T32 155 
P1	155 T33 162 
NMec = 97880
Viable Sol. = 48956187
Profit = 43084
T = 34
P = 2
Profits not ignored
Solution time = 4.545e-01
Task data
00    1   8   798
01    3  18  1709
02    5  15  2014
03    7  13  1197
04   13  40  1807
05   22 160 18202
06   30  44  2549
07   32  50  3986
08   39  46  1321
09   45  70  3315
10   46 169  8065
11   50  75  3316
12   53  64  2951
13   56  63  1416
14   56  69  2149
15   59  72  1225
16   62  68  1094
17   67  76  2027
18   74  83  1358
19   74  92  4899
20   77  90  4048
21   79 105  6218
22   80  97  2713
23   81  90   970
24   88 100  3516
25   93 102  1510
26   98 121  2639
27  110 127  1972
28  114 138  1973
29  115 133  2777
30  138 142   978
31  145 154  1197
32  150 155   899
33  155 162  1025
End
