P0	0 T0 7 
P1	0 T1 11 
P-1	1 T2 28 
P2	2 T3 13 
P3	2 T4 16 
P4	2 T5 26 
P5	2 T6 31 
P6	3 T7 24 
P7	5 T8 17 
P8	5 T9 18 
P-1	6 T10 16 
P-1	7 T11 22 
P-1	8 T12 33 
P-1	9 T13 21 
P0	10 T14 21 
P-1	12 T15 17 
P1	12 T16 20 
P-1	12 T17 21 
P-1	12 T18 26 
P2	14 T19 34 
P-1	15 T20 23 
P3	17 T21 28 
P-1	17 T22 28 
P7	18 T23 36 
P8	19 T24 35 
P-1	20 T25 26 
P-1	20 T26 28 
P0	22 T27 34 
P-1	22 T28 34 
P1	22 T29 34 
P-1	24 T30 35 
P6	25 T31 36 
P4	27 T32 29 
P3	30 T33 34 
NMec = 97880
Viable Sol. = 5574016946
Profit = 54022
T = 34
P = 9
Profits not ignored
Solution time = 5.162e+01
Task data
00    0   7  1891
01    0  11  1012
02    1  28  3782
03    2  13  1887
04    2  16  3172
05    2  26  4137
06    2  31  6696
07    3  24  6131
08    5  17  2110
09    5  18  2126
10    6  16  1475
11    7  22  2856
12    8  33  4342
13    9  21  1874
14   10  21  2794
15   12  17   465
16   12  20  1834
17   12  21  1096
18   12  26  2986
19   14  34  3073
20   15  23  1328
21   17  28  2541
22   17  28   942
23   18  36  3443
24   19  35  3224
25   20  26   987
26   20  28  1117
27   22  34  2701
28   22  34  1233
29   22  34  2778
30   24  35  1068
31   25  36  1271
32   27  29   741
33   30  34   460
End
