P0	0 T0 3 
P-1	3 T1 30 
P-1	5 T2 45 
P0	7 T3 19 
P1	8 T4 13 
P2	10 T5 26 
P3	11 T6 25 
P1	18 T7 28 
P-1	18 T8 40 
P-1	26 T9 45 
P-1	28 T10 37 
P-1	30 T11 42 
P-1	30 T12 74 
P-1	31 T13 38 
P0	32 T14 34 
P1	32 T15 41 
P2	33 T16 43 
P3	34 T17 46 
P0	38 T18 45 
P-1	40 T19 56 
P-1	42 T20 62 
P1	45 T21 63 
P0	46 T22 57 
P2	51 T23 60 
P3	56 T24 58 
P-1	56 T25 78 
P-1	57 T26 77 
P0	58 T27 67 
P-1	62 T28 70 
P1	64 T29 79 
P2	66 T30 83 
P0	69 T31 72 
P3	69 T32 77 
P0	75 T33 84 
NMec = 97880
Viable Sol. = 1250450980
Profit = 21
T = 34
P = 4
Profits ignored
Solution time = 1.091e+01
Task data
00    0   3     1
01    3  30     1
02    5  45     1
03    7  19     1
04    8  13     1
05   10  26     1
06   11  25     1
07   18  28     1
08   18  40     1
09   26  45     1
10   28  37     1
11   30  42     1
12   30  74     1
13   31  38     1
14   32  34     1
15   32  41     1
16   33  43     1
17   34  46     1
18   38  45     1
19   40  56     1
20   42  62     1
21   45  63     1
22   46  57     1
23   51  60     1
24   56  58     1
25   56  78     1
26   57  77     1
27   58  67     1
28   62  70     1
29   64  79     1
30   66  83     1
31   69  72     1
32   69  77     1
33   75  84     1
End
