P0	4 T0 7 
P-1	3 T1 20 
P0	14 T2 28 
P-1	27 T3 30 
P-1	28 T4 46 
P0	45 T5 50 
P0	52 T6 64 
P-1	53 T7 65 
P0	72 T8 75 
P-1	66 T9 90 
P-1	70 T10 91 
P0	81 T11 92 
P-1	87 T12 99 
P0	100 T13 109 
P-1	104 T14 116 
P-1	103 T15 124 
P0	125 T16 157 
P0	171 T17 177 
P-1	170 T18 186 
P0	182 T19 190 
P-1	185 T20 199 
P-1	181 T21 200 
P0	192 T22 203 
P-1	197 T23 205 
P-1	188 T24 212 
P0	205 T25 217 
P0	235 T26 251 
P-1	237 T27 251 
P-1	240 T28 253 
P0	260 T29 264 
P0	267 T30 274 
P0	296 T31 302 
P-1	17 T32 311 
P0	323 T33 330 
NMec = 97880
Viable Sol. = 0
Profit = 17
T = 34
P = 1
Profits ignored
Solution time = 1.524e-05
Task data
00    4   7     1
01    3  20     1
02   14  28     1
03   27  30     1
04   28  46     1
05   45  50     1
06   52  64     1
07   53  65     1
08   72  75     1
09   66  90     1
10   70  91     1
11   81  92     1
12   87  99     1
13  100 109     1
14  104 116     1
15  103 124     1
16  125 157     1
17  171 177     1
18  170 186     1
19  182 190     1
20  185 199     1
21  181 200     1
22  192 203     1
23  197 205     1
24  188 212     1
25  205 217     1
26  235 251     1
27  237 251     1
28  240 253     1
29  260 264     1
30  267 274     1
31  296 302     1
32   17 311     1
33  323 330     1
End
