P0	0 T0 7 
P-1	1 T1 32 
P1	3 T2 11 
P2	4 T3 9 
P-1	4 T4 21 
P-1	4 T5 32 
P3	6 T6 14 
P0	10 T7 18 
P2	10 T8 20 
P1	12 T9 22 
P4	12 T10 24 
P5	14 T11 27 
P3	16 T12 25 
P0	20 T13 29 
P-1	20 T14 35 
P-1	20 T15 39 
P-1	20 T16 43 
P2	21 T17 39 
P1	26 T18 36 
P-1	28 T19 44 
P-1	28 T20 52 
P0	30 T21 42 
P3	31 T22 42 
P4	32 T23 40 
P-1	33 T24 53 
P-1	35 T25 47 
P-1	35 T26 53 
P5	35 T27 56 
P1	39 T28 51 
P2	40 T29 51 
P4	41 T30 55 
P0	43 T31 54 
P3	47 T32 56 
P1	52 T33 56 
NMec = 97880
Viable Sol. = 3348299963
Profit = 23
T = 34
P = 6
Profits ignored
Solution time = 3.179e+01
Task data
00    0   7     1
01    1  32     1
02    3  11     1
03    4   9     1
04    4  21     1
05    4  32     1
06    6  14     1
07   10  18     1
08   10  20     1
09   12  22     1
10   12  24     1
11   14  27     1
12   16  25     1
13   20  29     1
14   20  35     1
15   20  39     1
16   20  43     1
17   21  39     1
18   26  36     1
19   28  44     1
20   28  52     1
21   30  42     1
22   31  42     1
23   32  40     1
24   33  53     1
25   35  47     1
26   35  53     1
27   35  56     1
28   39  51     1
29   40  51     1
30   41  55     1
31   43  54     1
32   47  56     1
33   52  56     1
End
