P0	0 T0 9 
P-1	0 T1 27 
P-1	1 T2 24 
P1	2 T3 8 
P-1	2 T4 14 
P-1	2 T5 21 
P-1	2 T6 22 
P-1	2 T7 31 
P2	4 T8 13 
P-1	4 T9 26 
P-1	5 T10 15 
P-1	6 T11 23 
P3	7 T12 15 
P4	7 T13 17 
P-1	9 T14 25 
P-1	10 T15 21 
P-1	10 T16 23 
P0	12 T17 14 
P1	12 T18 17 
P5	12 T19 20 
P6	13 T20 21 
P7	13 T21 21 
P8	13 T22 23 
P9	13 T23 24 
P0	15 T24 23 
P2	15 T25 28 
P3	16 T26 22 
P1	18 T27 31 
P4	20 T28 24 
P5	21 T29 28 
P6	22 T30 28 
P0	24 T31 29 
P3	26 T32 28 
P4	28 T33 30 
NMec = 97880
Viable Sol. = 5592943120
Profit = 22
T = 34
P = 10
Profits ignored
Solution time = 4.731e+01
Task data
00    0   9     1
01    0  27     1
02    1  24     1
03    2   8     1
04    2  14     1
05    2  21     1
06    2  22     1
07    2  31     1
08    4  13     1
09    4  26     1
10    5  15     1
11    6  23     1
12    7  15     1
13    7  17     1
14    9  25     1
15   10  21     1
16   10  23     1
17   12  14     1
18   12  17     1
19   12  20     1
20   13  21     1
21   13  21     1
22   13  23     1
23   13  24     1
24   15  23     1
25   15  28     1
26   16  22     1
27   18  31     1
28   20  24     1
29   21  28     1
30   22  28     1
31   24  29     1
32   26  28     1
33   28  30     1
End
