P0	0 T0 9 
P1	0 T1 27 
P-1	1 T2 24 
P2	2 T3 8 
P3	2 T4 14 
P4	2 T5 21 
P5	2 T6 22 
P-1	2 T7 31 
P6	4 T8 13 
P7	4 T9 26 
P-1	5 T10 15 
P8	6 T11 23 
P-1	7 T12 15 
P9	7 T13 17 
P2	9 T14 25 
P-1	10 T15 21 
P-1	10 T16 23 
P-1	12 T17 14 
P-1	12 T18 17 
P0	12 T19 20 
P-1	13 T20 21 
P-1	13 T21 21 
P-1	13 T22 23 
P-1	13 T23 24 
P3	15 T24 23 
P6	15 T25 28 
P-1	16 T26 22 
P9	18 T27 31 
P-1	20 T28 24 
P0	21 T29 28 
P4	22 T30 28 
P3	24 T31 29 
P2	26 T32 28 
P1	28 T33 30 
NMec = 97880
Viable Sol. = 5592943120
Profit = 46686
T = 34
P = 10
Profits not ignored
Solution time = 4.487e+01
Task data
00    0   9  1558
01    0  27  6772
02    1  24  2514
03    2   8   829
04    2  14  1939
05    2  21  3467
06    2  22  3878
07    2  31  3067
08    4  13  1876
09    4  26  3249
10    5  15  1299
11    6  23  4422
12    7  15  1057
13    7  17  1887
14    9  25  2554
15   10  21   924
16   10  23  1742
17   12  14   673
18   12  17   603
19   12  20  2526
20   13  21   609
21   13  21   927
22   13  23  1359
23   13  24  1314
24   15  23  2384
25   15  28  2767
26   16  22  1503
27   18  31  2486
28   20  24   502
29   21  28   744
30   22  28  1249
31   24  29  1301
32   26  28   501
33   28  30   297
End
