P0	0 T0 15 
P1	1 T1 3 
P-1	5 T2 19 
P-1	7 T3 21 
P1	9 T4 23 
P2	10 T5 19 
P-1	10 T6 34 
P-1	11 T7 33 
P3	13 T8 17 
P-1	15 T9 62 
P-1	18 T10 27 
P0	19 T11 31 
P3	19 T12 37 
P-1	20 T13 74 
P2	23 T14 44 
P1	24 T15 38 
P0	35 T16 37 
P-1	36 T17 55 
P0	40 T18 48 
P-1	43 T19 53 
P1	44 T20 51 
P2	45 T21 52 
P-1	45 T22 71 
P0	49 T23 51 
P3	51 T24 58 
P-1	51 T25 73 
P0	52 T26 54 
P-1	55 T27 75 
P-1	60 T28 79 
P0	62 T29 82 
P1	64 T30 66 
P2	64 T31 71 
P3	66 T32 71 
P1	76 T33 86 
P2	78 T34 87 
NMec = 97880
Viable Sol. = 2069562936
Profit = 22
T = 35
P = 4
Profits ignored
Solution time = 1.795e+01
Task data
00    0  15     1
01    1   3     1
02    5  19     1
03    7  21     1
04    9  23     1
05   10  19     1
06   10  34     1
07   11  33     1
08   13  17     1
09   15  62     1
10   18  27     1
11   19  31     1
12   19  37     1
13   20  74     1
14   23  44     1
15   24  38     1
16   35  37     1
17   36  55     1
18   40  48     1
19   43  53     1
20   44  51     1
21   45  52     1
22   45  71     1
23   49  51     1
24   51  58     1
25   51  73     1
26   52  54     1
27   55  75     1
28   60  79     1
29   62  82     1
30   64  66     1
31   64  71     1
32   66  71     1
33   76  86     1
34   78  87     1
End
