P0	3 T0 19 
P-1	4 T1 28 
P1	11 T2 58 
P0	20 T3 54 
P2	25 T4 35 
P-1	28 T5 59 
P-1	30 T6 32 
P2	37 T7 38 
P2	42 T8 45 
P-1	43 T9 54 
P-1	44 T10 67 
P-1	47 T11 51 
P2	51 T12 62 
P-1	52 T13 65 
P-1	53 T14 62 
P-1	54 T15 75 
P-1	55 T16 62 
P-1	58 T17 60 
P0	58 T18 79 
P1	64 T19 81 
P2	65 T20 77 
P-1	69 T21 89 
P-1	70 T22 79 
P-1	79 T23 84 
P2	79 T24 100 
P0	80 T25 92 
P1	83 T26 90 
P-1	88 T27 91 
P-1	92 T28 106 
P-1	96 T29 104 
P-1	97 T30 109 
P0	97 T31 116 
P1	99 T32 112 
P-1	99 T33 113 
P2	101 T34 116 
NMec = 97880
Viable Sol. = 841297120
Profit = 53180
T = 35
P = 3
Profits not ignored
Solution time = 9.638e+00
Task data
00    3  19  1316
01    4  28  2364
02   11  58  5783
03   20  54 10165
04   25  35  2814
05   28  59  2631
06   30  32   292
07   37  38   391
08   42  45  1094
09   43  54   974
10   44  67  3421
11   47  51   734
12   51  62  2597
13   52  65  1944
14   53  62  1706
15   54  75  3727
16   55  62  1365
17   58  60   336
18   58  79  4202
19   64  81  4917
20   65  77  2736
21   69  89  2075
22   70  79  1216
23   79  84   916
24   79 100  4989
25   80  92  3400
26   83  90   906
27   88  91   727
28   92 106  1703
29   96 104  1209
30   97 109  1823
31   97 116  2375
32   99 112  2972
33   99 113  2323
34  101 116  2523
End
