P0	3 T0 19 
P1	4 T1 28 
P-1	11 T2 58 
P0	20 T3 54 
P2	25 T4 35 
P-1	28 T5 59 
P1	30 T6 32 
P1	37 T7 38 
P1	42 T8 45 
P2	43 T9 54 
P-1	44 T10 67 
P1	47 T11 51 
P-1	51 T12 62 
P-1	52 T13 65 
P1	53 T14 62 
P-1	54 T15 75 
P0	55 T16 62 
P2	58 T17 60 
P-1	58 T18 79 
P0	64 T19 81 
P1	65 T20 77 
P-1	69 T21 89 
P2	70 T22 79 
P1	79 T23 84 
P-1	79 T24 100 
P2	80 T25 92 
P0	83 T26 90 
P1	88 T27 91 
P-1	92 T28 106 
P-1	96 T29 104 
P-1	97 T30 109 
P-1	97 T31 116 
P0	99 T32 112 
P1	99 T33 113 
P2	101 T34 116 
NMec = 97880
Viable Sol. = 841297120
Profit = 22
T = 35
P = 3
Profits ignored
Solution time = 8.722e+00
Task data
00    3  19     1
01    4  28     1
02   11  58     1
03   20  54     1
04   25  35     1
05   28  59     1
06   30  32     1
07   37  38     1
08   42  45     1
09   43  54     1
10   44  67     1
11   47  51     1
12   51  62     1
13   52  65     1
14   53  62     1
15   54  75     1
16   55  62     1
17   58  60     1
18   58  79     1
19   64  81     1
20   65  77     1
21   69  89     1
22   70  79     1
23   79  84     1
24   79 100     1
25   80  92     1
26   83  90     1
27   88  91     1
28   92 106     1
29   96 104     1
30   97 109     1
31   97 116     1
32   99 112     1
33   99 113     1
34  101 116     1
End
