P-1	0 T0 58 
P0	1 T1 7 
P-1	1 T2 57 
P1	2 T3 15 
P-1	5 T4 23 
P-1	6 T5 54 
P-1	7 T6 21 
P0	8 T7 10 
P-1	8 T8 32 
P-1	9 T9 21 
P-1	11 T10 24 
P0	13 T11 22 
P-1	13 T12 30 
P2	14 T13 20 
P-1	14 T14 36 
P-1	15 T15 28 
P-1	15 T16 31 
P-1	16 T17 40 
P1	17 T18 22 
P-1	18 T19 35 
P3	19 T20 33 
P4	20 T21 28 
P5	20 T22 32 
P-1	20 T23 42 
P2	21 T24 33 
P0	25 T25 38 
P1	28 T26 32 
P4	31 T27 41 
P1	34 T28 46 
P2	35 T29 48 
P3	37 T30 53 
P0	41 T31 50 
P5	41 T32 57 
P1	48 T33 57 
P2	49 T34 55 
NMec = 97880
Viable Sol. = 828221963
Profit = 20
T = 35
P = 6
Profits ignored
Solution time = 6.695e+00
Task data
00    0  58     1
01    1   7     1
02    1  57     1
03    2  15     1
04    5  23     1
05    6  54     1
06    7  21     1
07    8  10     1
08    8  32     1
09    9  21     1
10   11  24     1
11   13  22     1
12   13  30     1
13   14  20     1
14   14  36     1
15   15  28     1
16   15  31     1
17   16  40     1
18   17  22     1
19   18  35     1
20   19  33     1
21   20  28     1
22   20  32     1
23   20  42     1
24   21  33     1
25   25  38     1
26   28  32     1
27   31  41     1
28   34  46     1
29   35  48     1
30   37  53     1
31   41  50     1
32   41  57     1
33   48  57     1
34   49  55     1
End
