P0	0 T0 14 
P1	4 T1 10 
P-1	4 T2 27 
P2	6 T3 14 
P3	6 T4 37 
P4	7 T5 23 
P5	9 T6 19 
P6	10 T7 12 
P7	10 T8 20 
P-1	10 T9 23 
P1	11 T10 15 
P-1	12 T11 23 
P-1	12 T12 32 
P-1	13 T13 21 
P-1	13 T14 31 
P6	14 T15 24 
P-1	16 T16 20 
P-1	16 T17 25 
P0	16 T18 35 
P-1	17 T19 23 
P1	17 T20 31 
P-1	18 T21 30 
P-1	18 T22 31 
P2	18 T23 31 
P-1	19 T24 27 
P8	19 T25 36 
P-1	20 T26 29 
P-1	20 T27 34 
P5	21 T28 26 
P7	22 T29 33 
P-1	23 T30 34 
P4	25 T31 31 
P6	25 T32 35 
P5	27 T33 29 
P1	32 T34 37 
NMec = 97880
Viable Sol. = 5829556534
Profit = 43849
T = 35
P = 9
Profits not ignored
Solution time = 5.062e+01
Task data
00    0  14  2726
01    4  10  1188
02    4  27  2272
03    6  14   784
04    6  37  5493
05    7  23  2813
06    9  19  1817
07   10  12   683
08   10  20  2297
09   10  23  2215
10   11  15   512
11   12  23  1958
12   12  32  1661
13   13  21  1176
14   13  31  2037
15   14  24  3131
16   16  20   790
17   16  25   903
18   16  35  4667
19   17  23  1063
20   17  31  4178
21   18  30  2009
22   18  31  1404
23   18  31  3481
24   19  27   823
25   19  36  3099
26   20  29  1383
27   20  34   777
28   21  26  1456
29   22  33  1849
30   23  34  1113
31   25  31  1078
32   25  35   871
33   27  29   421
34   32  37  1305
End
