P-1	0 T0 10 
P-1	0 T1 15 
P-1	1 T2 15 
P0	1 T3 20 
P1	2 T4 17 
P-1	2 T5 36 
P2	3 T6 20 
P3	4 T7 10 
P4	5 T8 29 
P5	6 T9 26 
P-1	8 T10 41 
P6	10 T11 15 
P-1	12 T12 41 
P-1	13 T13 49 
P-1	14 T14 49 
P3	15 T15 24 
P6	16 T16 18 
P-1	17 T17 42 
P-1	18 T18 41 
P1	20 T19 31 
P-1	24 T20 41 
P0	25 T21 31 
P-1	25 T22 42 
P2	27 T23 33 
P-1	28 T24 37 
P-1	28 T25 39 
P-1	29 T26 35 
P3	29 T27 35 
P4	30 T28 48 
P0	32 T29 35 
P1	32 T30 40 
P5	33 T31 40 
P2	34 T32 36 
P6	34 T33 47 
P0	38 T34 44 
NMec = 97880
Viable Sol. = 3330064006
Profit = 20
T = 35
P = 7
Profits ignored
Solution time = 3.822e+01
Task data
00    0  10     1
01    0  15     1
02    1  15     1
03    1  20     1
04    2  17     1
05    2  36     1
06    3  20     1
07    4  10     1
08    5  29     1
09    6  26     1
10    8  41     1
11   10  15     1
12   12  41     1
13   13  49     1
14   14  49     1
15   15  24     1
16   16  18     1
17   17  42     1
18   18  41     1
19   20  31     1
20   24  41     1
21   25  31     1
22   25  42     1
23   27  33     1
24   28  37     1
25   28  39     1
26   29  35     1
27   29  35     1
28   30  48     1
29   32  35     1
30   32  40     1
31   33  40     1
32   34  36     1
33   34  47     1
34   38  44     1
End
