P-1	0 T0 174 
P0	12 T1 17 
P1	12 T2 28 
P0	18 T3 20 
P0	24 T4 46 
P-1	34 T5 53 
P-1	36 T6 50 
P1	38 T7 49 
P-1	38 T8 49 
P-1	38 T9 53 
P-1	44 T10 50 
P-1	44 T11 51 
P-1	45 T12 52 
P0	47 T13 62 
P1	50 T14 128 
P-1	59 T15 73 
P0	71 T16 82 
P0	83 T17 93 
P-1	85 T18 88 
P-1	86 T19 87 
P-1	88 T20 94 
P0	100 T21 128 
P-1	115 T22 131 
P-1	115 T23 161 
P-1	122 T24 141 
P-1	123 T25 138 
P-1	124 T26 131 
P-1	125 T27 139 
P-1	126 T28 131 
P0	130 T29 141 
P-1	130 T30 144 
P-1	136 T31 148 
P1	138 T32 152 
P0	142 T33 152 
P-1	143 T34 156 
NMec = 97880
Viable Sol. = 14156213
Profit = 37635
T = 35
P = 2
Profits not ignored
Solution time = 1.819e-01
Task data
00    0 174 14459
01   12  17   977
02   12  28  3002
03   18  20   271
04   24  46  2041
05   34  53  2004
06   36  50  3451
07   38  49  2972
08   38  49  2890
09   38  53  1769
10   44  50   781
11   44  51   825
12   45  52   898
13   47  62  2428
14   50 128  9651
15   59  73  3882
16   71  82  3030
17   83  93  1789
18   85  88   677
19   86  87   486
20   88  94   805
21  100 128  3966
22  115 131  2834
23  115 161  3336
24  122 141  3601
25  123 138   988
26  124 131  1854
27  125 139  3455
28  126 131   633
29  130 141  1662
30  130 144  1343
31  136 148  3223
32  138 152  3401
33  142 152  2445
34  143 156  2151
End
