P0	0 T0 5 
P1	2 T1 16 
P-1	2 T2 34 
P2	3 T3 16 
P-1	3 T4 19 
P-1	3 T5 25 
P3	4 T6 13 
P-1	4 T7 23 
P0	7 T8 8 
P-1	7 T9 19 
P-1	7 T10 19 
P-1	7 T11 22 
P-1	7 T12 24 
P-1	8 T13 19 
P-1	8 T14 30 
P-1	9 T15 27 
P0	10 T16 22 
P4	11 T17 19 
P5	11 T18 20 
P-1	12 T19 31 
P-1	13 T20 29 
P-1	13 T21 29 
P6	13 T22 33 
P3	15 T23 33 
P7	16 T24 27 
P8	16 T25 29 
P1	17 T26 21 
P2	17 T27 29 
P9	17 T28 32 
P4	20 T29 32 
P5	21 T30 27 
P0	23 T31 28 
P1	25 T32 29 
P5	28 T33 34 
P0	30 T34 31 
NMec = 97880
Viable Sol. = 7662118128
Profit = 21
T = 35
P = 10
Profits ignored
Solution time = 6.149e+01
Task data
00    0   5     1
01    2  16     1
02    2  34     1
03    3  16     1
04    3  19     1
05    3  25     1
06    4  13     1
07    4  23     1
08    7   8     1
09    7  19     1
10    7  19     1
11    7  22     1
12    7  24     1
13    8  19     1
14    8  30     1
15    9  27     1
16   10  22     1
17   11  19     1
18   11  20     1
19   12  31     1
20   13  29     1
21   13  29     1
22   13  33     1
23   15  33     1
24   16  27     1
25   16  29     1
26   17  21     1
27   17  29     1
28   17  32     1
29   20  32     1
30   21  27     1
31   23  28     1
32   25  29     1
33   28  34     1
34   30  31     1
End
