P0	0 T0 8 
P1	0 T1 11 
P2	0 T2 20 
P3	3 T3 17 
P4	5 T4 13 
P-1	5 T5 24 
P5	6 T6 47 
P6	8 T7 15 
P-1	9 T8 17 
P-1	11 T9 20 
P0	11 T10 32 
P-1	11 T11 33 
P1	12 T12 22 
P-1	12 T13 28 
P-1	13 T14 30 
P4	14 T15 19 
P-1	15 T16 31 
P6	16 T17 26 
P-1	17 T18 31 
P3	18 T19 27 
P-1	19 T20 34 
P4	20 T21 30 
P-1	20 T22 39 
P-1	24 T23 32 
P1	24 T24 46 
P-1	26 T25 43 
P2	26 T26 48 
P6	27 T27 44 
P3	28 T28 44 
P4	31 T29 39 
P-1	32 T30 42 
P-1	32 T31 45 
P0	33 T32 38 
P0	40 T33 46 
P4	40 T34 47 
P-1	41 T35 51 
NMec = 97880
Viable Sol. = 10916367359
Profit = 51675
T = 36
P = 7
Profits not ignored
Solution time = 1.134e+02
Task data
00    0   8  1428
01    0  11  2123
02    0  20  4982
03    3  17  1757
04    5  13  1487
05    5  24  3235
06    6  47  5695
07    8  15  1308
08    9  17  1000
09   11  20  1451
10   11  32  5539
11   11  33  2869
12   12  22  2372
13   12  28  1568
14   13  30  1363
15   14  19   591
16   15  31   972
17   16  26  2556
18   17  31  2169
19   18  27  2412
20   19  34  1387
21   20  30  2738
22   20  39  3119
23   24  32   820
24   24  46  3715
25   26  43  2057
26   26  48  2692
27   27  44  2462
28   28  44  3941
29   31  39  1168
30   32  42  1187
31   32  45  1010
32   33  38   647
33   40  46  1162
34   40  47   900
35   41  51   721
End
