P-1	0 T0 73 
P-1	0 T1 108 
P0	1 T2 52 
P1	1 T3 106 
P-1	9 T4 11 
P2	10 T5 20 
P-1	15 T6 24 
P-1	17 T7 104 
P-1	19 T8 28 
P-1	21 T9 30 
P-1	22 T10 105 
P-1	28 T11 43 
P2	28 T12 46 
P-1	37 T13 59 
P-1	43 T14 53 
P-1	45 T15 62 
P2	47 T16 56 
P0	53 T17 60 
P2	58 T18 82 
P-1	59 T19 68 
P-1	63 T20 70 
P0	63 T21 110 
P-1	66 T22 74 
P-1	68 T23 78 
P-1	68 T24 89 
P-1	73 T25 82 
P-1	78 T26 81 
P-1	80 T27 98 
P-1	84 T28 90 
P2	85 T29 93 
P2	94 T30 99 
P-1	96 T31 110 
P-1	97 T32 99 
P2	102 T33 106 
P1	108 T34 114 
P2	109 T35 111 
NMec = 97880
Viable Sol. = 469367122
Profit = 53794
T = 36
P = 3
Profits not ignored
Solution time = 4.558e+00
Task data
00    0  73  5411
01    0 108  9475
02    1  52  7878
03    1 106 19956
04    9  11   343
05   10  20  2194
06   15  24  1321
07   17 104  8384
08   19  28  1494
09   21  30  1000
10   22 105  6175
11   28  43  2883
12   28  46  3107
13   37  59  3926
14   43  53  2040
15   45  62  2860
16   47  56  1331
17   53  60  1894
18   58  82  5567
19   59  68   523
20   63  70   836
21   63 110  7368
22   66  74  1656
23   68  78  1690
24   68  89  1836
25   73  82  1541
26   78  81   884
27   80  98  3995
28   84  90   684
29   85  93  1724
30   94  99   907
31   96 110  1235
32   97  99   308
33  102 106   750
34  108 114   704
35  109 111   414
End
