P-1	0 T0 73 
P-1	0 T1 108 
P-1	1 T2 52 
P-1	1 T3 106 
P0	9 T4 11 
P1	10 T5 20 
P0	15 T6 24 
P-1	17 T7 104 
P-1	19 T8 28 
P1	21 T9 30 
P-1	22 T10 105 
P0	28 T11 43 
P2	28 T12 46 
P-1	37 T13 59 
P-1	43 T14 53 
P0	45 T15 62 
P1	47 T16 56 
P2	53 T17 60 
P-1	58 T18 82 
P-1	59 T19 68 
P0	63 T20 70 
P-1	63 T21 110 
P1	66 T22 74 
P-1	68 T23 78 
P2	68 T24 89 
P0	73 T25 82 
P1	78 T26 81 
P-1	80 T27 98 
P0	84 T28 90 
P1	85 T29 93 
P0	94 T30 99 
P1	96 T31 110 
P2	97 T32 99 
P0	102 T33 106 
P0	108 T34 114 
P2	109 T35 111 
NMec = 97880
Viable Sol. = 469367122
Profit = 22
T = 36
P = 3
Profits ignored
Solution time = 3.544e+00
Task data
00    0  73     1
01    0 108     1
02    1  52     1
03    1 106     1
04    9  11     1
05   10  20     1
06   15  24     1
07   17 104     1
08   19  28     1
09   21  30     1
10   22 105     1
11   28  43     1
12   28  46     1
13   37  59     1
14   43  53     1
15   45  62     1
16   47  56     1
17   53  60     1
18   58  82     1
19   59  68     1
20   63  70     1
21   63 110     1
22   66  74     1
23   68  78     1
24   68  89     1
25   73  82     1
26   78  81     1
27   80  98     1
28   84  90     1
29   85  93     1
30   94  99     1
31   96 110     1
32   97  99     1
33  102 106     1
34  108 114     1
35  109 111     1
End
