P0	15 T0 32 
P-1	46 T1 65 
P0	49 T2 59 
P-1	57 T3 78 
P0	62 T4 352 
P-1	67 T5 76 
P-1	75 T6 82 
P-1	95 T7 114 
P-1	98 T8 119 
P-1	102 T9 110 
P-1	105 T10 113 
P-1	109 T11 122 
P-1	114 T12 136 
P-1	125 T13 150 
P-1	152 T14 162 
P-1	165 T15 174 
P-1	167 T16 180 
P-1	179 T17 184 
P-1	221 T18 228 
P-1	229 T19 239 
P-1	231 T20 250 
P-1	234 T21 255 
P-1	240 T22 249 
P-1	240 T23 255 
P-1	242 T24 251 
P-1	244 T25 252 
P-1	256 T26 265 
P-1	259 T27 268 
P-1	306 T28 323 
P-1	310 T29 316 
P-1	313 T30 317 
P-1	314 T31 327 
P-1	315 T32 319 
P-1	315 T33 323 
P-1	341 T34 350 
P-1	351 T35 358 
NMec = 97880
Viable Sol. = 6048004
Profit = 33697
T = 36
P = 1
Profits not ignored
Solution time = 7.305e-02
Task data
00   15  32  1800
01   46  65  2092
02   49  59  1373
03   57  78  3113
04   62 352 30524
05   67  76  1072
06   75  82   686
07   95 114  1917
08   98 119  3294
09  102 110  1521
10  105 113  1896
11  109 122  3266
12  114 136  1532
13  125 150  4747
14  152 162  1255
15  165 174  1848
16  167 180   987
17  179 184   952
18  221 228  1367
19  229 239  2052
20  231 250  3193
21  234 255  2243
22  240 249  1515
23  240 255  1819
24  242 251  1794
25  244 252  1160
26  256 265  1671
27  259 268  1084
28  306 323  2652
29  310 316   770
30  313 317   744
31  314 327  1855
32  315 319   603
33  315 323  1240
34  341 350   840
35  351 358   588
End
