P0	15 T0 32 
P0	49 T1 59 
P-1	46 T2 65 
P0	67 T3 76 
P-1	57 T4 78 
P-1	75 T5 82 
P0	102 T6 110 
P-1	105 T7 113 
P-1	95 T8 114 
P-1	98 T9 119 
P-1	109 T10 122 
P0	114 T11 136 
P-1	125 T12 150 
P0	152 T13 162 
P0	165 T14 174 
P-1	167 T15 180 
P0	179 T16 184 
P0	221 T17 228 
P0	229 T18 239 
P0	240 T19 249 
P-1	231 T20 250 
P-1	242 T21 251 
P-1	244 T22 252 
P-1	234 T23 255 
P-1	240 T24 255 
P0	256 T25 265 
P-1	259 T26 268 
P0	310 T27 316 
P-1	313 T28 317 
P-1	315 T29 319 
P-1	306 T30 323 
P-1	315 T31 323 
P-1	314 T32 327 
P0	341 T33 350 
P-1	62 T34 352 
P0	351 T35 358 
NMec = 97880
Viable Sol. = 0
Profit = 15
T = 36
P = 1
Profits ignored
Solution time = 9.095e-06
Task data
00   15  32     1
01   49  59     1
02   46  65     1
03   67  76     1
04   57  78     1
05   75  82     1
06  102 110     1
07  105 113     1
08   95 114     1
09   98 119     1
10  109 122     1
11  114 136     1
12  125 150     1
13  152 162     1
14  165 174     1
15  167 180     1
16  179 184     1
17  221 228     1
18  229 239     1
19  240 249     1
20  231 250     1
21  242 251     1
22  244 252     1
23  234 255     1
24  240 255     1
25  256 265     1
26  259 268     1
27  310 316     1
28  313 317     1
29  315 319     1
30  306 323     1
31  315 323     1
32  314 327     1
33  341 350     1
34   62 352     1
35  351 358     1
End
