P0	0 T0 15 
P-1	4 T1 166 
P-1	13 T2 19 
P0	17 T3 23 
P1	18 T4 35 
P0	27 T5 40 
P-1	29 T6 55 
P-1	36 T7 63 
P-1	39 T8 52 
P0	49 T9 53 
P1	49 T10 71 
P0	57 T11 75 
P-1	59 T12 79 
P-1	61 T13 79 
P1	73 T14 84 
P-1	74 T15 100 
P0	77 T16 80 
P-1	80 T17 85 
P0	82 T18 92 
P-1	82 T19 123 
P1	85 T20 92 
P-1	85 T21 102 
P-1	85 T22 111 
P0	97 T23 105 
P1	97 T24 111 
P-1	121 T25 131 
P0	127 T26 132 
P1	130 T27 137 
P0	134 T28 151 
P-1	135 T29 170 
P-1	153 T30 164 
P-1	153 T31 169 
P0	154 T32 167 
P-1	161 T33 177 
P1	162 T34 176 
P0	169 T35 174 
NMec = 97880
Viable Sol. = 204175286
Profit = 19
T = 36
P = 2
Profits ignored
Solution time = 1.973e+00
Task data
00    0  15     1
01    4 166     1
02   13  19     1
03   17  23     1
04   18  35     1
05   27  40     1
06   29  55     1
07   36  63     1
08   39  52     1
09   49  53     1
10   49  71     1
11   57  75     1
12   59  79     1
13   61  79     1
14   73  84     1
15   74 100     1
16   77  80     1
17   80  85     1
18   82  92     1
19   82 123     1
20   85  92     1
21   85 102     1
22   85 111     1
23   97 105     1
24   97 111     1
25  121 131     1
26  127 132     1
27  130 137     1
28  134 151     1
29  135 170     1
30  153 164     1
31  153 169     1
32  154 167     1
33  161 177     1
34  162 176     1
35  169 174     1
End
