P0	3 T0 10 
P1	4 T1 9 
P2	5 T2 27 
P-1	8 T3 11 
P1	10 T4 28 
P3	10 T5 32 
P0	17 T6 22 
P-1	20 T7 41 
P-1	21 T8 25 
P-1	21 T9 33 
P0	28 T10 35 
P1	29 T11 44 
P2	34 T12 51 
P-1	35 T13 56 
P0	38 T14 60 
P3	38 T15 87 
P-1	41 T16 50 
P-1	42 T17 53 
P-1	42 T18 59 
P-1	47 T19 71 
P1	48 T20 73 
P-1	55 T21 62 
P2	55 T22 71 
P-1	58 T23 65 
P-1	58 T24 75 
P-1	59 T25 81 
P-1	64 T26 67 
P0	64 T27 74 
P2	72 T28 77 
P-1	72 T29 88 
P-1	75 T30 86 
P0	77 T31 82 
P1	77 T32 89 
P2	78 T33 86 
P-1	78 T34 86 
P-1	80 T35 83 
NMec = 97880
Viable Sol. = 6234456550
Profit = 40914
T = 36
P = 4
Profits not ignored
Solution time = 7.243e+01
Task data
00    3  10  1056
01    4   9   576
02    5  27  3201
03    8  11   294
04   10  28  2185
05   10  32  2107
06   17  22  1482
07   20  41  2161
08   21  25   488
09   21  33  1053
10   28  35  1503
11   29  44  2795
12   34  51  2850
13   35  56  2118
14   38  60  3460
15   38  87  5469
16   41  50  1207
17   42  53  1079
18   42  59  2046
19   47  71  1909
20   48  73  3673
21   55  62  1138
22   55  71  3036
23   58  65   778
24   58  75  2262
25   59  81  2027
26   64  67   431
27   64  74  1510
28   72  77  1413
29   72  88  1791
30   75  86   750
31   77  82  1069
32   77  89  1819
33   78  86  1710
34   78  86   759
35   80  83   513
End
