P0	0 T0 8 
P1	0 T1 11 
P-1	0 T2 20 
P2	3 T3 17 
P3	5 T4 13 
P-1	5 T5 24 
P-1	6 T6 47 
P4	8 T7 15 
P0	9 T8 17 
P-1	11 T9 20 
P-1	11 T10 32 
P-1	11 T11 33 
P1	12 T12 22 
P-1	12 T13 28 
P-1	13 T14 30 
P3	14 T15 19 
P5	15 T16 31 
P4	16 T17 26 
P6	17 T18 31 
P0	18 T19 27 
P-1	19 T20 34 
P2	20 T21 30 
P3	20 T22 39 
P1	24 T23 32 
P-1	24 T24 46 
P-1	26 T25 43 
P-1	26 T26 48 
P4	27 T27 44 
P0	28 T28 44 
P2	31 T29 39 
P5	32 T30 42 
P6	32 T31 45 
P1	33 T32 38 
P1	40 T33 46 
P2	40 T34 47 
P3	41 T35 51 
NMec = 97880
Viable Sol. = 10916367359
Profit = 24
T = 36
P = 7
Profits ignored
Solution time = 9.562e+01
Task data
00    0   8     1
01    0  11     1
02    0  20     1
03    3  17     1
04    5  13     1
05    5  24     1
06    6  47     1
07    8  15     1
08    9  17     1
09   11  20     1
10   11  32     1
11   11  33     1
12   12  22     1
13   12  28     1
14   13  30     1
15   14  19     1
16   15  31     1
17   16  26     1
18   17  31     1
19   18  27     1
20   19  34     1
21   20  30     1
22   20  39     1
23   24  32     1
24   24  46     1
25   26  43     1
26   26  48     1
27   27  44     1
28   28  44     1
29   31  39     1
30   32  42     1
31   32  45     1
32   33  38     1
33   40  46     1
34   40  47     1
35   41  51     1
End
