P0	0 T0 15 
P1	1 T1 13 
P2	1 T2 21 
P-1	1 T3 36 
P-1	2 T4 12 
P-1	2 T5 19 
P-1	3 T6 13 
P-1	3 T7 27 
P3	3 T8 29 
P-1	4 T9 15 
P-1	5 T10 12 
P-1	5 T11 14 
P-1	5 T12 14 
P-1	5 T13 17 
P-1	5 T14 20 
P-1	6 T15 20 
P-1	7 T16 31 
P4	8 T17 34 
P5	9 T18 22 
P6	9 T19 27 
P-1	10 T20 18 
P-1	10 T21 19 
P7	10 T22 23 
P-1	10 T23 26 
P8	10 T24 37 
P-1	11 T25 15 
P-1	11 T26 33 
P0	18 T27 28 
P1	20 T28 24 
P-1	20 T29 30 
P2	23 T30 37 
P5	24 T31 38 
P7	24 T32 38 
P1	25 T33 35 
P0	29 T34 37 
P3	32 T35 38 
NMec = 97880
Viable Sol. = 4091059367
Profit = 45113
T = 36
P = 9
Profits not ignored
Solution time = 3.308e+01
Task data
00    0  15  2241
01    1  13  3068
02    1  21  2423
03    1  36  2576
04    2  12  2209
05    2  19  1981
06    3  13  1505
07    3  27  2015
08    3  29  4395
09    4  15  1158
10    5  12  1016
11    5  14  1920
12    5  14  1014
13    5  17  1471
14    5  20  1896
15    6  20  1831
16    7  31  1733
17    8  34  5075
18    9  22  2503
19    9  27  3628
20   10  18  1085
21   10  19  2179
22   10  23  3348
23   10  26  3331
24   10  37  5097
25   11  15   512
26   11  33  1954
27   18  28  1734
28   20  24  1143
29   20  30   980
30   23  37  1790
31   24  38  3278
32   24  38  1733
33   25  35  1609
34   29  37  1407
35   32  38   641
End
