P0	3 T0 10 
P1	4 T1 9 
P-1	5 T2 27 
P2	8 T3 11 
P-1	10 T4 28 
P-1	10 T5 32 
P0	17 T6 22 
P1	20 T7 41 
P2	21 T8 25 
P3	21 T9 33 
P0	28 T10 35 
P-1	29 T11 44 
P-1	34 T12 51 
P2	35 T13 56 
P-1	38 T14 60 
P-1	38 T15 87 
P0	41 T16 50 
P1	42 T17 53 
P3	42 T18 59 
P-1	47 T19 71 
P-1	48 T20 73 
P0	55 T21 62 
P-1	55 T22 71 
P1	58 T23 65 
P2	58 T24 75 
P-1	59 T25 81 
P0	64 T26 67 
P3	64 T27 74 
P0	72 T28 77 
P-1	72 T29 88 
P-1	75 T30 86 
P-1	77 T31 82 
P1	77 T32 89 
P0	78 T33 86 
P2	78 T34 86 
P3	80 T35 83 
NMec = 97880
Viable Sol. = 6234456550
Profit = 22
T = 36
P = 4
Profits ignored
Solution time = 5.605e+01
Task data
00    3  10     1
01    4   9     1
02    5  27     1
03    8  11     1
04   10  28     1
05   10  32     1
06   17  22     1
07   20  41     1
08   21  25     1
09   21  33     1
10   28  35     1
11   29  44     1
12   34  51     1
13   35  56     1
14   38  60     1
15   38  87     1
16   41  50     1
17   42  53     1
18   42  59     1
19   47  71     1
20   48  73     1
21   55  62     1
22   55  71     1
23   58  65     1
24   58  75     1
25   59  81     1
26   64  67     1
27   64  74     1
28   72  77     1
29   72  88     1
30   75  86     1
31   77  82     1
32   77  89     1
33   78  86     1
34   78  86     1
35   80  83     1
End
