P0	1 T0 5 
P1	1 T1 8 
P-1	2 T2 53 
P0	6 T3 18 
P-1	6 T4 50 
P2	7 T5 14 
P-1	12 T6 33 
P-1	13 T7 25 
P-1	14 T8 25 
P-1	16 T9 24 
P-1	16 T10 27 
P-1	17 T11 23 
P-1	17 T12 27 
P1	17 T13 37 
P2	18 T14 25 
P3	18 T15 35 
P0	19 T16 33 
P4	21 T17 24 
P5	22 T18 34 
P-1	24 T19 49 
P-1	25 T20 40 
P-1	26 T21 39 
P-1	27 T22 40 
P2	29 T23 41 
P-1	30 T24 45 
P4	32 T25 44 
P-1	36 T26 48 
P0	37 T27 41 
P-1	37 T28 54 
P1	38 T29 50 
P3	38 T30 51 
P5	39 T31 47 
P0	42 T32 52 
P2	42 T33 54 
P4	46 T34 52 
P0	53 T35 56 
NMec = 97880
Viable Sol. = 5261707928
Profit = 20
T = 36
P = 6
Profits ignored
Solution time = 4.484e+01
Task data
00    1   5     1
01    1   8     1
02    2  53     1
03    6  18     1
04    6  50     1
05    7  14     1
06   12  33     1
07   13  25     1
08   14  25     1
09   16  24     1
10   16  27     1
11   17  23     1
12   17  27     1
13   17  37     1
14   18  25     1
15   18  35     1
16   19  33     1
17   21  24     1
18   22  34     1
19   24  49     1
20   25  40     1
21   26  39     1
22   27  40     1
23   29  41     1
24   30  45     1
25   32  44     1
26   36  48     1
27   37  41     1
28   37  54     1
29   38  50     1
30   38  51     1
31   39  47     1
32   42  52     1
33   42  54     1
34   46  52     1
35   53  56     1
End
