P0	0 T0 8 
P1	0 T1 10 
P2	0 T2 16 
P-1	0 T3 30 
P-1	0 T4 35 
P3	1 T5 4 
P-1	1 T6 21 
P-1	1 T7 33 
P4	2 T8 10 
P5	2 T9 15 
P6	3 T10 10 
P7	3 T11 17 
P-1	5 T12 18 
P3	6 T13 12 
P-1	6 T14 28 
P-1	8 T15 33 
P0	9 T16 18 
P-1	10 T17 29 
P-1	11 T18 24 
P1	12 T19 20 
P4	12 T20 23 
P-1	12 T21 28 
P6	12 T22 34 
P3	13 T23 22 
P8	14 T24 25 
P9	15 T25 19 
P2	17 T26 35 
P5	18 T27 25 
P7	18 T28 35 
P0	19 T29 27 
P1	23 T30 29 
P3	23 T31 33 
P4	26 T32 27 
P5	26 T33 30 
P8	26 T34 33 
P9	26 T35 35 
NMec = 97880
Viable Sol. = 30383529367
Profit = 26
T = 36
P = 10
Profits ignored
Solution time = 3.136e+02
Task data
00    0   8     1
01    0  10     1
02    0  16     1
03    0  30     1
04    0  35     1
05    1   4     1
06    1  21     1
07    1  33     1
08    2  10     1
09    2  15     1
10    3  10     1
11    3  17     1
12    5  18     1
13    6  12     1
14    6  28     1
15    8  33     1
16    9  18     1
17   10  29     1
18   11  24     1
19   12  20     1
20   12  23     1
21   12  28     1
22   12  34     1
23   13  22     1
24   14  25     1
25   15  19     1
26   17  35     1
27   18  25     1
28   18  35     1
29   19  27     1
30   23  29     1
31   23  33     1
32   26  27     1
33   26  30     1
34   26  33     1
35   26  35     1
End
