P0	0 T0 17 
P1	0 T1 20 
P2	0 T2 22 
P3	2 T3 5 
P4	2 T4 19 
P5	3 T5 11 
P-1	4 T6 21 
P6	4 T7 27 
P-1	5 T8 17 
P7	5 T9 22 
P3	6 T10 23 
P-1	8 T11 17 
P8	9 T12 14 
P-1	9 T13 25 
P-1	9 T14 30 
P-1	10 T15 31 
P-1	11 T16 30 
P-1	12 T17 17 
P-1	14 T18 24 
P-1	15 T19 22 
P-1	15 T20 27 
P5	15 T21 40 
P-1	16 T22 30 
P8	16 T23 31 
P-1	17 T24 27 
P-1	18 T25 25 
P0	18 T26 40 
P-1	19 T27 31 
P-1	19 T28 39 
P-1	20 T29 33 
P4	20 T30 35 
P1	21 T31 39 
P2	24 T32 41 
P3	25 T33 34 
P7	25 T34 41 
P6	28 T35 33 
P3	37 T36 39 
NMec = 97880
Viable Sol. = 15144303364
Profit = 53914
T = 37
P = 9
Profits not ignored
Solution time = 1.347e+02
Task data
00    0  17  3886
01    0  20  2304
02    0  22  3486
03    2   5   826
04    2  19  2714
05    3  11  1098
06    4  21  1837
07    4  27  5806
08    5  17  1856
09    5  22  3318
10    6  23  3507
11    8  17   677
12    9  14   787
13    9  25  3801
14    9  30  3591
15   10  31  4377
16   11  30  2532
17   12  17   357
18   14  24  2618
19   15  22  1799
20   15  27  1097
21   15  40  4308
22   16  30  1749
23   16  31  4163
24   17  27  1661
25   18  25   635
26   18  40  3756
27   19  31  1215
28   19  39  2200
29   20  33  2265
30   20  35  2483
31   21  39  4879
32   24  41  1222
33   25  34  1483
34   25  41  3197
35   28  33   376
36   37  39   315
End
