P0	2 T0 7 
P-1	2 T1 13 
P1	3 T2 4 
P-1	3 T3 11 
P-1	3 T4 37 
P-1	5 T5 24 
P-1	5 T6 27 
P1	6 T7 14 
P2	6 T8 17 
P3	6 T9 20 
P4	7 T10 12 
P5	7 T11 23 
P0	8 T12 17 
P6	10 T13 22 
P-1	10 T14 30 
P7	11 T15 23 
P-1	11 T16 44 
P-1	13 T17 34 
P-1	14 T18 46 
P-1	16 T19 29 
P1	17 T20 29 
P0	18 T21 33 
P2	19 T22 21 
P4	20 T23 24 
P2	22 T24 29 
P3	23 T25 28 
P5	24 T26 44 
P4	25 T27 36 
P6	25 T28 37 
P7	26 T29 34 
P3	29 T30 34 
P1	30 T31 34 
P2	32 T32 40 
P0	34 T33 45 
P1	35 T34 41 
P3	38 T35 42 
P2	41 T36 45 
NMec = 97880
Viable Sol. = 52195985888
Profit = 27
T = 37
P = 8
Profits ignored
Solution time = 4.011e+02
Task data
00    2   7     1
01    2  13     1
02    3   4     1
03    3  11     1
04    3  37     1
05    5  24     1
06    5  27     1
07    6  14     1
08    6  17     1
09    6  20     1
10    7  12     1
11    7  23     1
12    8  17     1
13   10  22     1
14   10  30     1
15   11  23     1
16   11  44     1
17   13  34     1
18   14  46     1
19   16  29     1
20   17  29     1
21   18  33     1
22   19  21     1
23   20  24     1
24   22  29     1
25   23  28     1
26   24  44     1
27   25  36     1
28   25  37     1
29   26  34     1
30   29  34     1
31   30  34     1
32   32  40     1
33   34  45     1
34   35  41     1
35   38  42     1
36   41  45     1
End
