P0	2 T0 7 
P1	2 T1 13 
P2	3 T2 4 
P3	3 T3 11 
P-1	3 T4 37 
P2	5 T5 24 
P4	5 T6 27 
P-1	6 T7 14 
P-1	6 T8 17 
P5	6 T9 20 
P-1	7 T10 12 
P6	7 T11 23 
P0	8 T12 17 
P-1	10 T13 22 
P-1	10 T14 30 
P-1	11 T15 23 
P7	11 T16 44 
P3	13 T17 34 
P1	14 T18 46 
P-1	16 T19 29 
P-1	17 T20 29 
P0	18 T21 33 
P-1	19 T22 21 
P-1	20 T23 24 
P5	22 T24 29 
P-1	23 T25 28 
P6	24 T26 44 
P-1	25 T27 36 
P2	25 T28 37 
P-1	26 T29 34 
P4	29 T30 34 
P-1	30 T31 34 
P5	32 T32 40 
P0	34 T33 45 
P3	35 T34 41 
P2	38 T35 42 
P4	41 T36 45 
NMec = 97880
Viable Sol. = 52195985888
Profit = 53394
T = 37
P = 8
Profits not ignored
Solution time = 5.172e+02
Task data
00    2   7  1053
01    2  13  1237
02    3   4   165
03    3  11  1007
04    3  37  3262
05    5  24  4086
06    5  27  4936
07    6  14   813
08    6  17  1714
09    6  20  2342
10    7  12   752
11    7  23  3209
12    8  17  1811
13   10  22  2683
14   10  30  2456
15   11  23   987
16   11  44  7540
17   13  34  3503
18   14  46  5865
19   16  29  1207
20   17  29  1537
21   18  33  1773
22   19  21   593
23   20  24   624
24   22  29   994
25   23  28   478
26   24  44  3113
27   25  36  1635
28   25  37  2445
29   26  34   740
30   29  34  1083
31   30  34   623
32   32  40  1748
33   34  45  2803
34   35  41   869
35   38  42  1081
36   41  45   731
End
