P0	0 T0 16 
P1	1 T1 58 
P2	3 T2 5 
P3	3 T3 58 
P-1	4 T4 36 
P-1	4 T5 60 
P4	5 T6 21 
P2	8 T7 13 
P-1	8 T8 20 
P5	8 T9 22 
P-1	8 T10 23 
P-1	10 T11 22 
P-1	11 T12 17 
P-1	14 T13 26 
P2	15 T14 57 
P-1	16 T15 27 
P-1	16 T16 60 
P0	17 T17 23 
P-1	17 T18 38 
P-1	19 T19 30 
P-1	20 T20 32 
P-1	21 T21 33 
P4	22 T22 38 
P5	23 T23 36 
P0	24 T24 45 
P-1	27 T25 35 
P-1	27 T26 59 
P-1	29 T27 35 
P-1	30 T28 36 
P-1	34 T29 53 
P-1	37 T30 49 
P5	38 T31 59 
P-1	41 T32 56 
P4	42 T33 49 
P-1	45 T34 60 
P0	48 T35 55 
P4	50 T36 57 
NMec = 97880
Viable Sol. = 4878309121
Profit = 51432
T = 37
P = 6
Profits not ignored
Solution time = 5.148e+01
Task data
00    0  16  1404
01    1  58  6742
02    3   5   472
03    3  58  8844
04    4  36  2676
05    4  60  5156
06    5  21  2896
07    8  13  1462
08    8  20  1762
09    8  22  2799
10    8  23  2042
11   10  22  1272
12   11  17   868
13   14  26  2615
14   15  57 11220
15   16  27  1204
16   16  60  3063
17   17  23  1147
18   17  38  1948
19   19  30  2114
20   20  32  1161
21   21  33  1879
22   22  38  2351
23   23  36  2173
24   24  45  3167
25   27  35   767
26   27  59  4095
27   29  35  1032
28   30  36   537
29   34  53  1330
30   37  49  1635
31   38  59  2703
32   41  56  2115
33   42  49  1975
34   45  60  1562
35   48  55  1180
36   50  57   897
End
