P0	9 T0 37 
P-1	24 T1 340 
P0	56 T2 312 
P-1	58 T3 69 
P-1	59 T4 79 
P-1	67 T5 72 
P-1	67 T6 82 
P-1	77 T7 94 
P-1	86 T8 90 
P-1	91 T9 102 
P-1	124 T10 136 
P-1	124 T11 142 
P-1	148 T12 159 
P-1	157 T13 162 
P-1	166 T14 167 
P-1	177 T15 200 
P-1	190 T16 198 
P-1	205 T17 213 
P-1	235 T18 246 
P-1	245 T19 258 
P-1	251 T20 259 
P-1	255 T21 271 
P-1	264 T22 292 
P-1	272 T23 280 
P-1	274 T24 288 
P-1	277 T25 285 
P-1	282 T26 303 
P-1	288 T27 299 
P-1	293 T28 301 
P-1	302 T29 311 
P-1	310 T30 319 
P0	320 T31 333 
P-1	327 T32 336 
P-1	327 T33 349 
P-1	330 T34 338 
P0	340 T35 352 
P0	357 T36 367 
NMec = 97880
Viable Sol. = 25843574
Profit = 60075
T = 37
P = 1
Profits not ignored
Solution time = 2.545e-01
Task data
00    9  37  5805
01   24 340 46485
02   56 312 48589
03   58  69  3136
04   59  79  3092
05   67  72  1453
06   67  82  2462
07   77  94  3754
08   86  90   683
09   91 102  1465
10  124 136  1095
11  124 142  2440
12  148 159  3465
13  157 162   988
14  166 167   237
15  177 200  3307
16  190 198  2190
17  205 213  1010
18  235 246  2217
19  245 258  2709
20  251 259  2005
21  255 271  2985
22  264 292  2272
23  272 280  2216
24  274 288  1219
25  277 285  1566
26  282 303  3035
27  288 299  1820
28  293 301  1561
29  302 311  1372
30  310 319   670
31  320 333  2196
32  327 336  1467
33  327 349  2547
34  330 338  2102
35  340 352  1428
36  357 367  2057
End
