P-1	1 T0 13 
P0	1 T1 20 
P1	1 T2 24 
P2	2 T3 14 
P-1	2 T4 16 
P-1	2 T5 21 
P3	3 T6 12 
P4	3 T7 19 
P-1	3 T8 21 
P5	4 T9 14 
P6	5 T10 12 
P7	5 T11 16 
P-1	5 T12 20 
P-1	5 T13 26 
P-1	6 T14 26 
P8	7 T15 17 
P-1	7 T16 23 
P-1	8 T17 29 
P9	9 T18 11 
P-1	9 T19 18 
P-1	9 T20 22 
P-1	10 T21 24 
P9	12 T22 35 
P3	13 T23 29 
P-1	14 T24 18 
P-1	14 T25 19 
P6	14 T26 25 
P-1	14 T27 25 
P-1	15 T28 18 
P2	15 T29 22 
P5	15 T30 23 
P-1	16 T31 25 
P7	19 T32 33 
P8	19 T33 34 
P0	22 T34 35 
P4	22 T35 36 
P2	24 T36 33 
NMec = 97880
Viable Sol. = 16889240071
Profit = 43481
T = 37
P = 10
Profits not ignored
Solution time = 1.530e+02
Task data
00    1  13  1109
01    1  20  2471
02    1  24  3102
03    2  14  1324
04    2  16  1345
05    2  21  1758
06    3  12  2654
07    3  19  2984
08    3  21  2073
09    4  14  1962
10    5  12  1619
11    5  16  1576
12    5  20  2365
13    5  26  1805
14    6  26  1795
15    7  17  1769
16    7  23  1487
17    8  29  1927
18    9  11   711
19    9  18  1065
20    9  22  1844
21   10  24  1999
22   12  35  2102
23   13  29  3594
24   14  18   443
25   14  19  1001
26   14  25  2780
27   14  25  1188
28   15  18   350
29   15  22  2279
30   15  23  1671
31   16  25  1104
32   19  33  3123
33   19  34  2404
34   22  35  1272
35   22  36  2929
36   24  33  1155
End
