P-1	2 T0 19 
P-1	2 T1 21 
P0	3 T2 10 
P-1	4 T3 11 
P1	8 T4 31 
P0	11 T5 26 
P-1	13 T6 20 
P-1	22 T7 30 
P-1	29 T8 32 
P0	29 T9 65 
P-1	39 T10 48 
P1	39 T11 52 
P-1	42 T12 50 
P-1	43 T13 117 
P-1	45 T14 59 
P-1	48 T15 69 
P-1	53 T16 72 
P-1	57 T17 61 
P1	59 T18 68 
P0	67 T19 89 
P1	73 T20 91 
P-1	92 T21 100 
P0	95 T22 97 
P-1	97 T23 120 
P0	98 T24 102 
P1	99 T25 109 
P0	108 T26 112 
P1	111 T27 130 
P0	116 T28 130 
P0	132 T29 143 
P1	142 T30 154 
P-1	145 T31 155 
P0	146 T32 148 
P0	149 T33 154 
P-1	149 T34 175 
P0	157 T35 175 
P1	164 T36 184 
P-1	166 T37 181 
NMec = 97880
Viable Sol. = 2012616528
Profit = 46329
T = 38
P = 2
Profits not ignored
Solution time = 2.162e+01
Task data
00    2  19  1469
01    2  21  1847
02    3  10  1861
03    4  11   806
04    8  31  4714
05   11  26  1986
06   13  20   641
07   22  30  1306
08   29  32   288
09   29  65  3301
10   39  48   846
11   39  52  2683
12   42  50  2068
13   43 117  6227
14   45  59  1567
15   48  69  2893
16   53  72  1749
17   57  61   892
18   59  68  1847
19   67  89  4281
20   73  91  5220
21   92 100   887
22   95  97   200
23   97 120  2388
24   98 102   915
25   99 109  1286
26  108 112   495
27  111 130  4868
28  116 130  2363
29  132 143  1394
30  142 154  1028
31  145 155   905
32  146 148   295
33  149 154  1012
34  149 175  2267
35  157 175  3132
36  164 184  3448
37  166 181  2835
End
