P-1	0 T0 47 
P0	1 T1 6 
P1	1 T2 19 
P-1	3 T3 24 
P-1	3 T4 46 
P2	5 T5 12 
P-1	5 T6 32 
P3	6 T7 15 
P-1	7 T8 29 
P0	8 T9 12 
P-1	8 T10 33 
P-1	9 T11 29 
P-1	10 T12 31 
P-1	10 T13 33 
P-1	10 T14 39 
P4	11 T15 16 
P5	11 T16 22 
P-1	11 T17 28 
P0	13 T18 16 
P2	14 T19 23 
P-1	14 T20 29 
P6	15 T21 21 
P-1	15 T22 28 
P-1	15 T23 30 
P-1	15 T24 37 
P3	16 T25 32 
P7	16 T26 34 
P0	20 T27 28 
P1	20 T28 38 
P4	21 T29 45 
P6	22 T30 33 
P2	24 T31 37 
P5	25 T32 43 
P0	33 T33 37 
P3	36 T34 43 
P6	36 T35 47 
P0	38 T36 46 
P1	43 T37 47 
NMec = 97880
Viable Sol. = 12002984608
Profit = 23
T = 38
P = 8
Profits ignored
Solution time = 8.865e+01
Task data
00    0  47     1
01    1   6     1
02    1  19     1
03    3  24     1
04    3  46     1
05    5  12     1
06    5  32     1
07    6  15     1
08    7  29     1
09    8  12     1
10    8  33     1
11    9  29     1
12   10  31     1
13   10  33     1
14   10  39     1
15   11  16     1
16   11  22     1
17   11  28     1
18   13  16     1
19   14  23     1
20   14  29     1
21   15  21     1
22   15  28     1
23   15  30     1
24   15  37     1
25   16  32     1
26   16  34     1
27   20  28     1
28   20  38     1
29   21  45     1
30   22  33     1
31   24  37     1
32   25  43     1
33   33  37     1
34   36  43     1
35   36  47     1
36   38  46     1
37   43  47     1
End
