P0	0 T0 2 
P1	0 T1 73 
P-1	1 T2 44 
P-1	1 T3 45 
P0	3 T4 41 
P2	4 T5 10 
P-1	5 T6 74 
P3	6 T7 17 
P-1	7 T8 53 
P4	9 T9 18 
P-1	13 T10 18 
P-1	15 T11 44 
P2	16 T12 20 
P-1	18 T13 20 
P3	18 T14 27 
P-1	20 T15 64 
P2	23 T16 30 
P-1	27 T17 43 
P4	27 T18 74 
P3	28 T19 47 
P2	33 T20 48 
P-1	36 T21 40 
P-1	37 T22 68 
P-1	38 T23 50 
P-1	39 T24 51 
P-1	41 T25 51 
P0	42 T26 68 
P-1	44 T27 51 
P-1	44 T28 62 
P-1	45 T29 58 
P-1	45 T30 66 
P-1	46 T31 70 
P2	49 T32 55 
P-1	49 T33 63 
P3	50 T34 71 
P-1	58 T35 62 
P2	60 T36 73 
P-1	63 T37 67 
NMec = 97880
Viable Sol. = 2342086314
Profit = 47683
T = 38
P = 5
Profits not ignored
Solution time = 2.581e+01
Task data
00    0   2   294
01    0  73  7789
02    1  44  2935
03    1  45  3492
04    3  41  3888
05    4  10   991
06    5  74  6134
07    6  17   989
08    7  53  3268
09    9  18  1454
10   13  18   715
11   15  44  3651
12   16  20  1266
13   18  20   502
14   18  27  1710
15   20  64  5401
16   23  30  1397
17   27  43  1159
18   27  74  9289
19   28  47  3861
20   33  48  2817
21   36  40   674
22   37  68  3069
23   38  50  2880
24   39  51  2694
25   41  51  1327
26   42  68  4943
27   44  51  1903
28   44  62  3330
29   45  58  1063
30   45  66  3835
31   46  70  3177
32   49  55  1075
33   49  63  1566
34   50  71  2797
35   58  62  1329
36   60  73  3123
37   63  67   610
End
