P-1	0 T0 15 
P0	0 T1 46 
P1	1 T2 11 
P2	2 T3 10 
P-1	2 T4 29 
P-1	3 T5 23 
P3	3 T6 23 
P4	4 T7 15 
P-1	4 T8 24 
P5	5 T9 17 
P6	6 T10 27 
P-1	9 T11 15 
P-1	10 T12 19 
P-1	10 T13 30 
P-1	10 T14 49 
P-1	12 T15 20 
P1	13 T16 21 
P2	13 T17 53 
P-1	15 T18 32 
P4	17 T19 40 
P-1	17 T20 44 
P5	18 T21 38 
P-1	19 T22 28 
P-1	19 T23 37 
P-1	21 T24 24 
P1	23 T25 31 
P3	26 T26 41 
P6	28 T27 47 
P-1	30 T28 47 
P1	33 T29 53 
P-1	35 T30 39 
P-1	36 T31 42 
P-1	36 T32 46 
P-1	36 T33 47 
P-1	37 T34 52 
P5	39 T35 51 
P4	41 T36 46 
P3	45 T37 54 
NMec = 97880
Viable Sol. = 21221270753
Profit = 57660
T = 38
P = 7
Profits not ignored
Solution time = 2.433e+02
Task data
00    0  15  1384
01    0  46  7204
02    1  11  2747
03    2  10  1420
04    2  29  2345
05    3  23  2108
06    3  23  4560
07    4  15  1818
08    4  24  2554
09    5  17  1432
10    6  27  2564
11    9  15  1080
12   10  19  1192
13   10  30  3299
14   10  49  4197
15   12  20   955
16   13  21  1113
17   13  53  7177
18   15  32  2221
19   17  40  5486
20   17  44  1838
21   18  38  5023
22   19  28  1017
23   19  37  2050
24   21  24   573
25   23  31  1617
26   26  41  2549
27   28  47  4156
28   30  47  2911
29   33  53  5238
30   35  39   542
31   36  42  1037
32   36  46  1993
33   36  47  1419
34   37  52  1036
35   39  51  2362
36   41  46   504
37   45  54   690
End
