P0	1 T0 6 
P1	1 T1 7 
P2	1 T2 22 
P3	3 T3 12 
P-1	5 T4 29 
P4	6 T5 17 
P0	7 T6 18 
P5	7 T7 39 
P1	8 T8 15 
P6	8 T9 25 
P-1	9 T10 12 
P-1	9 T11 13 
P-1	9 T12 20 
P7	11 T13 20 
P-1	12 T14 28 
P8	12 T15 28 
P-1	13 T16 35 
P-1	13 T17 37 
P-1	17 T18 30 
P-1	18 T19 20 
P1	18 T20 34 
P3	18 T21 40 
P0	19 T22 40 
P4	20 T23 29 
P-1	21 T24 30 
P-1	21 T25 33 
P7	21 T26 40 
P2	23 T27 29 
P-1	23 T28 41 
P-1	24 T29 36 
P-1	25 T30 32 
P-1	25 T31 35 
P-1	25 T32 36 
P6	27 T33 35 
P8	29 T34 38 
P2	31 T35 39 
P4	32 T36 35 
P1	35 T37 40 
NMec = 97880
Viable Sol. = 67644836016
Profit = 46354
T = 38
P = 9
Profits not ignored
Solution time = 6.606e+02
Task data
00    1   6  1226
01    1   7  1078
02    1  22  3069
03    3  12  2144
04    5  29  2270
05    6  17  1374
06    7  18   913
07    7  39  5333
08    8  15   744
09    8  25  2224
10    9  12   654
11    9  13   722
12    9  20   888
13   11  20  1803
14   12  28  2154
15   12  28  4254
16   13  35  2313
17   13  37  1900
18   17  30  1693
19   18  20   274
20   18  34  2523
21   18  40  4349
22   19  40  2541
23   20  29  1878
24   21  30  1044
25   21  33  1799
26   21  40  2101
27   23  29  1282
28   23  41  1633
29   24  36   789
30   25  32  1619
31   25  35  1064
32   25  36  1699
33   27  35  1388
34   29  38  1777
35   31  39  2089
36   32  35  1047
37   35  40  1217
End
