P0	1 T0 2 
P1	2 T1 23 
P0	6 T2 20 
P2	9 T3 81 
P-1	12 T4 20 
P3	14 T5 32 
P-1	20 T6 41 
P-1	21 T7 37 
P-1	21 T8 52 
P0	23 T9 39 
P-1	24 T10 36 
P-1	25 T11 39 
P-1	25 T12 43 
P1	25 T13 91 
P-1	31 T14 89 
P-1	32 T15 55 
P3	35 T16 50 
P-1	36 T17 51 
P-1	37 T18 45 
P-1	38 T19 54 
P-1	43 T20 57 
P0	44 T21 53 
P-1	45 T22 51 
P-1	45 T23 58 
P0	55 T24 64 
P-1	55 T25 74 
P3	56 T26 72 
P-1	57 T27 78 
P-1	58 T28 74 
P-1	62 T29 73 
P-1	62 T30 79 
P-1	63 T31 77 
P0	70 T32 86 
P-1	71 T33 75 
P3	73 T34 89 
P-1	78 T35 83 
P2	82 T36 92 
P0	87 T37 90 
NMec = 97880
Viable Sol. = 2746298700
Profit = 68306
T = 38
P = 4
Profits not ignored
Solution time = 3.226e+01
Task data
00    1   2   231
01    2  23  2351
02    6  20  4182
03    9  81 19177
04   12  20   961
05   14  32  3667
06   20  41  4356
07   21  37  1463
08   21  52  5720
09   23  39  4133
10   24  36  2156
11   25  39  1873
12   25  43  3295
13   25  91 19367
14   31  89  8824
15   32  55  2447
16   35  50  3062
17   36  51  1179
18   37  45   887
19   38  54  2159
20   43  57  1323
21   44  53  1930
22   45  51   663
23   45  58  1363
24   55  64   921
25   55  74  2524
26   56  72  1656
27   57  78  2271
28   58  74  1651
29   62  73   886
30   62  79  1109
31   63  77  1876
32   70  86  3395
33   71  75  1293
34   73  89  2209
35   78  83   856
36   82  92  1138
37   87  90   887
End
