P-1	0 T0 15 
P-1	0 T1 46 
P0	1 T2 11 
P1	2 T3 10 
P-1	2 T4 29 
P-1	3 T5 23 
P-1	3 T6 23 
P-1	4 T7 15 
P-1	4 T8 24 
P2	5 T9 17 
P-1	6 T10 27 
P3	9 T11 15 
P4	10 T12 19 
P5	10 T13 30 
P-1	10 T14 49 
P0	12 T15 20 
P1	13 T16 21 
P-1	13 T17 53 
P6	15 T18 32 
P-1	17 T19 40 
P-1	17 T20 44 
P-1	18 T21 38 
P2	19 T22 28 
P3	19 T23 37 
P0	21 T24 24 
P1	23 T25 31 
P-1	26 T26 41 
P-1	28 T27 47 
P-1	30 T28 47 
P0	33 T29 53 
P1	35 T30 39 
P2	36 T31 42 
P4	36 T32 46 
P5	36 T33 47 
P6	37 T34 52 
P3	39 T35 51 
P1	41 T36 46 
P2	45 T37 54 
NMec = 97880
Viable Sol. = 21221270753
Profit = 22
T = 38
P = 7
Profits ignored
Solution time = 2.048e+02
Task data
00    0  15     1
01    0  46     1
02    1  11     1
03    2  10     1
04    2  29     1
05    3  23     1
06    3  23     1
07    4  15     1
08    4  24     1
09    5  17     1
10    6  27     1
11    9  15     1
12   10  19     1
13   10  30     1
14   10  49     1
15   12  20     1
16   13  21     1
17   13  53     1
18   15  32     1
19   17  40     1
20   17  44     1
21   18  38     1
22   19  28     1
23   19  37     1
24   21  24     1
25   23  31     1
26   26  41     1
27   28  47     1
28   30  47     1
29   33  53     1
30   35  39     1
31   36  42     1
32   36  46     1
33   36  47     1
34   37  52     1
35   39  51     1
36   41  46     1
37   45  54     1
End
