P0	0 T0 2 
P-1	0 T1 73 
P-1	1 T2 44 
P-1	1 T3 45 
P-1	3 T4 41 
P0	4 T5 10 
P-1	5 T6 74 
P1	6 T7 17 
P-1	7 T8 53 
P-1	9 T9 18 
P0	13 T10 18 
P2	15 T11 44 
P3	16 T12 20 
P1	18 T13 20 
P4	18 T14 27 
P-1	20 T15 64 
P0	23 T16 30 
P1	27 T17 43 
P-1	27 T18 74 
P3	28 T19 47 
P0	33 T20 48 
P4	36 T21 40 
P-1	37 T22 68 
P-1	38 T23 50 
P-1	39 T24 51 
P-1	41 T25 51 
P-1	42 T26 68 
P-1	44 T27 51 
P-1	44 T28 62 
P1	45 T29 58 
P-1	45 T30 66 
P2	46 T31 70 
P0	49 T32 55 
P3	49 T33 63 
P4	50 T34 71 
P0	58 T35 62 
P1	60 T36 73 
P0	63 T37 67 
NMec = 97880
Viable Sol. = 2342086314
Profit = 21
T = 38
P = 5
Profits ignored
Solution time = 2.166e+01
Task data
00    0   2     1
01    0  73     1
02    1  44     1
03    1  45     1
04    3  41     1
05    4  10     1
06    5  74     1
07    6  17     1
08    7  53     1
09    9  18     1
10   13  18     1
11   15  44     1
12   16  20     1
13   18  20     1
14   18  27     1
15   20  64     1
16   23  30     1
17   27  43     1
18   27  74     1
19   28  47     1
20   33  48     1
21   36  40     1
22   37  68     1
23   38  50     1
24   39  51     1
25   41  51     1
26   42  68     1
27   44  51     1
28   44  62     1
29   45  58     1
30   45  66     1
31   46  70     1
32   49  55     1
33   49  63     1
34   50  71     1
35   58  62     1
36   60  73     1
37   63  67     1
End
