P0	0 T0 10 
P1	0 T1 11 
P2	1 T2 11 
P3	1 T3 13 
P4	1 T4 16 
P5	2 T5 19 
P6	2 T6 20 
P7	2 T7 20 
P-1	2 T8 23 
P8	4 T9 17 
P9	4 T10 22 
P-1	6 T11 14 
P-1	6 T12 16 
P-1	7 T13 24 
P-1	8 T14 18 
P-1	8 T15 27 
P-1	10 T16 14 
P-1	10 T17 22 
P-1	11 T18 31 
P-1	11 T19 34 
P-1	12 T20 19 
P0	13 T21 31 
P1	13 T22 36 
P2	13 T23 37 
P-1	15 T24 19 
P-1	16 T25 32 
P3	17 T26 31 
P4	17 T27 34 
P5	20 T28 34 
P6	21 T29 35 
P-1	22 T30 27 
P7	22 T31 27 
P8	22 T32 34 
P-1	23 T33 28 
P-1	23 T34 30 
P9	23 T35 35 
P7	29 T36 35 
P0	32 T37 37 
NMec = 97880
Viable Sol. = 90874515256
Profit = 59795
T = 38
P = 10
Profits not ignored
Solution time = 8.624e+02
Task data
00    0  10  2876
01    0  11  1784
02    1  11  1650
03    1  13  3615
04    1  16  3007
05    2  19  2915
06    2  20  2617
07    2  20  3432
08    2  23  3604
09    4  17  3505
10    4  22  2289
11    6  14  1239
12    6  16  1282
13    7  24  2213
14    8  18  2062
15    8  27  2614
16   10  14   362
17   10  22  1459
18   11  31  1456
19   11  34  2113
20   12  19  1648
21   13  31  3766
22   13  36  4022
23   13  37  4809
24   15  19   489
25   16  32  2138
26   17  31  2760
27   17  34  2297
28   20  34  3707
29   21  35  3772
30   22  27   745
31   22  27  1595
32   22  34  2019
33   23  28   750
34   23  30   919
35   23  35  1632
36   29  35  1387
37   32  37   339
End
