P0	3 T0 5 
P1	3 T1 18 
P2	4 T2 21 
P3	4 T3 25 
P4	4 T4 36 
P5	5 T5 13 
P6	5 T6 23 
P-1	7 T7 20 
P-1	10 T8 34 
P0	10 T9 44 
P-1	11 T10 22 
P-1	15 T11 24 
P-1	15 T12 44 
P5	16 T13 23 
P-1	16 T14 27 
P-1	17 T15 39 
P-1	19 T16 30 
P1	19 T17 41 
P-1	22 T18 37 
P2	23 T19 34 
P5	24 T20 31 
P-1	24 T21 43 
P6	25 T22 49 
P-1	26 T23 36 
P-1	26 T24 39 
P-1	26 T25 42 
P-1	26 T26 52 
P3	26 T27 52 
P-1	27 T28 39 
P-1	27 T29 41 
P-1	32 T30 41 
P-1	32 T31 41 
P5	32 T32 54 
P-1	33 T33 48 
P-1	34 T34 51 
P-1	35 T35 51 
P2	35 T36 54 
P4	37 T37 55 
P0	46 T38 51 
NMec = 97880
Viable Sol. = 13299272640
Profit = 56865
T = 39
P = 7
Profits not ignored
Solution time = 1.457e+02
Task data
00    3   5   685
01    3  18  2913
02    4  21  3227
03    4  25  2523
04    4  36  6232
05    5  13  2227
06    5  23  2166
07    7  20   952
08   10  34  3196
09   10  44  5389
10   11  22  1028
11   15  24  1319
12   15  44  2501
13   16  23  1858
14   16  27  1879
15   17  39  1910
16   19  30  1468
17   19  41  4748
18   22  37  3475
19   23  34  2299
20   24  31  1365
21   24  43  2481
22   25  49  3890
23   26  36  2196
24   26  39  1845
25   26  42  2909
26   26  52  3393
27   26  52  5421
28   27  39  2080
29   27  41  2242
30   32  41  2473
31   32  41  1488
32   32  54  3556
33   33  48  3044
34   34  51  1224
35   35  51  1129
36   35  54  4448
37   37  55  3223
38   46  51   695
End
