P0	3 T0 28 
P0	41 T1 46 
P-1	35 T2 52 
P-1	41 T3 54 
P0	50 T4 57 
P-1	48 T5 64 
P-1	55 T6 76 
P0	73 T7 86 
P-1	74 T8 87 
P0	98 T9 120 
P-1	109 T10 121 
P-1	116 T11 124 
P0	123 T12 134 
P-1	133 T13 146 
P0	137 T14 151 
P-1	143 T15 157 
P-1	146 T16 161 
P0	160 T17 169 
P-1	20 T18 208 
P0	204 T19 223 
P0	225 T20 245 
P-1	68 T21 251 
P0	247 T22 251 
P-1	229 T23 255 
P-1	241 T24 265 
P0	266 T25 287 
P-1	92 T26 302 
P0	309 T27 316 
P-1	315 T28 321 
P0	324 T29 333 
P0	341 T30 350 
P-1	120 T31 351 
P-1	342 T32 360 
P0	351 T33 360 
P-1	356 T34 364 
P-1	356 T35 364 
P-1	360 T36 365 
P-1	360 T37 371 
P-1	186 T38 378 
NMec = 97880
Viable Sol. = 0
Profit = 16
T = 39
P = 1
Profits ignored
Solution time = 9.736e-06
Task data
00    3  28     1
01   41  46     1
02   35  52     1
03   41  54     1
04   50  57     1
05   48  64     1
06   55  76     1
07   73  86     1
08   74  87     1
09   98 120     1
10  109 121     1
11  116 124     1
12  123 134     1
13  133 146     1
14  137 151     1
15  143 157     1
16  146 161     1
17  160 169     1
18   20 208     1
19  204 223     1
20  225 245     1
21   68 251     1
22  247 251     1
23  229 255     1
24  241 265     1
25  266 287     1
26   92 302     1
27  309 316     1
28  315 321     1
29  324 333     1
30  341 350     1
31  120 351     1
32  342 360     1
33  351 360     1
34  356 364     1
35  356 364     1
36  360 365     1
37  360 371     1
38  186 378     1
End
