P-1	3 T0 28 
P0	20 T1 208 
P-1	35 T2 52 
P-1	41 T3 46 
P-1	41 T4 54 
P-1	48 T5 64 
P-1	50 T6 57 
P-1	55 T7 76 
P-1	68 T8 251 
P-1	73 T9 86 
P-1	74 T10 87 
P-1	92 T11 302 
P-1	98 T12 120 
P-1	109 T13 121 
P-1	116 T14 124 
P-1	120 T15 351 
P-1	123 T16 134 
P-1	133 T17 146 
P-1	137 T18 151 
P-1	143 T19 157 
P-1	146 T20 161 
P-1	160 T21 169 
P-1	186 T22 378 
P-1	204 T23 223 
P-1	225 T24 245 
P0	229 T25 255 
P-1	241 T26 265 
P-1	247 T27 251 
P0	266 T28 287 
P-1	309 T29 316 
P0	315 T30 321 
P0	324 T31 333 
P0	341 T32 350 
P-1	342 T33 360 
P-1	351 T34 360 
P-1	356 T35 364 
P-1	356 T36 364 
P-1	360 T37 365 
P0	360 T38 371 
NMec = 97880
Viable Sol. = 5986696
Profit = 48896
T = 39
P = 1
Profits not ignored
Solution time = 9.532e-02
Task data
00    3  28  2520
01   20 208 36785
02   35  52  2293
03   41  46   850
04   41  54  3940
05   48  64  2604
06   50  57  1125
07   55  76  5306
08   68 251 31486
09   73  86   856
10   74  87  1325
11   92 302 18234
12   98 120  3175
13  109 121  2344
14  116 124   831
15  120 351 25159
16  123 134  2713
17  133 146  2973
18  137 151  3398
19  143 157  3411
20  146 161  3141
21  160 169  2564
22  186 378 22633
23  204 223  2788
24  225 245  1969
25  229 255  4528
26  241 265  4072
27  247 251  1048
28  266 287  1737
29  309 316   677
30  315 321   799
31  324 333  1916
32  341 350  1099
33  342 360  2249
34  351 360  1639
35  356 364  1674
36  356 364   768
37  360 365  1274
38  360 371  2032
End
