P0	0 T0 12 
P1	0 T1 35 
P2	0 T2 43 
P3	1 T3 11 
P4	1 T4 48 
P5	2 T5 21 
P-1	2 T6 43 
P-1	5 T7 28 
P-1	5 T8 29 
P-1	7 T9 33 
P6	8 T10 9 
P-1	8 T11 24 
P-1	9 T12 30 
P7	9 T13 32 
P6	11 T14 40 
P0	13 T15 19 
P-1	14 T16 29 
P-1	15 T17 25 
P-1	15 T18 32 
P3	17 T19 26 
P-1	19 T20 22 
P0	20 T21 22 
P-1	20 T22 25 
P-1	20 T23 32 
P-1	20 T24 37 
P-1	21 T25 32 
P5	22 T26 40 
P0	25 T27 33 
P3	27 T28 48 
P-1	28 T29 38 
P-1	29 T30 48 
P-1	31 T31 38 
P-1	32 T32 41 
P-1	32 T33 48 
P0	34 T34 37 
P7	34 T35 42 
P1	36 T36 43 
P0	39 T37 45 
P5	43 T38 48 
NMec = 97880
Viable Sol. = 40755704979
Profit = 53806
T = 39
P = 8
Profits not ignored
Solution time = 4.396e+02
Task data
00    0  12  1296
01    0  35  4009
02    0  43  7610
03    1  11  1636
04    1  48  6957
05    2  21  4341
06    2  43  3671
07    5  28  1620
08    5  29  2899
09    7  33  2711
10    8   9   227
11    8  24  1242
12    9  30  1482
13    9  32  3920
14   11  40  4685
15   13  19  1440
16   14  29  2392
17   15  25  1154
18   15  32  1447
19   17  26  1785
20   19  22   527
21   20  22   670
22   20  25   887
23   20  32  2548
24   20  37  1886
25   21  32  2757
26   22  40  3986
27   25  33  2454
28   27  48  5034
29   28  38  1359
30   29  48  2849
31   31  38   744
32   32  41  1073
33   32  48  1771
34   34  37   564
35   34  42   839
36   36  43   761
37   39  45  1004
38   43  48   588
End
