P-1	0 T0 13 
P-1	0 T1 91 
P0	3 T2 13 
P1	3 T3 16 
P2	5 T4 95 
P-1	7 T5 17 
P-1	9 T6 16 
P-1	11 T7 20 
P-1	12 T8 19 
P3	13 T9 95 
P-1	16 T10 24 
P0	16 T11 26 
P-1	17 T12 23 
P1	17 T13 90 
P-1	20 T14 32 
P-1	23 T15 31 
P-1	32 T16 48 
P0	32 T17 53 
P-1	34 T18 46 
P-1	35 T19 50 
P-1	38 T20 58 
P-1	41 T21 42 
P-1	41 T22 54 
P-1	44 T23 67 
P-1	45 T24 53 
P-1	54 T25 60 
P-1	54 T26 62 
P0	54 T27 67 
P-1	61 T28 78 
P-1	64 T29 71 
P-1	66 T30 88 
P-1	67 T31 76 
P0	71 T32 79 
P-1	74 T33 83 
P-1	77 T34 96 
P-1	78 T35 91 
P0	81 T36 97 
P-1	82 T37 96 
P1	92 T38 94 
NMec = 97880
Viable Sol. = 15457551873
Profit = 70497
T = 39
P = 4
Profits not ignored
Solution time = 1.434e+02
Task data
00    0  13  1701
01    0  91 13382
02    3  13  1956
03    3  16  2668
04    5  95 24547
05    7  17  1851
06    9  16  1460
07   11  20   637
08   12  19   650
09   13  95 13741
10   16  24   818
11   16  26  2461
12   17  23   733
13   17  90 12360
14   20  32  1557
15   23  31  1641
16   32  48  2819
17   32  53  3609
18   34  46  1393
19   35  50   942
20   38  58  3635
21   41  42   189
22   41  54  2686
23   44  67  3745
24   45  53  1044
25   54  60   665
26   54  62  1424
27   54  67  3308
28   61  78  3750
29   64  71   734
30   66  88  3677
31   67  76  2013
32   71  79  1618
33   74  83   907
34   77  96  3515
35   78  91  1485
36   81  97  3563
37   82  96  1602
38   92  94   666
End
