P0	0 T0 10 
P1	0 T1 13 
P-1	5 T2 12 
P-1	9 T3 14 
P0	13 T4 174 
P-1	14 T5 31 
P-1	16 T6 30 
P1	23 T7 25 
P-1	26 T8 50 
P1	27 T9 39 
P-1	28 T10 49 
P-1	31 T11 41 
P-1	36 T12 54 
P1	40 T13 47 
P-1	43 T14 54 
P1	61 T15 73 
P-1	72 T16 87 
P-1	84 T17 95 
P1	87 T18 98 
P-1	94 T19 105 
P1	100 T20 107 
P-1	106 T21 113 
P1	108 T22 116 
P-1	108 T23 117 
P-1	111 T24 175 
P-1	114 T25 122 
P1	118 T26 128 
P-1	123 T27 128 
P-1	125 T28 135 
P-1	126 T29 136 
P-1	129 T30 142 
P1	134 T31 153 
P-1	137 T32 149 
P-1	144 T33 153 
P-1	165 T34 181 
P-1	169 T35 181 
P1	170 T36 187 
P-1	180 T37 184 
P0	183 T38 192 
NMec = 97880
Viable Sol. = 4590705328
Profit = 52250
T = 39
P = 2
Profits not ignored
Solution time = 4.445e+01
Task data
00    0  10  1684
01    0  13  3117
02    5  12  1090
03    9  14   805
04   13 174 21214
05   14  31  1672
06   16  30  1864
07   23  25   297
08   26  50  4225
09   27  39  2605
10   28  49  2266
11   31  41   879
12   36  54  2328
13   40  47  2222
14   43  54  1434
15   61  73  1811
16   72  87  2344
17   84  95  1167
18   87  98  2089
19   94 105  1431
20  100 107  1363
21  106 113  1277
22  108 116  1899
23  108 117   859
24  111 175  9866
25  114 122   664
26  118 128  2876
27  123 128   617
28  125 135  1577
29  126 136   982
30  129 142  1623
31  134 153  4433
32  137 149   887
33  144 153  1873
34  165 181  2072
35  169 181  2204
36  170 187  4424
37  180 184   377
38  183 192  2216
End
