P-1	0 T0 95 
P0	1 T1 10 
P1	4 T2 88 
P2	5 T3 10 
P-1	5 T4 30 
P-1	13 T5 19 
P-1	13 T6 29 
P0	13 T7 37 
P2	13 T8 96 
P3	19 T9 33 
P-1	22 T10 31 
P-1	22 T11 42 
P-1	25 T12 50 
P-1	31 T13 36 
P-1	32 T14 51 
P-1	33 T15 43 
P3	35 T16 60 
P-1	40 T17 42 
P-1	41 T18 42 
P0	41 T19 68 
P-1	45 T20 60 
P-1	47 T21 65 
P-1	49 T22 66 
P-1	53 T23 62 
P-1	53 T24 68 
P-1	54 T25 61 
P-1	55 T26 64 
P-1	56 T27 68 
P-1	61 T28 64 
P3	61 T29 72 
P-1	65 T30 80 
P-1	70 T31 85 
P-1	70 T32 86 
P-1	70 T33 92 
P0	74 T34 86 
P-1	75 T35 88 
P-1	78 T36 89 
P3	79 T37 99 
P-1	82 T38 92 
P0	88 T39 96 
NMec = 97880
Viable Sol. = 13627936299
Profit = 68522
T = 40
P = 4
Profits not ignored
Solution time = 1.293e+02
Task data
00    0  95  9765
01    1  10  1212
02    4  88 21551
03    5  10  1239
04    5  30  2452
05   13  19   476
06   13  29  2421
07   13  37  5864
08   13  96 15408
09   19  33  2777
10   22  31   976
11   22  42  2780
12   25  50  5148
13   31  36   570
14   32  51  2331
15   33  43  1155
16   35  60  6824
17   40  42   353
18   41  42   173
19   41  68  5013
20   45  60  1473
21   47  65  1629
22   49  66  1590
23   53  62   899
24   53  68  2944
25   54  61   624
26   55  64  1690
27   56  68  2366
28   61  64   463
29   61  72  1162
30   65  80  1501
31   70  85  1349
32   70  86  1439
33   70  92  2277
34   74  86  1548
35   75  88  1867
36   78  89  1355
37   79  99  3687
38   82  92   727
39   88  96  2237
End
