P0	0 T0 6 
P-1	0 T1 66 
P1	1 T2 2 
P2	1 T3 15 
P3	2 T4 8 
P1	3 T5 15 
P4	3 T6 56 
P-1	6 T7 14 
P-1	6 T8 23 
P0	9 T9 19 
P-1	9 T10 22 
P-1	12 T11 25 
P3	12 T12 52 
P5	14 T13 25 
P-1	16 T14 30 
P-1	16 T15 36 
P-1	17 T16 26 
P1	17 T17 29 
P-1	17 T18 30 
P2	19 T19 41 
P-1	21 T20 37 
P-1	23 T21 28 
P0	25 T22 33 
P-1	26 T23 52 
P-1	27 T24 50 
P5	27 T25 54 
P-1	28 T26 35 
P-1	28 T27 48 
P-1	29 T28 41 
P-1	31 T29 51 
P0	37 T30 43 
P1	39 T31 65 
P-1	41 T32 58 
P2	42 T33 61 
P-1	44 T34 56 
P-1	47 T35 49 
P-1	47 T36 64 
P-1	48 T37 62 
P0	48 T38 66 
P3	55 T39 66 
NMec = 97880
Viable Sol. = 54454752256
Profit = 55180
T = 40
P = 6
Profits not ignored
Solution time = 5.279e+02
Task data
00    0   6   802
01    0  66  6365
02    1   2   357
03    1  15  1903
04    2   8  1097
05    3  15  1692
06    3  56  8112
07    6  14  1002
08    6  23  1708
09    9  19  2090
10    9  22  1378
11   12  25  2155
12   12  52  6482
13   14  25  3445
14   16  30  1145
15   16  36  1721
16   17  26   822
17   17  29  2324
18   17  30  1812
19   19  41  2376
20   21  37  1558
21   23  28   448
22   25  33  1735
23   26  52  2520
24   27  50  3227
25   27  54  6704
26   28  35  1131
27   28  48  2369
28   29  41  1420
29   31  51  1796
30   37  43  1247
31   39  65  5202
32   41  58  2593
33   42  61  2797
34   44  56  1352
35   47  49   586
36   47  64  2754
37   48  62  1721
38   48  66  4087
39   55  66  2728
End
