P-1	5 T0 22 
P-1	5 T1 33 
P0	6 T2 18 
P1	7 T3 13 
P2	7 T4 13 
P-1	8 T5 20 
P3	10 T6 16 
P4	10 T7 26 
P-1	10 T8 29 
P5	11 T9 28 
P-1	12 T10 22 
P6	12 T11 37 
P7	13 T12 28 
P-1	13 T13 29 
P8	13 T14 34 
P1	14 T15 23 
P-1	14 T16 27 
P-1	14 T17 31 
P2	15 T18 29 
P-1	17 T19 36 
P-1	17 T20 43 
P3	18 T21 21 
P-1	20 T22 29 
P-1	20 T23 30 
P-1	20 T24 31 
P-1	20 T25 40 
P-1	23 T26 28 
P-1	23 T27 38 
P0	23 T28 44 
P-1	24 T29 38 
P1	25 T30 38 
P-1	25 T31 39 
P-1	25 T32 42 
P3	26 T33 39 
P-1	27 T34 39 
P4	27 T35 41 
P5	29 T36 39 
P2	31 T37 40 
P7	31 T38 42 
P-1	33 T39 41 
NMec = 97880
Viable Sol. = 58601527664
Profit = 52169
T = 40
P = 9
Profits not ignored
Solution time = 5.579e+02
Task data
00    5  22   941
01    5  33  3462
02    6  18  2579
03    7  13  1793
04    7  13  1145
05    8  20  1287
06   10  16  1454
07   10  26  1464
08   10  29  1478
09   11  28  2801
10   12  22  1304
11   12  37  5871
12   13  28  4002
13   13  29  2391
14   13  34  4577
15   14  23  1926
16   14  27  2214
17   14  31  3014
18   15  29  3330
19   17  36  1883
20   17  43  2248
21   18  21   823
22   20  29   960
23   20  30  1199
24   20  31  2008
25   20  40  1867
26   23  28   905
27   23  38  2166
28   23  44  3758
29   24  38  3047
30   25  38  3291
31   25  39  2712
32   25  42  2523
33   26  39  3386
34   27  39  2365
35   27  41  3379
36   29  39  2940
37   31  40  1566
38   31  42  2084
39   33  41  1036
End
