P0	5 T0 15 
P1	8 T1 24 
P-1	13 T2 198 
P0	17 T3 25 
P0	34 T4 47 
P1	38 T5 51 
P-1	43 T6 51 
P-1	45 T7 62 
P-1	46 T8 53 
P-1	46 T9 198 
P-1	49 T10 54 
P0	51 T11 58 
P1	54 T12 63 
P-1	55 T13 59 
P-1	56 T14 73 
P0	59 T15 147 
P1	65 T16 82 
P-1	76 T17 87 
P-1	77 T18 87 
P-1	80 T19 90 
P-1	86 T20 102 
P-1	87 T21 88 
P1	87 T22 107 
P-1	99 T23 108 
P-1	107 T24 115 
P1	112 T25 127 
P-1	117 T26 137 
P-1	118 T27 136 
P1	130 T28 135 
P1	136 T29 156 
P-1	140 T30 148 
P-1	144 T31 166 
P-1	147 T32 163 
P0	150 T33 151 
P-1	156 T34 171 
P0	157 T35 168 
P1	164 T36 185 
P0	169 T37 189 
P-1	171 T38 178 
P-1	175 T39 194 
NMec = 97880
Viable Sol. = 1720708259
Profit = 67266
T = 40
P = 2
Profits not ignored
Solution time = 1.945e+01
Task data
00    5  15  1140
01    8  24  3976
02   13 198 14653
03   17  25  1619
04   34  47  3028
05   38  51  3309
06   43  51  1981
07   45  62  2051
08   46  53   440
09   46 198 17889
10   49  54   869
11   51  58   991
12   54  63  1950
13   55  59  1054
14   56  73  1597
15   59 147 22301
16   65  82  2670
17   76  87  1612
18   77  87  1161
19   80  90  1248
20   86 102  1355
21   87  88   159
22   87 107  5865
23   99 108  1603
24  107 115  1162
25  112 127  2203
26  117 137  4001
27  118 136  2670
28  130 135  1662
29  136 156  2633
30  140 148  1325
31  144 166  1700
32  147 163  2224
33  150 151   246
34  156 171  2385
35  157 168  2942
36  164 185  5391
37  169 189  5340
38  171 178  1325
39  175 194  2895
End
