P0	0 T0 7 
P1	0 T1 19 
P2	2 T2 3 
P3	2 T3 11 
P-1	2 T4 21 
P-1	2 T5 57 
P4	3 T6 21 
P2	5 T7 17 
P0	8 T8 23 
P-1	8 T9 54 
P5	9 T10 10 
P6	9 T11 13 
P-1	9 T12 18 
P-1	10 T13 22 
P3	12 T14 28 
P5	12 T15 28 
P-1	13 T16 26 
P6	14 T17 41 
P-1	15 T18 20 
P-1	17 T19 42 
P1	20 T20 36 
P2	21 T21 35 
P4	22 T22 41 
P0	29 T23 34 
P3	29 T24 51 
P-1	32 T25 49 
P-1	33 T26 56 
P5	34 T27 43 
P-1	35 T28 49 
P0	35 T29 57 
P2	36 T30 39 
P1	39 T31 44 
P2	40 T32 51 
P4	42 T33 52 
P-1	42 T34 53 
P6	43 T35 50 
P1	46 T36 50 
P5	46 T37 54 
P1	51 T38 57 
P2	54 T39 55 
NMec = 97880
Viable Sol. = 275029819272
Profit = 55837
T = 40
P = 7
Profits not ignored
Solution time = 2.364e+03
Task data
00    0   7   810
01    0  19  3384
02    2   3   172
03    2  11  1472
04    2  21  1382
05    2  57  5187
06    3  21  2183
07    5  17  2659
08    8  23  3400
09    8  54  5189
10    9  10   212
11    9  13   859
12    9  18  2133
13   10  22  1099
14   12  28  1937
15   12  28  3151
16   13  26   932
17   14  41  5793
18   15  20   642
19   17  42  2592
20   20  36  2844
21   21  35  1175
22   22  41  2074
23   29  34  1381
24   29  51  3537
25   32  49  1182
26   33  56  1877
27   34  43  2090
28   35  49  2728
29   35  57  6042
30   36  39   501
31   39  44  1478
32   40  51  2267
33   42  52  1095
34   42  53   759
35   43  50  1185
36   46  50   983
37   46  54  1853
38   51  57   888
39   54  55   412
End
