P-1	0 T0 26 
P0	1 T1 10 
P1	1 T2 11 
P-1	1 T3 13 
P2	2 T4 15 
P-1	2 T5 28 
P-1	2 T6 39 
P3	3 T7 13 
P4	3 T8 18 
P-1	4 T9 14 
P5	5 T10 23 
P6	5 T11 23 
P7	6 T12 13 
P8	6 T13 15 
P-1	6 T14 25 
P9	8 T15 33 
P-1	9 T16 23 
P-1	9 T17 24 
P-1	10 T18 22 
P0	11 T19 25 
P-1	12 T20 24 
P1	15 T21 29 
P2	16 T22 26 
P3	17 T23 20 
P-1	17 T24 33 
P7	18 T25 32 
P-1	20 T26 25 
P-1	20 T27 36 
P-1	21 T28 29 
P3	21 T29 31 
P4	21 T30 35 
P-1	22 T31 32 
P-1	22 T32 33 
P8	23 T33 38 
P-1	24 T34 32 
P5	24 T35 36 
P6	24 T36 36 
P0	31 T37 38 
P1	33 T38 35 
P1	38 T39 39 
NMec = 97880
Viable Sol. = 219140576348
Profit = 55809
T = 40
P = 10
Profits not ignored
Solution time = 1.728e+03
Task data
00    0  26  2275
01    1  10  1308
02    1  11  2026
03    1  13   905
04    2  15  2563
05    2  28  2183
06    2  39  3534
07    3  13  2450
08    3  18  3344
09    4  14  1348
10    5  23  4376
11    5  23  4318
12    6  13  1436
13    6  15  1907
14    6  25  1985
15    8  33  6005
16    9  23  1537
17    9  24  1980
18   10  22   880
19   11  25  2942
20   12  24  1988
21   15  29  3764
22   16  26  2494
23   17  20   540
24   17  33  2102
25   18  32  2205
26   20  25   947
27   20  36  1739
28   21  29  1306
29   21  31  2565
30   21  35  2606
31   22  32  1460
32   22  33  2186
33   23  38  2686
34   24  32  1468
35   24  36  1759
36   24  36  2212
37   31  38  1644
38   33  35   476
39   38  39   183
End
