P0	0 T0 7 
P1	0 T1 18 
P2	0 T2 48 
P3	1 T3 3 
P4	1 T4 9 
P-1	4 T5 11 
P3	4 T6 15 
P5	4 T7 19 
P6	6 T8 10 
P-1	6 T9 14 
P7	7 T10 16 
P0	9 T11 23 
P4	10 T12 34 
P-1	11 T13 13 
P-1	11 T14 19 
P6	11 T15 27 
P3	18 T16 30 
P1	20 T17 33 
P-1	20 T18 39 
P-1	22 T19 28 
P5	23 T20 30 
P-1	24 T21 34 
P-1	25 T22 33 
P0	25 T23 43 
P-1	25 T24 46 
P-1	25 T25 47 
P7	26 T26 37 
P-1	26 T27 42 
P-1	27 T28 35 
P6	28 T29 46 
P-1	29 T30 49 
P-1	32 T31 35 
P3	32 T32 46 
P-1	32 T33 47 
P5	32 T34 49 
P-1	33 T35 40 
P1	34 T36 42 
P4	35 T37 39 
P7	38 T38 50 
P4	41 T39 47 
P1	43 T40 51 
NMec = 97880
Viable Sol. = 520424084368
Profit = 56883
T = 41
P = 8
Profits not ignored
Solution time = 4.335e+03
Task data
00    0   7  1782
01    0  18  2662
02    0  48  7097
03    1   3   346
04    1   9  2150
05    4  11  1457
06    4  15  2045
07    4  19  3244
08    6  10   624
09    6  14  1459
10    7  16  2693
11    9  23  1203
12   10  34  4311
13   11  13   326
14   11  19  1062
15   11  27  2852
16   18  30  1285
17   20  33  2182
18   20  39  2077
19   22  28   546
20   23  30  1062
21   24  34  1717
22   25  33  1290
23   25  43  3999
24   25  46  1468
25   25  47  3099
26   26  37  2210
27   26  42  1200
28   27  35  1936
29   28  46  4508
30   29  49  1225
31   32  35   566
32   32  46  2355
33   32  47  1699
34   32  49  2260
35   33  40   847
36   34  42  1113
37   35  39   673
38   38  50  3024
39   41  47   630
40   43  51   573
End
