P0	0 T0 25 
P1	7 T1 14 
P2	7 T2 19 
P-1	9 T3 18 
P-1	15 T4 22 
P1	15 T5 33 
P-1	16 T6 123 
P2	22 T7 24 
P-1	26 T8 35 
P-1	27 T9 35 
P0	29 T10 39 
P2	29 T11 48 
P-1	30 T12 49 
P-1	31 T13 37 
P1	36 T14 51 
P-1	44 T15 66 
P0	45 T16 83 
P-1	46 T17 56 
P-1	46 T18 62 
P2	51 T19 67 
P1	53 T20 77 
P-1	59 T21 63 
P2	69 T22 84 
P-1	75 T23 80 
P-1	76 T24 82 
P-1	78 T25 101 
P1	81 T26 95 
P-1	90 T27 102 
P-1	94 T28 99 
P0	96 T29 101 
P-1	96 T30 103 
P1	98 T31 111 
P2	99 T32 111 
P0	102 T33 119 
P-1	105 T34 113 
P-1	107 T35 120 
P-1	116 T36 123 
P1	118 T37 127 
P2	118 T38 132 
P0	124 T39 128 
P0	131 T40 134 
NMec = 97880
Viable Sol. = 57102543632
Profit = 57187
T = 41
P = 3
Profits not ignored
Solution time = 4.108e+02
Task data
00    0  25  5667
01    7  14  1145
02    7  19  1981
03    9  18  1580
04   15  22  1644
05   15  33  3718
06   16 123 10480
07   22  24   546
08   26  35  1456
09   27  35   943
10   29  39  2608
11   29  48  3928
12   30  49  1978
13   31  37   715
14   36  51  1651
15   44  66  3377
16   45  83  9210
17   46  56  2245
18   46  62  2206
19   51  67  2589
20   53  77  4196
21   59  63   733
22   69  84  2799
23   75  80   611
24   76  82  1080
25   78 101  1975
26   81  95  1969
27   90 102   801
28   94  99   591
29   96 101  1482
30   96 103   567
31   98 111  2524
32   99 111  1970
33  102 119  3858
34  105 113   841
35  107 120  1927
36  116 123   447
37  118 127  1078
38  118 132  2964
39  124 128   564
40  131 134   740
End
