P0	0 T0 8 
P1	0 T1 9 
P2	1 T2 42 
P3	2 T3 15 
P4	2 T4 17 
P5	2 T5 18 
P-1	4 T6 19 
P-1	5 T7 37 
P6	6 T8 12 
P7	6 T9 14 
P8	7 T10 23 
P-1	11 T11 32 
P0	11 T12 36 
P1	12 T13 17 
P-1	13 T14 31 
P6	14 T15 34 
P7	15 T16 39 
P-1	16 T17 30 
P-1	16 T18 40 
P1	19 T19 25 
P3	20 T20 29 
P4	20 T21 30 
P-1	20 T22 34 
P5	21 T23 45 
P-1	22 T24 34 
P-1	22 T25 40 
P-1	24 T26 30 
P-1	24 T27 31 
P-1	24 T28 38 
P-1	25 T29 28 
P8	25 T30 43 
P-1	25 T31 44 
P-1	26 T32 36 
P1	27 T33 36 
P-1	28 T34 34 
P3	30 T35 37 
P-1	33 T36 41 
P4	34 T37 43 
P6	35 T38 44 
P0	41 T39 42 
P1	41 T40 42 
NMec = 97880
Viable Sol. = 275092411008
Profit = 56295
T = 41
P = 9
Profits not ignored
Solution time = 2.284e+03
Task data
00    0   8   906
01    0   9  2015
02    1  42  4583
03    2  15  1969
04    2  17  1699
05    2  18  2513
06    4  19  1217
07    5  37  3439
08    6  12  1347
09    6  14  1706
10    7  23  2905
11   11  32  2333
12   11  36  6580
13   12  17  1241
14   13  31  1477
15   14  34  5198
16   15  39  5279
17   16  30  1147
18   16  40  2319
19   19  25  1526
20   20  29  1248
21   20  30  2040
22   20  34  1645
23   21  45  3026
24   22  34  2143
25   22  40  1266
26   24  30   940
27   24  31   757
28   24  38  2340
29   25  28   701
30   25  43  3725
31   25  44  1510
32   26  36   958
33   27  36  1283
34   28  34   793
35   30  37  1390
36   33  41   812
37   34  43  1364
38   35  44  2204
39   41  42   309
40   41  42   239
End
