P-1	0 T0 81 
P0	2 T1 15 
P1	5 T2 13 
P2	5 T3 19 
P3	6 T4 26 
P4	7 T5 28 
P-1	8 T6 9 
P1	14 T7 33 
P-1	16 T8 26 
P0	16 T9 39 
P-1	19 T10 29 
P-1	21 T11 27 
P-1	23 T12 37 
P2	23 T13 49 
P-1	24 T14 35 
P-1	24 T15 46 
P3	27 T16 31 
P-1	29 T17 34 
P4	29 T18 41 
P-1	30 T19 54 
P-1	34 T20 52 
P1	35 T21 57 
P3	36 T22 47 
P-1	40 T23 65 
P-1	41 T24 51 
P0	41 T25 54 
P-1	41 T26 56 
P4	43 T27 61 
P-1	44 T28 51 
P-1	44 T29 56 
P-1	48 T30 62 
P3	49 T31 59 
P2	54 T32 69 
P-1	56 T33 68 
P0	56 T34 70 
P1	60 T35 71 
P3	61 T36 72 
P-1	62 T37 63 
P4	63 T38 67 
P0	71 T39 79 
P1	73 T40 80 
NMec = 97880
Viable Sol. = 93811921056
Profit = 56158
T = 41
P = 5
Profits not ignored
Solution time = 7.697e+02
Task data
00    0  81  8219
01    2  15  1074
02    5  13   795
03    5  19  2657
04    6  26  4490
05    7  28  3325
06    8   9   530
07   14  33  4133
08   16  26  1774
09   16  39  3549
10   19  29  1719
11   21  27  1297
12   23  37  2869
13   23  49  6444
14   24  35  1347
15   24  46  3669
16   27  31  1238
17   29  34   872
18   29  41   932
19   30  54  3416
20   34  52  2201
21   35  57  3850
22   36  47  3213
23   40  65  2439
24   41  51  2332
25   41  54  2842
26   41  56  2170
27   43  61  3982
28   44  51  1752
29   44  56  1775
30   48  62  1297
31   49  59  2169
32   54  69  1357
33   56  68  1147
34   56  70  1324
35   60  71  1330
36   61  72  2957
37   62  63   510
38   63  67   921
39   71  79  1862
40   73  80  1714
End
