P0	14 T0 21 
P1	21 T1 31 
P-1	22 T2 43 
P0	24 T3 32 
P-1	24 T4 41 
P2	24 T5 45 
P-1	28 T6 34 
P-1	28 T7 39 
P-1	30 T8 41 
P-1	30 T9 85 
P3	31 T10 74 
P1	32 T11 41 
P-1	33 T12 35 
P-1	34 T13 49 
P0	34 T14 82 
P-1	39 T15 95 
P1	42 T16 67 
P-1	44 T17 57 
P-1	45 T18 85 
P2	47 T19 64 
P-1	49 T20 50 
P-1	51 T21 69 
P-1	55 T22 61 
P-1	60 T23 65 
P-1	61 T24 69 
P-1	63 T25 78 
P2	65 T26 76 
P-1	66 T27 77 
P-1	68 T28 76 
P-1	70 T29 91 
P-1	73 T30 82 
P1	73 T31 92 
P-1	73 T32 95 
P-1	74 T33 96 
P3	76 T34 92 
P-1	77 T35 93 
P2	78 T36 91 
P0	83 T37 99 
P-1	87 T38 95 
P-1	91 T39 96 
P1	93 T40 102 
NMec = 97880
Viable Sol. = 9788815948
Profit = 54655
T = 41
P = 4
Profits not ignored
Solution time = 8.748e+01
Task data
00   14  21  1248
01   21  31  2000
02   22  43  1725
03   24  32  1655
04   24  41  2576
05   24  45  3282
06   28  34  1108
07   28  39  2625
08   30  41  2839
09   30  85  7099
10   31  74  9674
11   32  41  2643
12   33  35   156
13   34  49  1639
14   34  82 11016
15   39  95  8259
16   42  67  5042
17   44  57  1591
18   45  85  3797
19   47  64  3787
20   49  50   231
21   51  69  3951
22   55  61   830
23   60  65   900
24   61  69  1160
25   63  78  3773
26   65  76  2946
27   66  77  2684
28   68  76  1151
29   70  91  2120
30   73  82   948
31   73  92  3278
32   73  95  1543
33   74  96  3029
34   76  92  2340
35   77  93  1174
36   78  91  2902
37   83  99  1403
38   87  95  1395
39   91  96   718
40   93 102  1439
End
