P0	0 T0 14 
P1	0 T1 39 
P2	1 T2 21 
P3	2 T3 10 
P4	3 T4 9 
P5	4 T5 20 
P6	4 T6 37 
P-1	5 T7 21 
P7	7 T8 38 
P8	8 T9 11 
P9	9 T10 18 
P-1	10 T11 16 
P-1	10 T12 38 
P-1	11 T13 24 
P-1	11 T14 30 
P3	12 T15 19 
P-1	12 T16 20 
P4	12 T17 20 
P-1	12 T18 26 
P-1	13 T19 30 
P8	13 T20 35 
P-1	14 T21 24 
P-1	15 T22 27 
P-1	15 T23 27 
P0	15 T24 40 
P-1	16 T25 20 
P-1	16 T26 23 
P-1	16 T27 37 
P-1	18 T28 19 
P-1	18 T29 34 
P-1	19 T30 21 
P9	19 T31 32 
P3	20 T32 39 
P-1	22 T33 33 
P2	22 T34 36 
P-1	23 T35 31 
P-1	24 T36 27 
P4	24 T37 35 
P5	24 T38 37 
P-1	27 T39 34 
P9	33 T40 35 
NMec = 97880
Viable Sol. = 224057466605
Profit = 57377
T = 41
P = 10
Profits not ignored
Solution time = 2.622e+03
Task data
00    0  14  2775
01    0  39  6944
02    1  21  4491
03    2  10   563
04    3   9  1278
05    4  20  2727
06    4  37  4834
07    5  21  1711
08    7  38  5503
09    8  11   733
10    9  18  1490
11   10  16  1298
12   10  38  3277
13   11  24  1378
14   11  30  1960
15   12  19  1742
16   12  20   898
17   12  20  2214
18   12  26  2349
19   13  30  2115
20   13  35  5091
21   14  24  1827
22   15  27  2567
23   15  27  3133
24   15  40  4646
25   16  20  1059
26   16  23  1578
27   16  37  2536
28   18  19   224
29   18  34  2749
30   19  21   411
31   19  32  1890
32   20  39  2398
33   22  33  1271
34   22  36  2579
35   23  31   756
36   24  27   372
37   24  35  2545
38   24  37  2266
39   27  34   798
40   33  35   668
End
