0	-1
1	0
2	-1
3	-1
4	-1
5	0
6	-1
7	0
8	-1
9	0
10	0
11	0
12	-1
13	-1
14	-1
15	0
16	0
17	-1
R NMec = 2020
T = 18
P = 1
Biggest P = 19119
Casos  viaveis= 2742
Profits not ignored
Solution time = 8.720e-05
Task data
   10  23  2377
   20  40  4520
   22  43  1940
   27  47  2554
   42  50   940
   45  57  1329
   47 152  7519
   67  80  1730
   77  89  2557
   81 105  3087
  108 121  2822
  122 127   347
  122 132  1682
  123 131  1290
  125 135  2117
  131 138  1988
  155 172  3296
  162 166   784
End
