0	0
1	1
2	2
3	3
4	4
5	5
6	6
7	-1
8	-1
9	-1
10	7
11	-1
12	1
13	-1
14	-1
15	8
16	-1
17	2
R NMec = 2020
T = 18
P = 9
Biggest P = 30512
Casos  viaveis= 201122
Profits not ignored
Solution time = 9.580e-03
Task data
    0  23  6484
    1   6   777
    1  12  1529
    1  17  3103
    2  15  2495
    2  23  3149
    2  27  3132
    3  17  1310
    4  11  1438
    6  14   702
    6  23  2914
    7  16  1622
    7  26  2017
    8  12   841
    8  24  1888
    9  29  2269
   11  21  1182
   13  24  2643
End
