0	0
1	1
2	0
3	1
4	-1
5	0
6	-1
7	-1
8	-1
9	-1
10	0
11	-1
12	-1
13	1
14	-1
15	-1
16	-1
17	0
R NMec = 2020
T = 18
P = 2
Biggest P = 21162
Casos  viaveis= 9220
Profits not ignored
Solution time = 4.014e-04
Task data
    0   8  1283
    3  12  1050
   16  29  3404
   25  50  3826
   29  39  1325
   32  33   381
   37  58  3639
   38  78  4172
   39  44   837
   39  53  1290
   41  65  5330
   43  62  2190
   49  62  1805
   51  81  4502
   53  60  1114
   53  74  1879
   61  72  2500
   69  81  1386
End
