0	0
1	-1
2	1
3	2
4	-1
5	3
6	4
7	-1
8	5
9	-1
10	6
11	-1
12	7
13	3
14	-1
15	1
16	4
17	0
R NMec = 2020
T = 18
P = 8
Biggest P = 19746
Casos  viaveis= 189338
Profits not ignored
Solution time = 6.863e-03
Task data
    2  18  2269
    2  19  1893
    6  15  1453
    6  20  2230
    6  21  1362
    9  12   359
    9  16  1345
    9  27  1491
   10  18  2240
   10  20  1351
   10  28  2024
   11  17   951
   12  29  2174
   13  29  2303
   14  21   749
   16  21   997
   18  25   875
   20  29  1477
End
