0	0
1	1
2	2
3	-1
4	1
5	-1
6	-1
7	0
8	-1
9	-1
10	2
11	-1
12	-1
13	1
14	-1
15	-1
16	0
17	-1
R NMec = 2020
T = 18
P = 3
Biggest P = 22416
Casos  viaveis= 20042
Profits not ignored
Solution time = 9.965e-04
Task data
    2  23  4336
    6  13  1292
   10  24  2482
   14  31  2208
   17  31  2455
   21  27   584
   26  37  1418
   27  38  2407
   27  41  2176
   30  49  1417
   31  50  3920
   33  48  1246
   33  50  2043
   34  58  3262
   36  50  2020
   36  50  1403
   40  51  2262
   40  53  1163
End
