0	0
1	1
2	2
3	-1
4	3
5	2
6	0
7	2
8	-1
9	-1
10	-1
11	1
12	-1
13	0
14	2
15	-1
16	-1
17	3
R NMec = 2020
T = 18
P = 4
Biggest P = 23322
Casos  viaveis= 101744
Profits not ignored
Solution time = 3.994e-03
Task data
    0  16  1893
    2  24  3033
    3   8   573
    8  23  1259
    8  33  4026
    9  13   469
   18  25  1358
   20  26   953
   20  30  1152
   22  29   897
   22  32   953
   25  44  4976
   26  35  1325
   27  44  2751
   29  42  2085
   33  36   552
   33  37   879
   35  39  1205
End
