0	-1
1	0
2	-1
3	1
4	2
5	3
6	-1
7	4
8	-1
9	-1
10	2
11	-1
12	3
13	0
14	-1
15	-1
16	3
17	2
R NMec = 2020
T = 18
P = 5
Biggest P = 21246
Casos  viaveis= 125194
Profits not ignored
Solution time = 6.654e-03
Task data
    0  17  1443
    0  20  3229
    2  30  2454
    2  31  4193
    3  16  2746
    4  18  1812
    6  15  1693
    7  29  3582
   11  22   943
   13  18   731
   19  29  1514
   20  23   495
   20  28  1236
   21  34  2622
   22  25   522
   23  34  1191
   29  30   115
   30  31   197
End
