0	0
1	-1
2	1
3	-1
4	2
5	3
6	-1
7	4
8	5
9	-1
10	-1
11	0
12	-1
13	-1
14	-1
15	-1
16	0
17	2
R NMec = 2020
T = 18
P = 6
Biggest P = 22545
Casos  viaveis= 66495
Profits not ignored
Solution time = 2.290e-03
Task data
    0   8  1032
    1  18  2689
    2  22  4861
    2  24  2494
    3  16  3075
    3  24  2775
    4  16  2005
    5  25  2692
    7  29  3143
    8  23  1592
    8  29  1588
    9  15  1986
    9  19  1346
    9  21  2330
   11  19  2148
   12  26  1799
   16  29  1481
   20  28  1500
End
