0	0
1	1
2	2
3	3
4	4
5	5
6	6
7	-1
8	0
9	1
10	7
11	8
12	-1
13	9
14	-1
15	4
16	5
17	6
R NMec = 2020
T = 18
P = 10
Biggest P = 35785
Casos  viaveis= 259184
Profits not ignored
Solution time = 9.097e-03
Task data
    0   6   848
    2   8  1035
    2  27  4176
    2  29  4396
    4  14  2017
    5  18  2580
    6  16  2454
    8  17  1272
    9  27  3574
    9  27  1760
    9  29  5251
   10  27  1428
   12  19   928
   13  24  2781
   14  16   631
   17  25  2080
   19  26   715
   23  27   690
End
