0	0
1	1
2	2
3	3
4	4
5	-1
6	5
7	-1
8	-1
9	-1
10	0
11	-1
12	5
13	-1
14	-1
15	-1
16	2
17	3
18	4
R NMec = 2020
T = 19
P = 6
Biggest P = 23675
Casos  viaveis= 217904
Profits not ignored
Solution time = 1.443e-02
Task data
    0   5   394
    0  31  4274
    1  15  1575
    2  14  1854
    2  15  1330
    2  26  2257
    3   9   559
    5  17  1328
    6  11   533
    6  17  1109
    6  20  2940
    6  27  2407
   10  31  4336
   12  17   697
   12  20  1321
   14  31  1154
   16  31  1587
   17  28  3082
   20  27  1744
End
