0	-1
1	0
2	-1
3	-1
4	-1
5	0
6	-1
7	-1
8	0
9	0
10	-1
11	-1
12	0
13	0
14	-1
15	-1
16	0
17	-1
18	-1
R NMec = 2020
T = 19
P = 1
Biggest P = 17834
Casos  viaveis= 7344
Profits not ignored
Solution time = 4.088e-04
Task data
    1  21  1607
    2  21  3749
    4  15  2774
   33  45  2682
   33  45  1546
   35  60  6888
   48  53   707
   51  69  1560
   68  87  2142
  124 134   903
  127 141  1752
  129 138   683
  135 152  2011
  158 167   816
  166 172   768
  173 183  1254
  174 184  1325
  179 182   354
  183 188   751
End
