0	0
1	1
2	2
3	-1
4	3
5	-1
6	-1
7	-1
8	3
9	-1
10	0
11	1
12	-1
13	-1
14	1
15	1
16	0
17	1
18	2
R NMec = 2020
T = 19
P = 4
Biggest P = 28041
Casos  viaveis= 168688
Profits not ignored
Solution time = 3.867e-03
Task data
    0  11  1798
    0  11  1437
    1  36  8575
    2  14  1219
    3   7  1286
    4  24  2651
    6  10   555
    6  18  1809
    9  33  4223
   10  20  1026
   12  30  3727
   13  16   794
   13  25  1174
   19  24   848
   22  26  1140
   30  33   420
   33  45  1070
   34  47  1624
   37  45  1947
End
