0	0
1	1
2	2
3	-1
4	0
5	1
6	-1
7	-1
8	-1
9	2
10	0
11	-1
12	1
13	2
14	-1
15	-1
16	-1
17	1
18	0
R NMec = 2020
T = 19
P = 3
Biggest P = 23195
Casos  viaveis= 149816
Profits not ignored
Solution time = 5.127e-03
Task data
    2   5   675
    2  13  1666
    4  27  2647
   11  17   709
   14  29  3008
   14  30  2245
   24  38  1417
   27  35   710
   29  37   605
   29  38  2353
   35  50  4071
   36  47  1458
   41  43   368
   42  56  3487
   44  53  1306
   46  47   183
   46  51   755
   47  60  2243
   59  62   432
End
