0	0
1	1
2	2
3	-1
4	3
5	4
6	5
7	-1
8	-1
9	0
10	6
11	-1
12	-1
13	2
14	-1
15	-1
16	5
17	-1
18	3
R NMec = 2020
T = 19
P = 7
Biggest P = 30569
Casos  viaveis= 262218
Profits not ignored
Solution time = 1.102e-02
Task data
    0   7  1551
    1  28  3400
    2  11   832
    3  27  2149
    5  21  1871
    5  25  3636
    6  15  1671
    6  21  1428
    8  16  1507
    8  25  5063
    8  28  5861
   10  27  1545
   11  27  2443
   12  23  2744
   14  23   842
   14  24  2075
   17  28  2716
   20  24   361
   23  28  1224
End
