0	0
1	-1
2	-1
3	1
4	-1
5	-1
6	1
7	-1
8	-1
9	-1
10	-1
11	-1
12	-1
13	-1
14	-1
15	-1
16	0
17	0
18	-1
R NMec = 2020
T = 19
P = 2
Biggest P = 23099
Casos  viaveis= 17350
Profits not ignored
Solution time = 4.252e-04
Task data
   12  72  9149
   13  30  4936
   14  18  1260
   16  27  2564
   26  42  2124
   26  88  7348
   29  90  8690
   30  71  4035
   31  33   313
   43  56  2038
   45  56  2380
   51  56  1079
   51  58  1918
   54  70  2559
   58  64  1404
   70  89  1695
   74  76   699
   77  94  1997
   86  92  1789
End
