0	0
1	1
2	2
3	3
4	4
5	-1
6	-1
7	0
8	3
9	-1
10	-1
11	-1
12	-1
13	4
14	1
15	-1
16	-1
17	-1
18	2
R NMec = 2020
T = 19
P = 5
Biggest P = 24031
Casos  viaveis= 165826
Profits not ignored
Solution time = 8.374e-03
Task data
    1   8   768
    1  14  1028
    3  19  2427
    4  10   806
    4  11  1574
    4  22  2147
    7   8   472
    9  27  5109
   11  35  5654
   12  33  2871
   13  14   357
   13  32  1861
   13  36  2884
   14  34  3019
   16  32  2622
   18  37  2312
   19  27  1013
   19  29  2250
   26  33  1024
End
