0	0
1	1
2	-1
3	2
4	3
5	4
6	5
7	6
8	-1
9	-1
10	-1
11	7
12	-1
13	-1
14	1
15	6
16	2
17	5
18	6
R NMec = 2020
T = 19
P = 8
Biggest P = 31394
Casos  viaveis= 403338
Profits not ignored
Solution time = 2.502e-02
Task data
    0  25  3737
    1  15  3059
    1  18  1591
    3  19  2921
    3  28  5287
    4  22  3118
    5  19  3518
    6  17  1317
    7  15   998
   10  20  1222
   12  21  1108
   12  26  3070
   14  16   741
   15  17   491
   16  24  2349
   18  20   778
   20  23   819
   20  28   879
   22  26   542
End
