0	0
1	1
2	2
3	3
4	4
5	-1
6	5
7	-1
8	6
9	-1
10	-1
11	7
12	8
13	-1
14	-1
15	4
16	0
17	0
18	1
R NMec = 2020
T = 19
P = 9
Biggest P = 37659
Casos  viaveis= 436868
Profits not ignored
Solution time = 2.709e-02
Task data
    0  13  1695
    0  20  3169
    0  24  4549
    0  25  6899
    3  10  1292
    4  14  1458
    4  21  3491
    8  12   719
    8  24  3906
    9  20  1892
    9  22  1774
    9  29  5050
   10  24  3259
   10  26  2768
   11  27  1643
   11  28  1968
   17  19   557
   20  23   807
   23  27  1017
End
