0	0
1	1
2	2
3	3
4	4
5	-1
6	5
7	1
8	-1
9	6
10	7
11	8
12	3
13	9
14	-1
15	5
16	-1
17	8
18	0
R NMec = 2020
T = 19
P = 10
Biggest P = 34870
Casos  viaveis= 515292
Profits not ignored
Solution time = 2.292e-02
Task data
    1  21  3067
    3   8   765
    3  24  5739
    4  12   774
    7  24  3545
    8  13   555
    8  17  1747
    9  27  2771
   10  26  1983
   10  27  4728
   10  29  2367
   11  14   802
   13  28  2263
   13  29  2372
   16  23  1048
   19  28  1578
   20  27   712
   20  29  1374
   22  29   978
End
