0	0
1	1
2	2
3	-1
4	3
5	-1
6	-1
7	4
8	-1
9	5
10	-1
11	6
12	-1
13	-1
14	2
15	0
16	-1
17	3
18	5
19	-1
R NMec = 2020
T = 20
P = 7
Biggest P = 24762
Casos  viaveis= 482457
Profits not ignored
Solution time = 1.891e-02
Task data
    0   9  1418
    0  25  2556
    1   8  1137
    1  19  2391
    3  11  1946
    4  19  2467
    5  16  1192
    5  18  2921
    5  29  2285
    6  15  1790
    6  15  1451
    6  18  2999
    8  24  1928
    9  10   313
    9  25  3678
   13  29  3073
   14  24  1968
   15  27  2211
   17  25  1033
   18  21   801
End
