0	0
1	1
2	-1
3	-1
4	-1
5	0
6	2
7	-1
8	0
9	2
10	-1
11	-1
12	-1
13	0
14	0
15	-1
16	-1
17	-1
18	-1
19	-1
R NMec = 2020
T = 20
P = 3
Biggest P = 27364
Casos  viaveis= 70394
Profits not ignored
Solution time = 2.809e-03
Task data
    2   6   438
    6  66  8130
   10  62  4502
   11  33  2194
   12  17   875
   12  18  1723
   12  21  1216
   20  37  1194
   21  30  1804
   25  66  7296
   26  52  3859
   27  36  1146
   28  34  1325
   34  38   909
   41  64  5848
   42  51  1310
   42  53  1705
   43  63  4408
   45  62  3074
   48  51   293
End
