0	0
1	-1
2	1
3	2
4	3
5	-1
6	-1
7	4
8	5
9	6
10	-1
11	7
12	-1
13	8
14	-1
15	0
16	3
17	1
18	-1
19	-1
R NMec = 2020
T = 20
P = 9
Biggest P = 35693
Casos  viaveis= 854812
Profits not ignored
Solution time = 3.736e-02
Task data
    0   6  1094
    0   7   947
    0  11  2741
    1  24  3759
    2  10  2000
    2  13  1757
    2  13  1175
    2  21  3914
    2  24  4024
    2  24  3998
    2  29  2782
    5  20  3918
    5  21  1722
    6  21  3515
    7  15  1412
    7  26  3180
   11  22  1817
   15  28  1733
   16  23  1189
   20  28  1554
End
