0	0
1	1
2	2
3	3
4	-1
5	4
6	5
7	-1
8	-1
9	-1
10	6
11	-1
12	-1
13	0
14	7
15	-1
16	1
17	0
18	2
19	1
R NMec = 2020
T = 20
P = 8
Biggest P = 23905
Casos  viaveis= 721568
Profits not ignored
Solution time = 2.016e-02
Task data
    0   8  1364
    0  10  1700
    0  16  1826
    0  29  4055
    1  15  1645
    2  16  2550
    2  28  1786
    3  10  1518
    4  10   651
    6  11  1410
    6  21  2653
    7  11   589
    7  13   587
    9  18  1931
    9  20  2406
    9  21   920
   12  21  1382
   19  27  1127
   20  23   526
   23  26   599
End
