0	0
1	-1
2	0
3	0
4	-1
5	-1
6	-1
7	1
8	0
9	-1
10	-1
11	1
12	-1
13	-1
14	-1
15	-1
16	1
17	-1
18	-1
19	-1
R NMec = 2020
T = 20
P = 2
Biggest P = 28270
Casos  viaveis= 22632
Profits not ignored
Solution time = 6.355e-04
Task data
    0   8  1716
    3  96  6820
   11  17   553
   25  33  2386
   26  36  2331
   26  66  5176
   27  35   893
   29  51  5186
   43  99 10755
   47  62  1264
   58  75  3912
   60  69  1321
   66  75   750
   69  77  1458
   72  86  1724
   74  82   784
   74  99  6353
   75  83   621
   82  95  1258
   88  99  1286
End
