0	0
1	1
2	2
3	3
4	4
5	5
6	-1
7	-1
8	-1
9	0
10	-1
11	-1
12	-1
13	-1
14	-1
15	3
16	1
17	4
18	-1
19	5
R NMec = 2020
T = 20
P = 6
Biggest P = 29448
Casos  viaveis= 349370
Profits not ignored
Solution time = 1.434e-02
Task data
    0   5   390
    0  19  4450
    0  32  5539
    3  16  2401
    4  19  1688
    4  26  3339
    5  26  2124
    7  18  1546
   10  26   931
   10  28  3753
   11  31  2007
   13  20  1572
   14  21   916
   17  27  1714
   17  31  1450
   18  31  3700
   21  30  1668
   22  29  1254
   26  32   581
   27  32  1266
End
