0	-1
1	-1
2	-1
3	0
4	1
5	-1
6	2
7	3
8	4
9	-1
10	-1
11	-1
12	-1
13	0
14	1
15	-1
16	3
17	0
18	-1
19	2
R NMec = 2020
T = 20
P = 5
Biggest P = 22507
Casos  viaveis= 284811
Profits not ignored
Solution time = 1.861e-02
Task data
    1  14  1232
    3  29  2779
    4  17  1089
    4  18  1648
    4  19  2348
    5  16   785
    6  28  3411
    8  22  1700
    9  29  4539
   10  23  2135
   12  29  1376
   13  21   737
   19  27   738
   20  23  1137
   21  39  3242
   22  35  1891
   23  37  1702
   25  34  1768
   28  37   775
   33  36  1012
End
