0	0
1	-1
2	-1
3	-1
4	-1
5	-1
6	0
7	-1
8	-1
9	-1
10	-1
11	-1
12	-1
13	-1
14	-1
15	-1
16	-1
17	-1
18	0
19	-1
R NMec = 2020
T = 20
P = 1
Biggest P = 29784
Casos  viaveis= 12990
Profits not ignored
Solution time = 3.024e-04
Task data
    9  25  3939
   10  16   758
   12  19  1432
   15  29  1159
   16  18   517
   20  22   340
   33 166 25090
   50  52   634
   53  70  2047
   54  68  1176
   59  73  1394
   70  73   678
   76  99  4388
   98 115  1190
  118 121   409
  138 144   958
  149 173  4288
  160 166  1046
  178 190   755
  182 189   714
End
