0	-1
1	0
2	-1
3	1
4	2
5	-1
6	3
7	-1
8	-1
9	1
10	-1
11	-1
12	-1
13	0
14	-1
15	-1
16	0
17	1
18	3
19	0
R NMec = 2020
T = 20
P = 4
Biggest P = 36148
Casos  viaveis= 155510
Profits not ignored
Solution time = 5.301e-03
Task data
    1  17  2886
    1  17  4741
    1  21  2220
    2  13  1548
    3  49  8218
    5  29  6188
    8  34  7669
    9  20  1483
   10  14   875
   14  26  3400
   15  30  3447
   20  39  2016
   20  48  2407
   22  25   251
   22  38  3392
   24  42  2397
   26  41  3944
   28  42  4228
   38  48  1354
   43  49   795
End
