0	0
1	1
2	2
3	3
4	4
5	5
6	6
7	7
8	3
9	8
10	4
11	-1
12	5
13	9
14	-1
15	2
16	6
17	4
18	2
19	3
R NMec = 2020
T = 20
P = 10
Biggest P = 42123
Casos  viaveis= 1041792
Profits not ignored
Solution time = 3.846e-02
Task data
    0  27  6297
    0  29  5288
    1  12  1461
    3   5   593
    3   8   559
    3  10   807
    5  13  1183
    5  29  6715
    6  21  1840
    6  27  4685
    9  19  1049
   11  22  1801
   11  27  4014
   11  28  2432
   12  22   987
   15  22  1171
   18  29  1536
   20  27  1547
   24  26   466
   25  26   480
End
