0	0
1	0
2	0
3	-1
4	-1
5	-1
6	-1
7	-1
8	-1
9	-1
10	-1
11	-1
12	-1
13	-1
14	-1
15	-1
16	-1
17	-1
18	-1
19	-1
20	0
R NMec = 2020
T = 21
P = 1
Biggest P = 37619
Casos  viaveis= 23932
Profits not ignored
Solution time = 5.616e-04
Task data
    9  20   807
   23  29   680
   32 185 34013
   35  61  4101
   40  60  3695
   51  76  4173
   66  84  3291
   70  81  1502
   73  82  1414
   91  98   873
  106 114  1281
  111 125  1704
  119 137  2259
  120 137  1822
  122 127  1183
  133 145  1200
  144 163  3532
  164 170   886
  178 195  2099
  195 205  1830
  197 207  2119
End
