0	0
1	-1
2	1
3	2
4	3
5	-1
6	4
7	-1
8	-1
9	-1
10	-1
11	1
12	1
13	-1
14	2
15	-1
16	3
17	0
18	0
19	1
20	3
R NMec = 2020
T = 21
P = 5
Biggest P = 23954
Casos  viaveis= 470034
Profits not ignored
Solution time = 2.519e-02
Task data
    0  19  3155
    2  23  2755
    3  14  2735
    3  14  2358
    4  13  2085
    6  21   897
    7  32  4810
    9  19  1397
   12  34  3574
   12  36  2374
   13  19   745
   15  16   326
   17  25  1916
   17  32  1436
   17  34  1655
   18  34  1555
   19  26  1559
   21  22   503
   23  37  1121
   29  37  1467
   34  37   264
End
