0	0
1	1
2	2
3	3
4	-1
5	4
6	5
7	-1
8	-1
9	-1
10	-1
11	-1
12	2
13	-1
14	3
15	-1
16	0
17	-1
18	4
19	5
20	-1
R NMec = 2020
T = 21
P = 6
Biggest P = 26696
Casos  viaveis= 664387
Profits not ignored
Solution time = 5.121e-02
Task data
    0  19  2180
    0  28  3362
    1  14  1525
    4  15  3126
    4  31  3263
    6  18  2606
    7  16  2122
    7  17  1171
    7  27  2535
   11  19  1289
   12  21   875
   15  30  1984
   15  31  3408
   16  26   891
   17  25  2475
   19  28   876
   20  27  1977
   20  28  1380
   20  30  2066
   22  33  1849
   24  31  1832
End
