0	0
1	1
2	-1
3	2
4	-1
5	-1
6	-1
7	-1
8	3
9	0
10	0
11	-1
12	-1
13	1
14	-1
15	-1
16	-1
17	-1
18	-1
19	3
20	2
R NMec = 2020
T = 21
P = 4
Biggest P = 33744
Casos  viaveis= 379340
Profits not ignored
Solution time = 2.651e-02
Task data
    0  14  3113
    2  24  3484
    3  15  1233
    5  42  8127
    5  47  4241
    8  16   801
   10  37  4001
   12  22  1188
   14  34  5075
   16  22  1158
   23  46  4884
   24  29   501
   25  32   954
   27  45  5353
   29  42  1696
   34  39   665
   34  42  2112
   37  52  1773
   38  49  1094
   40  52  2025
   45  48   525
End
