0	0
1	1
2	2
3	-1
4	1
5	-1
6	-1
7	-1
8	-1
9	1
10	-1
11	2
12	-1
13	-1
14	-1
15	-1
16	-1
17	2
18	-1
19	2
20	1
R NMec = 2020
T = 21
P = 3
Biggest P = 34196
Casos  viaveis= 68454
Profits not ignored
Solution time = 4.708e-03
Task data
    1  69 15820
    4  11  1499
    4  13  2221
   11  47  4328
   21  26   721
   21  63  5572
   26  40  1856
   27  33  1625
   28  40  1436
   28  51  6265
   29  37   956
   30  41  3243
   31  39   907
   32  54  3229
   36  44  1387
   37  40   516
   38  57  2488
   44  48   644
   47  61  2524
   50  69  2538
   54  63  1245
End
