0	-1
1	0
2	1
3	2
4	3
5	-1
6	-1
7	4
8	5
9	6
10	7
11	8
12	-1
13	-1
14	0
15	1
16	-1
17	3
18	-1
19	4
20	5
R NMec = 2020
T = 21
P = 9
Biggest P = 34779
Casos  viaveis= 1855836
Profits not ignored
Solution time = 8.888e-02
Task data
    0   3   954
    0   6  1225
    0   9  2515
    0  22  3333
    1   7  1345
    1  17  1570
    2  11   858
    3  13  1618
    3  15  2681
    3  19  3152
    3  20  2499
    3  27  6612
    5  19  1497
    9  16   845
    9  22  2383
   10  20  1968
   12  22  1073
   13  25  2700
   15  25   976
   15  25  1333
   19  29  1415
End
