0	0
1	0
2	1
3	-1
4	0
5	-1
6	-1
7	-1
8	-1
9	-1
10	-1
11	1
12	-1
13	-1
14	-1
15	1
16	-1
17	-1
18	-1
19	-1
20	1
R NMec = 2020
T = 21
P = 2
Biggest P = 36097
Casos  viaveis= 57864
Profits not ignored
Solution time = 1.427e-03
Task data
    6  10   702
   12  19  1389
   12  36  4078
   15  32  2256
   23 104 21658
   25  37  1401
   27  51  2890
   29  47  2766
   38  84  3048
   40  48  1171
   43  60  2137
   46  57  3070
   50  55  1270
   53  58   716
   69  79  1182
   70  97  4717
   71  92  2130
   74  94  1402
   76  96  4191
   81  91   877
  101 104   483
End
