0	0
1	1
2	2
3	3
4	-1
5	4
6	5
7	6
8	7
9	-1
10	2
11	-1
12	-1
13	3
14	-1
15	5
16	6
17	-1
18	2
19	0
20	1
R NMec = 2020
T = 21
P = 8
Biggest P = 27192
Casos  viaveis= 1780204
Profits not ignored
Solution time = 7.777e-02
Task data
    0  16  2059
    0  16  3393
    1   4   659
    2   7   749
    2  12   805
    2  17  4606
    3  11   787
    3  12  2107
    4  29  2552
    6   9   562
    6  14   777
    6  16  1073
    8  25  1581
    9  29  2063
   12  16  1105
   12  29  1904
   13  22  1690
   13  29  1149
   16  23  1448
   19  29  1435
   20  24   963
End
