0	0
1	1
2	-1
3	2
4	-1
5	0
6	3
7	4
8	5
9	6
10	-1
11	0
12	7
13	8
14	9
15	-1
16	-1
17	-1
18	5
19	3
20	9
R NMec = 2020
T = 21
P = 10
Biggest P = 34099
Casos  viaveis= 1802472
Profits not ignored
Solution time = 9.516e-02
Task data
    0   2   352
    1  20  2503
    1  25  2417
    1  26  3616
    2  15  1547
    3   6   892
    3  17  2981
    3  25  3868
    4  14  1863
    6  24  2430
    7  24  2114
    7  26  3107
    8  27  3622
    8  28  2801
   10  16  1760
   12  27  1850
   13  20  1212
   14  24  1547
   15  25   951
   18  27  1589
   19  25  1764
End
