0	0
1	1
2	2
3	3
4	4
5	5
6	-1
7	2
8	6
9	-1
10	7
11	-1
12	-1
13	0
14	-1
15	8
16	-1
17	6
18	3
19	0
20	1
21	2
R NMec = 2020
T = 22
P = 9
Biggest P = 29219
Casos  viaveis= 3417824
Profits not ignored
Solution time = 8.548e-02
Task data
    1  10   664
    1  18  2816
    2   5   960
    3  15  2123
    5  19  3508
    5  23  3740
    6  16  1667
    6  24  2924
    8  13   525
    8  16  1597
    9  22  2094
   10  19  1091
   10  23  1484
   12  19  2120
   13  20   998
   13  23  2438
   13  24  1419
   15  22  2120
   18  24  1085
   22  28  1110
   25  27   554
   26  28   438
End
