0	0
1	1
2	-1
3	-1
4	-1
5	-1
6	0
7	2
8	-1
9	-1
10	1
11	-1
12	2
13	-1
14	0
15	0
16	-1
17	1
18	-1
19	0
20	2
21	1
R NMec = 2020
T = 22
P = 3
Biggest P = 23927
Casos  viaveis= 730568
Profits not ignored
Solution time = 3.884e-02
Task data
    7  14  1099
    7  25  2936
    9  28  1588
   13  27  1447
   16  26  1294
   17  31  1577
   18  44  4556
   19  36  2447
   22  44  1569
   32  48  1583
   33  43  1905
   34  44   856
   39  56  2696
   41  44   437
   46  48   204
   49  56  2228
   50  57   911
   51  60  1291
   55  61   618
   59  70  1488
   60  72  2339
   62  66   738
End
