0	0
1	1
2	-1
3	-1
4	0
5	1
6	-1
7	-1
8	0
9	-1
10	-1
11	-1
12	-1
13	0
14	-1
15	1
16	-1
17	-1
18	-1
19	0
20	1
21	0
R NMec = 2020
T = 22
P = 2
Biggest P = 23247
Casos  viaveis= 158098
Profits not ignored
Solution time = 8.858e-03
Task data
    1  11  2642
    3  16  1344
    6  30  2106
   14  35  2314
   20  28  1960
   26  46  4316
   27  30   405
   31  39   870
   31  43  1870
   34  44  1652
   37  55  2434
   40  54  1606
   41  54  2085
   46  69  4897
   50  61  1390
   50  72  3850
   52  58  1205
   61  69  1592
   68  83  1976
   78  83   591
   83  93  1544
   90  92   233
End
