0	0
1	1
2	2
3	-1
4	3
5	-1
6	-1
7	4
8	5
9	-1
10	-1
11	-1
12	-1
13	-1
14	1
15	-1
16	-1
17	-1
18	-1
19	-1
20	2
21	3
R NMec = 2020
T = 22
P = 6
Biggest P = 32877
Casos  viaveis= 660029
Profits not ignored
Solution time = 2.671e-02
Task data
    0  28  6477
    2   9   777
    2  18  4535
    2  33  3348
    3  24  5903
    5  12   494
    6  20  1469
    6  26  3882
    6  29  3450
    8  24  3202
    8  25  1285
    9  16   794
   10  35  2425
   11  17  1023
   12  27  3408
   13  20  1130
   16  20   343
   18  23   673
   19  27  1890
   19  33  1294
   19  33  2994
   26  36  1451
End
