0	-1
1	0
2	1
3	2
4	-1
5	3
6	-1
7	2
8	4
9	-1
10	-1
11	-1
12	-1
13	-1
14	0
15	-1
16	-1
17	3
18	2
19	1
20	2
21	4
R NMec = 2020
T = 22
P = 5
Biggest P = 30428
Casos  viaveis= 975781
Profits not ignored
Solution time = 3.082e-02
Task data
    2  12  1258
    2  18  3853
    2  27  4218
    3   9   744
    3  13  1365
    4  15  3014
    5  24  2137
   10  24  3042
   11  34  4750
   11  35  3911
   17  38  1769
   17  40  2341
   18  28  2382
   21  35  2325
   21  41  3233
   22  24   750
   23  31  2303
   24  39  2596
   26  31  1377
   31  39  1111
   34  41  1995
   38  42   495
End
