0	0
1	-1
2	1
3	-1
4	2
5	-1
6	-1
7	3
8	4
9	5
10	-1
11	-1
12	-1
13	-1
14	-1
15	6
16	-1
17	-1
18	-1
19	0
20	4
21	2
R NMec = 2020
T = 22
P = 7
Biggest P = 28617
Casos  viaveis= 664662
Profits not ignored
Solution time = 2.643e-02
Task data
    0  11  1182
    0  18  2489
    1  26  3369
    3  15  1243
    3  23  3431
    4  22  1377
    4  25  1545
    5  24  4020
    6  17  2096
    6  31  3448
    7  25  2033
    8  16  1197
    9  21  1833
    9  26  2057
   10  28  2811
   10  31  5455
   11  20  2120
   12  24  2300
   14  27  1442
   14  27  2591
   18  25  1971
   25  31  1054
End
