0	0
1	1
2	2
3	-1
4	-1
5	-1
6	0
7	3
8	-1
9	4
10	-1
11	5
12	-1
13	6
14	7
15	-1
16	-1
17	2
18	-1
19	1
20	4
21	0
R NMec = 2020
T = 22
P = 8
Biggest P = 28324
Casos  viaveis= 2902334
Profits not ignored
Solution time = 8.748e-02
Task data
    0   2   380
    0  11  2475
    1   8  1241
    3   7   511
    3   9   681
    3  22  2142
    4  17  2044
    4  23  3034
    5   7   519
    5  13  1945
    5  16  1057
    5  24  3802
    7  20  2000
    7  24  2499
    7  28  2900
    9  17   758
   11  21  1713
   11  26  3311
   12  20   718
   15  25  1658
   17  27  1444
   21  28  1591
End
