0	0
1	1
2	2
3	3
4	2
5	0
6	-1
7	-1
8	-1
9	-1
10	-1
11	1
12	-1
13	-1
14	2
15	-1
16	0
17	1
18	-1
19	2
20	-1
21	0
R NMec = 2020
T = 22
P = 4
Biggest P = 31054
Casos  viaveis= 587648
Profits not ignored
Solution time = 2.496e-02
Task data
    1   8  1476
    2  16  2414
    5   7   390
    5  52  6012
    8  24  3180
    9  29  4872
   15  23  2295
   16  29  2480
   18  39  1789
   21  27   804
   21  43  2908
   24  31  1041
   25  51  3375
   26  41  3608
   27  36  2300
   30  37  1189
   30  38  1528
   32  47  3908
   36  44   822
   37  46  1680
   38  42   360
   39  51  2253
End
