0	0
1	1
2	2
3	-1
4	-1
5	3
6	4
7	5
8	6
9	7
10	8
11	-1
12	0
13	9
14	-1
15	-1
16	-1
17	-1
18	2
19	1
20	6
21	0
R NMec = 2020
T = 22
P = 10
Biggest P = 34443
Casos  viaveis= 3531368
Profits not ignored
Solution time = 1.007e-01
Task data
    1   5  1023
    1  12  2735
    2  11  1097
    2  14  1173
    4  11   918
    4  21  2991
    4  28  3183
    4  29  2694
    5  14  2403
    5  20  2952
    5  28  4486
    7  16  1542
    7  23  2548
    8  25  2719
   11  18   874
   11  21  1948
   11  27  1970
   12  21  1267
   12  22  1993
   13  21  2045
   21  28  1045
   24  26   529
End
