0	0
1	-1
2	-1
3	-1
4	-1
5	0
6	-1
7	-1
8	-1
9	-1
10	-1
11	-1
12	-1
13	-1
14	-1
15	-1
16	-1
17	-1
18	-1
19	-1
20	0
21	0
22	-1
R NMec = 2020
T = 23
P = 1
Biggest P = 37128
Casos  viaveis= 52848
Profits not ignored
Solution time = 1.466e-03
Task data
   13  20  1495
   16  24   732
   27  35   939
   31  42  1127
   32 138 16055
   34 178 27638
   61  76  1264
   66  71   600
   81  86   653
   84  93  2870
   87  92   533
  101 118  3307
  115 134  3136
  121 141  2877
  131 136   794
  139 161  1883
  150 167  3983
  153 165  1392
  171 181   861
  171 189  2777
  182 194  1753
  195 215  6242
  203 216  2892
End
