0	0
1	1
2	2
3	-1
4	3
5	-1
6	-1
7	-1
8	-1
9	-1
10	-1
11	-1
12	-1
13	-1
14	2
15	0
16	-1
17	-1
18	0
19	-1
20	2
21	0
22	3
R NMec = 2020
T = 23
P = 4
Biggest P = 29039
Casos  viaveis= 763088
Profits not ignored
Solution time = 2.149e-02
Task data
    1  24  6402
    1  56  6305
    3  17  2325
    7  12   379
   11  51  6172
   12  35  2664
   13  27  1895
   13  49  3235
   14  19   879
   14  24  2447
   15  53  4112
   16  29  1174
   17  27  2087
   19  32  1460
   22  40  2615
   25  28   746
   33  39   947
   36  50  2057
   37  46  1536
   44  50   772
   46  55  1221
   48  55  1174
   53  57   543
End
