0	-1
1	0
2	1
3	-1
4	-1
5	2
6	3
7	4
8	-1
9	5
10	-1
11	6
12	-1
13	7
14	-1
15	8
16	-1
17	-1
18	0
19	2
20	-1
21	1
22	-1
R NMec = 2020
T = 23
P = 9
Biggest P = 37400
Casos  viaveis= 3953921
Profits not ignored
Solution time = 1.538e-01
Task data
    0  11  1197
    0  12  1275
    0  17  4283
    0  20  1939
    0  21  2228
    1  12  1740
    1  24  2614
    3  22  4809
    4  10   581
    4  20  3985
    6  18  1732
    6  29  4616
    7  25  1180
    7  26  3589
    8  27  1292
    9  28  4986
   10  21  2180
   10  24  1514
   13  21  1702
   14  24  1473
   17  21   608
   18  28  2328
   18  29  1175
End
