0	0
1	1
2	2
3	-1
4	3
5	-1
6	-1
7	1
8	-1
9	-1
10	-1
11	4
12	-1
13	-1
14	-1
15	0
16	-1
17	-1
18	3
19	-1
20	-1
21	-1
22	4
R NMec = 2020
T = 23
P = 5
Biggest P = 37447
Casos  viaveis= 985196
Profits not ignored
Solution time = 4.753e-02
Task data
    0  18  4354
    1   8  1459
    2  44  6781
    5  21  2447
    7  22  4020
    7  25  2954
   12  26  2015
   12  44  8010
   13  16   465
   13  23  1220
   13  30  1357
   15  32  4417
   16  26  2004
   17  21   792
   17  30  3125
   20  33  2737
   21  42  2260
   23  29  1234
   23  41  4746
   26  34  1048
   27  35  2087
   31  34   575
   33  41   923
End
