0	0
1	1
2	-1
3	-1
4	0
5	-1
6	-1
7	1
8	-1
9	-1
10	-1
11	-1
12	-1
13	-1
14	-1
15	-1
16	-1
17	-1
18	-1
19	-1
20	1
21	-1
22	-1
R NMec = 2020
T = 23
P = 2
Biggest P = 35181
Casos  viaveis= 127648
Profits not ignored
Solution time = 3.787e-03
Task data
    0   6   649
    0   8  1347
    0 113 10727
    5  18  2160
    8 111 16237
   10 114 10786
   13  21  1202
   17  95 14472
   18 113  9243
   24  31  1337
   27  45  3088
   41  58  2612
   42  67  6204
   48  52  1269
   56  70  2116
   68  77   893
   74  81  1091
   83 104  3673
   91 110  1595
   95  97   433
   97 112  2476
  106 114   881
  107 110   312
End
