0	-1
1	0
2	1
3	-1
4	-1
5	2
6	3
7	-1
8	4
9	5
10	-1
11	-1
12	-1
13	-1
14	-1
15	-1
16	6
17	-1
18	5
19	0
20	2
21	-1
22	-1
R NMec = 2020
T = 23
P = 7
Biggest P = 37496
Casos  viaveis= 1318442
Profits not ignored
Solution time = 5.357e-02
Task data
    0  15  1764
    1  15  2471
    1  23  5724
    2  18  1682
    2  18  2713
    2  18  4534
    2  24  4327
    3  27  2521
    5  32  5676
    6  13  2085
    6  21  3131
    8  23  2773
    9  23   958
   10  23  2218
   10  32  3554
   11  26  1530
   11  29  4397
   13  29  1497
   14  29  2785
   17  31  4135
   20  25  1362
   21  30  1002
   22  28   537
End
