0	0
1	1
2	2
3	-1
4	-1
5	0
6	3
7	4
8	-1
9	5
10	-1
11	3
12	-1
13	0
14	2
15	-1
16	-1
17	-1
18	3
19	-1
20	1
21	4
22	3
R NMec = 2020
T = 23
P = 6
Biggest P = 31786
Casos  viaveis= 3931886
Profits not ignored
Solution time = 1.283e-01
Task data
    0   4   789
    1  26  3742
    3  20  2448
    4  23  2071
    6   9   694
    6  16  1150
    7  11  1441
    8  29  3711
    9  24  1426
    9  38  5229
   15  28  2502
   16  24  2214
   19  29  2227
   20  37  4718
   21  37  1835
   22  36  1604
   24  37   811
   25  29   877
   25  31  1339
   27  36   874
   28  37  1116
   30  35  1608
   33  37   446
End
