0	0
1	1
2	2
3	3
4	4
5	5
6	6
7	-1
8	7
9	-1
10	-1
11	-1
12	-1
13	-1
14	-1
15	-1
16	-1
17	-1
18	-1
19	1
20	-1
21	-1
22	7
R NMec = 2020
T = 23
P = 8
Biggest P = 37089
Casos  viaveis= 1968509
Profits not ignored
Solution time = 8.923e-02
Task data
    1  29  7793
    2  12  1462
    2  24  4793
    2  26  5167
    2  28  2915
    3  27  3884
    3  29  4547
    5  18  1006
    6  19  2284
    7  14  1408
    7  15  1348
    7  24  2253
    7  29  1545
    9  22  1405
    9  26  1648
   10  16  1742
   12  23  1345
   12  27  2003
   12  27  2461
   15  28  3451
   16  22   732
   16  22   758
   22  28   793
End
