0	0
1	1
2	2
3	3
4	4
5	5
6	6
7	7
8	0
9	8
10	-1
11	-1
12	-1
13	-1
14	9
15	-1
16	-1
17	3
18	-1
19	6
20	-1
21	-1
22	6
R NMec = 2020
T = 23
P = 10
Biggest P = 40278
Casos  viaveis= 6011548
Profits not ignored
Solution time = 2.794e-01
Task data
    0   5   987
    0  28  3705
    0  29  8475
    1  14  2684
    2  23  3775
    3  28  3324
    5  16  1511
    5  28  3970
    6  26  3103
    8  26  1981
    9  17   756
    9  26  1382
    9  28  1895
   10  22   910
   10  27  2303
   10  29  1347
   11  21  1337
   15  26  3166
   16  21  1557
   18  19   485
   18  26  1095
   20  24   537
   21  27   809
End
