0	0
1	1
2	2
3	3
4	-1
5	-1
6	4
7	3
8	-1
9	-1
10	-1
11	5
12	6
13	7
14	-1
15	-1
16	-1
17	-1
18	-1
19	1
20	-1
21	-1
22	3
23	0
R NMec = 2020
T = 24
P = 8
Biggest P = 26951
Casos  viaveis= 3747010
Profits not ignored
Solution time = 1.699e-01
Task data
    0  18  1933
    2  10   614
    2  29  2825
    3   4   177
    3  24  1901
    4  16  1889
    4  25  3104
    5  14  2695
    5  19  2073
    6  19   797
    6  26  1781
    6  27  4350
    6  29  2462
    7  23  3480
    7  26  1632
    8  17   711
   10  21   731
   11  23  1288
   11  27  1139
   11  27  2052
   14  20  1104
   14  25  1629
   18  28  1976
   19  28  1283
End
