0	0
1	1
2	2
3	3
4	-1
5	-1
6	-1
7	2
8	4
9	-1
10	-1
11	1
12	-1
13	-1
14	-1
15	-1
16	-1
17	-1
18	0
19	-1
20	-1
21	2
22	0
23	3
R NMec = 2020
T = 24
P = 5
Biggest P = 35263
Casos  viaveis= 1702364
Profits not ignored
Solution time = 5.100e-02
Task data
    0  23  2423
    2  15  2922
    3   7   843
    4  29  5411
    5  18  1528
    6  25  3306
    6  28  2334
   10  31  5565
   10  47  7489
   12  16   797
   14  31  2411
   16  38  4151
   17  32  1872
   17  35  3962
   18  25  1522
   22  25   470
   22  38  1791
   23  27   543
   25  32  1316
   25  33   968
   26  41  1290
   32  41  1836
   33  40  1519
   33  41  1788
End
