0	0
1	1
2	2
3	3
4	-1
5	0
6	-1
7	-1
8	-1
9	2
10	-1
11	3
12	-1
13	-1
14	0
15	-1
16	-1
17	-1
18	-1
19	-1
20	2
21	0
22	2
23	0
R NMec = 2020
T = 24
P = 4
Biggest P = 31714
Casos  viaveis= 2878552
Profits not ignored
Solution time = 6.871e-02
Task data
    0  10  1532
    0  55  8321
    1   9   958
    1  23  2783
    2  17  1110
   12  24  3054
   12  24  1051
   14  24   983
   14  41  2243
   15  38  4026
   19  44  3516
   24  43  3047
   25  38  1435
   27  34   839
   29  41  2490
   33  34   241
   33  50  1233
   35  44   982
   36  40  1270
   40  45   774
   41  46  1417
   43  56  1583
   48  56  1898
   57  59   605
End
