0	0
1	1
2	-1
3	-1
4	2
5	-1
6	3
7	-1
8	-1
9	4
10	-1
11	5
12	0
13	-1
14	-1
15	-1
16	2
17	-1
18	-1
19	-1
20	1
21	3
22	5
23	2
R NMec = 2020
T = 24
P = 6
Biggest P = 32051
Casos  viaveis= 3067070
Profits not ignored
Solution time = 9.198e-02
Task data
    0  12  2372
    1  19  3118
    4  12   572
    4  23  4030
    5  13  1791
    5  23  1982
    6  15  1356
    6  16  1032
    6  24  1524
    9  31  5298
   10  24  2798
   10  30  5653
   13  36  2801
   15  30  1859
   16  30  2042
   18  29  1484
   18  32  3049
   19  24   520
   20  30  1324
   21  37  1555
   23  38  2770
   23  38  2956
   31  34   637
   35  38   250
End
