0	-1
1	0
2	-1
3	-1
4	-1
5	-1
6	-1
7	-1
8	-1
9	-1
10	-1
11	-1
12	-1
13	-1
14	-1
15	0
16	-1
17	0
18	-1
19	-1
20	-1
21	-1
22	0
23	-1
R NMec = 2020
T = 24
P = 1
Biggest P = 22265
Casos  viaveis= 39675
Profits not ignored
Solution time = 2.428e-03
Task data
    3  23  1829
    6 140 13140
    8  17  2255
   13  18   823
   26  39  1397
   35  41   410
   45  55  1692
   47  51   673
   47  58  2178
   48  61  3169
   68  80  1177
   80  89   790
   93 167  8360
  113 133  2436
  137 150  2923
  143 154  1973
  150 165  1987
  159 185  4281
  161 170  2394
  167 173   864
  172 176   373
  211 215  1269
  211 224  2871
  219 227   781
End
