0	0
1	1
2	2
3	-1
4	3
5	-1
6	4
7	-1
8	5
9	-1
10	6
11	-1
12	-1
13	-1
14	7
15	-1
16	-1
17	-1
18	8
19	-1
20	1
21	5
22	0
23	3
R NMec = 2020
T = 24
P = 9
Biggest P = 31178
Casos  viaveis= 6802072
Profits not ignored
Solution time = 2.062e-01
Task data
    0  20  4135
    1  19  2850
    1  26  4767
    2  22  1659
    2  24  3151
    3  12  1317
    3  26  2849
    5  28  1516
    6  15  1738
    6  16  1733
    7  26  4168
    8  19  1477
    8  22  1631
   10  19  1133
   10  20  2766
   10  20  1651
   10  21  1189
   10  23  1029
   11  24  1882
   11  25  1132
   20  26   640
   20  29   943
   23  25   701
   25  29   588
End
