0	0
1	1
2	2
3	3
4	4
5	-1
6	5
7	6
8	7
9	-1
10	8
11	-1
12	9
13	-1
14	0
15	4
16	-1
17	1
18	2
19	4
20	-1
21	2
22	7
23	0
R NMec = 2020
T = 24
P = 10
Biggest P = 36644
Casos  viaveis= 14500315
Profits not ignored
Solution time = 5.934e-01
Task data
    0  11  1589
    0  13  2133
    0  14  2095
    1  26  3328
    3  11  2634
    3  29  1876
    5  25  2370
    7  29  3475
    8  17  2080
    8  23  1072
    9  24  3016
   10  23  2143
   10  25  2433
   12  20  1142
   12  22  2044
   13  14   225
   15  25  1258
   15  28  1796
   16  18   508
   17  29  2741
   19  25   890
   19  28  1385
   19  28  2390
   23  24   402
End
