0	0
1	1
2	2
3	-1
4	-1
5	3
6	-1
7	4
8	-1
9	-1
10	-1
11	-1
12	-1
13	5
14	-1
15	6
16	-1
17	2
18	3
19	-1
20	7
21	-1
22	-1
23	1
24	5
R NMec = 2020
T = 25
P = 8
Biggest P = 36412
Casos  viaveis= 4810247
Profits not ignored
Solution time = 2.193e-01
Task data
    1  22  5301
    2  18  1519
    3  13  2341
    3  19  2308
    4  29  2450
    5  13  1322
    5  21  2120
    5  28  5205
    6  22  1682
    7  27  2446
    8  29  2430
   10  23  1058
   10  27  2217
   11  20  2566
   11  23  1264
   11  27  3453
   12  24  2901
   14  29  4386
   14  30  3069
   15  30  2882
   15  30  3174
   18  22   608
   18  25  1098
   19  29  3010
   21  25  1066
End
