0	0
1	1
2	2
3	3
4	-1
5	-1
6	-1
7	-1
8	-1
9	-1
10	-1
11	0
12	1
13	-1
14	-1
15	3
16	-1
17	-1
18	-1
19	-1
20	0
21	1
22	-1
23	-1
24	3
R NMec = 2020
T = 25
P = 4
Biggest P = 31119
Casos  viaveis= 3777192
Profits not ignored
Solution time = 1.272e-01
Task data
    4  18  3262
    4  19  2966
    4  61  5850
    7  29  3706
    8  18  1452
   10  19  1292
   13  16   788
   14  38  2778
   15  23  1168
   15  24  1587
   15  29  1659
   28  36  2596
   28  42  1930
   29  37  1845
   30  37  1060
   34  48  3487
   40  49  1121
   40  52  2199
   41  46   404
   42  52  1207
   42  56  3102
   44  56  2579
   46  57  1799
   50  56   766
   52  61  1641
End
