0	0
1	-1
2	1
3	-1
4	2
5	-1
6	3
7	4
8	-1
9	-1
10	5
11	-1
12	1
13	0
14	2
15	-1
16	-1
17	-1
18	4
19	-1
20	-1
21	-1
22	5
23	-1
24	-1
R NMec = 2020
T = 25
P = 6
Biggest P = 34897
Casos  viaveis= 7107696
Profits not ignored
Solution time = 2.998e-01
Task data
    1  11  1090
    1  20  1671
    2  10  1721
    2  13   663
    2  16  2937
    2  20  2138
    3  30  6300
    4  18  2156
    5  12  1009
    6  11   530
    8  18  2349
    8  30  4995
   11  31  4025
   12  40  4295
   17  37  3689
   18  34  3312
   18  37  2455
   20  28  1810
   22  33  3084
   25  38  1467
   26  37   902
   27  37  1953
   27  40  3251
   28  33   530
   29  35   654
End
