0	0
1	-1
2	1
3	-1
4	2
5	-1
6	-1
7	3
8	4
9	-1
10	-1
11	0
12	-1
13	-1
14	-1
15	2
16	-1
17	4
18	0
19	-1
20	0
21	2
22	0
23	2
24	3
R NMec = 2020
T = 25
P = 5
Biggest P = 32655
Casos  viaveis= 6861246
Profits not ignored
Solution time = 1.849e-01
Task data
    0  12  1554
    1  14  1549
    1  45  4487
    2  24  2143
    3  12  1721
    3  45  2991
    4  11  1125
    4  36  7011
    6  18  3410
    9  13   556
   11  32  2331
   14  23   853
   14  25  1380
   15  36  2002
   16  24   674
   16  32  2624
   18  27   818
   23  47  5169
   24  31   834
   28  41  1463
   32  36  1181
   33  42  1421
   38  47  1086
   43  46   546
   44  48   758
End
