0	0
1	-1
2	-1
3	-1
4	-1
5	-1
6	-1
7	-1
8	-1
9	-1
10	-1
11	-1
12	-1
13	-1
14	-1
15	-1
16	-1
17	-1
18	-1
19	-1
20	-1
21	-1
22	-1
23	-1
24	0
R NMec = 2020
T = 25
P = 1
Biggest P = 31403
Casos  viaveis= 197122
Profits not ignored
Solution time = 5.103e-03
Task data
    8 224 30065
   24  41  1807
   57  59   672
   59  66   897
   60  70  1877
   64  81  3536
   75  83   970
   77  85   521
   79  88   944
   90  95   813
   97 123  2233
   98 104   497
  119 132  2033
  122 133  2876
  131 147  2239
  152 162  1353
  170 174  1321
  170 194  2952
  180 194  2724
  191 195   281
  198 204   943
  202 217  3890
  206 227  5172
  223 230  2245
  240 249  1338
End
