0	0
1	1
2	-1
3	-1
4	1
5	0
6	-1
7	-1
8	-1
9	-1
10	-1
11	-1
12	1
13	-1
14	-1
15	-1
16	0
17	1
18	-1
19	-1
20	-1
21	1
22	-1
23	-1
24	0
R NMec = 2020
T = 25
P = 2
Biggest P = 33606
Casos  viaveis= 115825
Profits not ignored
Solution time = 4.768e-03
Task data
    1  15  1808
    2  14  1818
    6 107 12628
   10 122 11580
   15  26  2365
   17  30  2302
   22  49  5322
   23  42  1546
   25  30   532
   25  31  2031
   26  33  1256
   29  48  4440
   30  41  1223
   34  51  1662
   34  52  2500
   35  53  4258
   43 102  8782
   47  67  5626
   48  62  2837
   73  82  1310
   75  88  1364
   77 114  7863
   89 114  4820
  101 122  3590
  106 113  1819
End
