0	0
1	1
2	2
3	3
4	4
5	5
6	-1
7	6
8	7
9	-1
10	-1
11	-1
12	-1
13	-1
14	8
15	-1
16	-1
17	-1
18	0
19	6
20	-1
21	7
22	1
23	-1
24	3
R NMec = 2020
T = 25
P = 9
Biggest P = 42929
Casos  viaveis= 15873768
Profits not ignored
Solution time = 5.648e-01
Task data
    0  11  2090
    0  16  2856
    0  27  7631
    1  20  5455
    1  25  2801
    1  26  2642
    2  12  1115
    2  12  2214
    2  15  2484
    6  15   619
    6  21  2218
    7  20  1795
    8  20  1236
    8  23  2464
    8  25  3957
   10  25  2396
   11  23  1549
   13  24  1411
   13  27  1944
   13  28  4362
   16  24  1153
   16  29  2025
   18  29  1445
   19  22   317
   21  27  1023
End
