0	0
1	1
2	2
3	3
4	4
5	5
6	6
7	-1
8	-1
9	0
10	-1
11	-1
12	-1
13	-1
14	2
15	-1
16	-1
17	-1
18	4
19	5
20	1
21	-1
22	0
23	1
24	2
R NMec = 2020
T = 25
P = 7
Biggest P = 27026
Casos  viaveis= 10823551
Profits not ignored
Solution time = 3.334e-01
Task data
    0   7   750
    0  20  2334
    1   8  1185
    1  31  2807
    2  15  2221
    3  18  1836
    3  32  3145
    5  15  1136
    5  28  2700
    8  22  2875
    9  19  1040
   11  23  1935
   11  26  1286
   12  31  2124
   13  24  2123
   13  24  1735
   15  27  2209
   18  22   457
   19  29  1298
   19  35  1896
   21  23   665
   21  28   553
   23  34  2371
   25  31   643
   26  33   877
End
