0	0
1	1
2	-1
3	2
4	-1
5	-1
6	-1
7	-1
8	2
9	-1
10	-1
11	1
12	-1
13	-1
14	-1
15	-1
16	-1
17	1
18	-1
19	-1
20	-1
21	-1
22	-1
23	1
24	-1
R NMec = 2020
T = 25
P = 3
Biggest P = 39540
Casos  viaveis= 721390
Profits not ignored
Solution time = 3.518e-02
Task data
    3  82 10978
    4  28  3690
    4  76  9607
    7  10   875
    9  22  3251
   12  26  2960
   14  38  2181
   15  17   413
   17  80 16202
   18  21   379
   21  33  2052
   31  40  1336
   36  50  1083
   39  42   639
   39  55  2096
   39  58  1480
   44  47   725
   44  57  1907
   44  63  2518
   44  68  2962
   52  63  1474
   52  68  1382
   55  63  1208
   58  75  4552
   62  75  2068
End
