0	-1
1	0
2	-1
3	1
4	2
5	-1
6	3
7	-1
8	-1
9	4
10	-1
11	-1
12	-1
13	5
14	6
15	-1
16	-1
17	7
18	8
19	-1
20	9
21	-1
22	0
23	7
24	-1
R NMec = 2020
T = 25
P = 10
Biggest P = 40205
Casos  viaveis= 15941227
Profits not ignored
Solution time = 5.568e-01
Task data
    0  10  1194
    0  13  2427
    0  25  2757
    0  25  3610
    1  26  6084
    2  17  1626
    2  29  3315
    3  17  1821
    3  26  2973
    3  28  3308
    4  15  1669
    4  25  1950
    5  18  1341
    5  22  3469
    5  29  4768
    6  10   591
    6  24  2900
    7  18  1831
    7  21  3560
    8  11   617
    8  24  3814
   14  24  1113
   15  26  2593
   21  27  1426
   21  28   844
End
