0	0
1	1
2	2
3	3
4	4
5	5
6	-1
7	-1
8	0
9	-1
10	-1
11	-1
12	1
13	-1
14	2
15	-1
16	-1
17	-1
18	-1
19	-1
20	-1
21	3
22	-1
23	-1
24	2
25	-1
R NMec = 2020
T = 26
P = 6
Biggest P = 38442
Casos  viaveis= 4458616
Profits not ignored
Solution time = 2.030e-01
Task data
    1   8  1090
    3   7   796
    4  15   849
    6  18  1659
    6  40  5358
    6  41  7189
    7  20  1631
    7  30  3234
   10  38  7635
   12  29  2552
   13  22  1230
   13  30  3590
   13  34  4215
   16  19   535
   16  24  2280
   16  28  1855
   17  40  4112
   17  41  2604
   18  29  1223
   18  33  2965
   20  29  1310
   21  37  2839
   24  35  1273
   26  29   496
   26  42  4532
   28  42  1676
End
