0	0
1	1
2	2
3	3
4	-1
5	4
6	-1
7	5
8	6
9	-1
10	-1
11	-1
12	-1
13	0
14	2
15	-1
16	-1
17	-1
18	3
19	-1
20	1
21	5
22	6
23	-1
24	0
25	1
R NMec = 2020
T = 26
P = 7
Biggest P = 33093
Casos  viaveis= 20161719
Profits not ignored
Solution time = 5.644e-01
Task data
    0  13  1899
    1  20  4630
    3  12  1319
    4  17  1168
    7  20  1197
    8  36  3896
    9  20  1871
    9  23  3424
   10  26  2727
   11  27  2202
   12  22  1608
   13  20   693
   15  21   697
   15  28  1174
   15  30  3402
   16  23   434
   18  23   948
   18  25   465
   19  33  2505
   20  37  1347
   22  31  1919
   26  34  1663
   28  37  1228
   29  32  1001
   30  37  1502
   32  37   637
End
