0	0
1	1
2	-1
3	-1
4	2
5	-1
6	3
7	4
8	-1
9	-1
10	-1
11	-1
12	5
13	-1
14	6
15	-1
16	7
17	-1
18	0
19	-1
20	-1
21	-1
22	-1
23	-1
24	-1
25	1
R NMec = 2020
T = 26
P = 8
Biggest P = 31632
Casos  viaveis= 8349217
Profits not ignored
Solution time = 3.356e-01
Task data
    0  10   893
    1  19  3036
    1  23  2149
    2  23  2537
    3  26  5562
    4  16  1225
    4  19  3253
    4  22  3511
    6   9   307
    6  24  2124
    7  31  1878
    8  27  2620
    8  30  3646
    9  19  1013
    9  23  3069
    9  29  2251
    9  32  4429
   11  16  1131
   11  30  3145
   12  23  1967
   12  25  2409
   13  20   963
   13  25  1017
   14  24   847
   17  20   631
   23  28  1088
End
