0	0
1	1
2	2
3	-1
4	3
5	4
6	-1
7	5
8	-1
9	6
10	7
11	3
12	8
13	-1
14	-1
15	-1
16	4
17	-1
18	2
19	6
20	-1
21	-1
22	-1
23	8
24	5
25	0
R NMec = 2020
T = 26
P = 9
Biggest P = 29212
Casos  viaveis= 43522542
Profits not ignored
Solution time = 1.343e+00
Task data
    0  20  2556
    0  21  3556
    2  11  2249
    2  13   982
    3   6   695
    3   8   877
    4  15  1072
    4  19  2041
    4  22  1623
    6  13  1201
    6  26  2209
    7  29  4392
    8  17  1987
    8  20  1833
    8  23  1798
    9  14   508
   11  20  1789
   13  19   971
   13  21  1851
   16  22  1558
   16  29   921
   19  23   386
   19  28   881
   19  28   909
   20  25   837
   23  24   505
End
