0	0
1	-1
2	0
3	-1
4	-1
5	-1
6	-1
7	-1
8	-1
9	-1
10	-1
11	0
12	-1
13	0
14	0
15	-1
16	-1
17	0
18	-1
19	-1
20	0
21	-1
22	-1
23	0
24	-1
25	0
R NMec = 2020
T = 26
P = 1
Biggest P = 32175
Casos  viaveis= 84264
Profits not ignored
Solution time = 3.163e-03
Task data
   15  35  3680
   32  47  1340
   38  98 11301
   50 212 13025
   64  78  1425
   68  76  1282
   71  84  1898
   85 111  2799
   87  89   594
   90 104  3086
  102 148  3891
  109 122  2598
  113 130  3668
  129 139  2524
  156 172  3146
  164 176  1533
  167 184  1809
  173 179  1713
  177 185  1200
  187 198   835
  189 205  3318
  203 222  2110
  214 224  1057
  219 229  1852
  227 243  2386
  240 256  2043
End
