0	0
1	-1
2	-1
3	-1
4	1
5	-1
6	-1
7	-1
8	-1
9	-1
10	0
11	1
12	-1
13	-1
14	0
15	-1
16	1
17	-1
18	0
19	-1
20	-1
21	0
22	1
23	-1
24	-1
25	0
R NMec = 2020
T = 26
P = 2
Biggest P = 36221
Casos  viaveis= 439074
Profits not ignored
Solution time = 1.383e-02
Task data
    1  27  6051
    3  12   932
    5  18  1779
    6 105 14506
    9  26  4190
   10  18  2067
   11  19  1215
   12  24  2850
   14  25  2432
   22  28  1679
   29  48  2939
   40  61  3582
   45  66  3932
   53  65   925
   53  67  2732
   54  80  2649
   62  84  5720
   63  73  2759
   69  75  1124
   69  88  1333
   83  92   999
   86  93  1848
   87 112  4801
   88  94   587
   89 104   837
   98 112  3234
End
