0	-1
1	0
2	1
3	2
4	3
5	-1
6	-1
7	-1
8	4
9	5
10	-1
11	-1
12	-1
13	6
14	-1
15	-1
16	-1
17	-1
18	-1
19	7
20	8
21	9
22	1
23	2
24	-1
25	0
R NMec = 2020
T = 26
P = 10
Biggest P = 28969
Casos  viaveis= 24696856
Profits not ignored
Solution time = 7.816e-01
Task data
    0  24  1607
    2  19  3633
    4  13  1324
    4  16  2169
    4  22  2029
    5  14  1157
    5  20  1168
    7  21  1088
    7  24  2706
    7  26  3151
    8  18  1083
   10  16  1141
   10  17   514
   11  21  2716
   11  21  1229
   11  22  1955
   11  24  1321
   12  16   482
   12  23  1786
   12  24  2279
   13  23  2715
   13  27  2044
   14  25  1618
   18  28  1646
   21  26   711
   21  28   939
End
