0	0
1	-1
2	1
3	-1
4	-1
5	2
6	3
7	4
8	-1
9	5
10	6
11	7
12	-1
13	0
14	-1
15	-1
16	6
17	-1
18	-1
19	-1
20	-1
21	-1
22	-1
23	-1
24	2
25	0
26	3
R NMec = 2020
T = 27
P = 8
Biggest P = 44718
Casos  viaveis= 20470898
Profits not ignored
Solution time = 7.771e-01
Task data
    0   5   967
    0  23  3076
    0  26  7295
    2  18  3835
    3  10   642
    3  16  3742
    3  20  4461
    3  24  4826
    4  19  3965
    4  23  5404
    5   8   645
    5  30  4498
    6  26  3434
    9  17  1754
    9  17   873
   10  25  1472
   10  28  3799
   10  30  1224
   11  20  2119
   13  22   955
   13  26  1416
   14  32  2625
   15  17   230
   15  31  1643
   17  30  2871
   18  30  2930
   24  33  1526
End
