0	0
1	1
2	2
3	3
4	-1
5	4
6	-1
7	-1
8	5
9	-1
10	6
11	-1
12	1
13	-1
14	3
15	-1
16	-1
17	-1
18	-1
19	-1
20	-1
21	2
22	6
23	-1
24	1
25	1
26	3
R NMec = 2020
T = 27
P = 7
Biggest P = 40578
Casos  viaveis= 22749428
Profits not ignored
Solution time = 6.635e-01
Task data
    0  32  7459
    1   6   737
    1  17  3641
    2   9   830
    4  22  1756
    4  25  5661
    5  19  2634
    5  20   912
    5  24  4171
    5  26  1707
    6  17  2677
    8  28  3871
    9  24  4250
    9  28  2222
   11  30  3833
   13  21  1053
   13  33  3415
   14  35  2653
   17  23   759
   17  29  2816
   20  25   866
   21  33  2411
   22  30  2488
   22  32  1075
   25  29   993
   30  34   758
   32  36   669
End
