0	0
1	-1
2	1
3	-1
4	2
5	3
6	-1
7	-1
8	1
9	-1
10	-1
11	1
12	-1
13	-1
14	-1
15	-1
16	3
17	-1
18	-1
19	-1
20	-1
21	-1
22	-1
23	-1
24	3
25	-1
26	1
R NMec = 2020
T = 27
P = 4
Biggest P = 39362
Casos  viaveis= 4030129
Profits not ignored
Solution time = 1.341e-01
Task data
    0  65  9203
    3  39  5897
    4  13  1889
    4  43  5701
    6  57 11432
    7  21  3744
   11  32  4466
   16  22   919
   16  23  1042
   22  33  1597
   23  33  1720
   24  47  4784
   25  34  1781
   26  35  1047
   26  45  2743
   27  35   998
   27  43  3615
   31  33   310
   33  38  1211
   33  55  1934
   35  46  1590
   41  43   329
   41  46   781
   44  52  1151
   45  58  2614
   46  62  2278
   53  60  1039
End
