0	0
1	-1
2	-1
3	1
4	2
5	3
6	-1
7	0
8	-1
9	4
10	-1
11	-1
12	3
13	-1
14	-1
15	2
16	-1
17	0
18	-1
19	4
20	-1
21	2
22	-1
23	3
24	-1
25	-1
26	3
R NMec = 2020
T = 27
P = 5
Biggest P = 33086
Casos  viaveis= 19375620
Profits not ignored
Solution time = 6.366e-01
Task data
    0   5  1001
    0  21  2600
    0  40  3991
    0  53  4545
    1  18  3897
    4  12  2064
    7  17  1733
    7  22  3473
    8  16  1016
    8  20  2848
   13  22  2099
   15  26  1632
   15  28  3173
   17  23   686
   19  25  1003
   19  28  2111
   19  34  1734
   25  45  2895
   27  36  1186
   27  39  2697
   27  42  1350
   29  47  2053
   30  37  1129
   30  41  1528
   32  34   400
   32  42   821
   44  51   801
End
