0	0
1	1
2	2
3	3
4	4
5	-1
6	-1
7	5
8	6
9	-1
10	-1
11	-1
12	7
13	-1
14	-1
15	8
16	-1
17	-1
18	-1
19	-1
20	-1
21	-1
22	4
23	0
24	1
25	2
26	8
R NMec = 2020
T = 27
P = 9
Biggest P = 36400
Casos  viaveis= 45282132
Profits not ignored
Solution time = 1.372e+00
Task data
    0  15  2787
    0  16  2637
    0  20  2450
    0  29  4534
    1  12  1617
    1  15  1530
    2  16  1535
    2  22  5055
    2  25  2999
    2  26  2040
    3  20  2239
    4   8   424
    4  24  5613
    6  12   795
    6  29  1668
    8  20  2658
   10  18   906
   10  19  1881
   11  25  1777
   12  25  1272
   12  27  2418
   13  15   508
   14  29  1418
   17  29  1530
   19  25  1241
   21  24   725
   22  27  1136
End
