0	0
1	1
2	-1
3	0
4	-1
5	-1
6	1
7	-1
8	-1
9	0
10	1
11	-1
12	-1
13	0
14	0
15	0
16	-1
17	-1
18	1
19	-1
20	0
21	-1
22	1
23	-1
24	0
25	1
26	-1
R NMec = 2020
T = 27
P = 2
Biggest P = 36234
Casos  viaveis= 3352120
Profits not ignored
Solution time = 1.104e-01
Task data
    0  11  2183
    8  24  2030
   12  23  1846
   17  40  5152
   21  27  1743
   22 116  9066
   27  43  3535
   33  39   861
   34  48  3936
   41  49  1135
   45  58  2383
   49  59   718
   52  61  1455
   53  60  1797
   62  65   481
   75  85  1833
   77 110  4046
   78 105  2350
   83  96  3289
   85  94   667
   89 109  2327
   93  97   798
   99 113  2751
  103 120  3044
  114 127  3984
  115 131  3354
  116 130  2286
End
