0	0
1	1
2	-1
3	2
4	3
5	4
6	5
7	-1
8	-1
9	6
10	7
11	-1
12	-1
13	5
14	8
15	9
16	-1
17	-1
18	-1
19	2
20	-1
21	7
22	0
23	9
24	3
25	1
26	4
R NMec = 2020
T = 27
P = 10
Biggest P = 38471
Casos  viaveis= 72653512
Profits not ignored
Solution time = 2.566e+00
Task data
    0  14  3445
    0  18  2447
    0  20  2033
    1   7  1338
    1  16  2436
    1  17  3840
    2   3   342
    2  18  1640
    2  20  2159
    2  23  4639
    3  12  1582
    4  20  2067
    4  22  1790
    5  23  3204
    5  29  2915
    6  13  1174
    6  22  1348
    7  27  2638
   11  22  1099
   11  26  1801
   13  27  1477
   13  28  1494
   15  27  1770
   15  28  2709
   17  26  1186
   19  28   997
   19  29  1152
End
