0	0
1	-1
2	1
3	2
4	-1
5	-1
6	-1
7	-1
8	-1
9	3
10	4
11	-1
12	-1
13	5
14	-1
15	-1
16	-1
17	-1
18	4
19	6
20	-1
21	0
22	0
23	2
24	1
25	1
26	2
27	3
R NMec = 2020
T = 28
P = 7
Biggest P = 28338
Casos  viaveis= 41465040
Profits not ignored
Solution time = 1.064e+00
Task data
    0  13  2130
    0  18  2027
    0  22  2458
    2  19  2907
    2  23  1822
    3  14  2003
    3  16  2399
    5  12  1027
    6  16  1067
    6  22  3569
    7   9   511
    8  12   757
    8  20  2421
    8  26  2424
   10  18  1089
   10  19   801
   11  24  1744
   12  26  1676
   12  28  3374
   12  35  2598
   14  15   324
   15  19   498
   20  35  3331
   22  23   221
   23  26   419
   27  34  1850
   28  36  1362
   31  36   686
End
