0	0
1	1
2	2
3	3
4	4
5	-1
6	-1
7	5
8	6
9	-1
10	0
11	-1
12	2
13	-1
14	-1
15	7
16	-1
17	-1
18	-1
19	1
20	7
21	-1
22	-1
23	3
24	-1
25	4
26	5
27	6
R NMec = 2020
T = 28
P = 8
Biggest P = 41967
Casos  viaveis= 79204112
Profits not ignored
Solution time = 2.340e+00
Task data
    0   5  1050
    1  12  2676
    2   5   456
    2  15  2141
    2  23  3380
    2  25  1910
    3  20  1548
    3  21  5052
    3  22  2981
    3  26  1602
    7  31  5862
    8  16  1236
    8  32  4981
    9  15  1258
    9  34  2695
   11  13   349
   12  23  1071
   13  21   889
   14  24  1562
   14  32  3043
   14  33  2979
   15  31  1987
   16  21   947
   16  29  2484
   19  32  1412
   24  34  1251
   25  33  2266
   27  33  1016
End
