0	-1
1	-1
2	0
3	1
4	2
5	3
6	1
7	-1
8	0
9	-1
10	-1
11	-1
12	0
13	3
14	-1
15	-1
16	1
17	3
18	0
19	-1
20	-1
21	2
22	0
23	-1
24	-1
25	-1
26	1
27	2
R NMec = 2020
T = 28
P = 4
Biggest P = 39724
Casos  viaveis= 46665103
Profits not ignored
Solution time = 1.430e+00
Task data
    2  28  2101
    3  18  2100
    5  21  2927
    7  16  1192
    7  43  4783
    9  25  3748
   18  38  3281
   20  26   633
   24  26   364
   25  33   703
   27  37   691
   28  38  1421
   31  42  2403
   32  39  2022
   34  46  1404
   34  53  3885
   39  59  4744
   40  61  4898
   44  47   975
   44  64  1626
   45  52   809
   47  58  2512
   48  67  2713
   51  56   699
   52  58   979
   52  59   752
   60  68  1966
   61  65  1196
End
