0	0
1	1
2	-1
3	-1
4	-1
5	0
6	1
7	-1
8	-1
9	0
10	-1
11	-1
12	1
13	-1
14	-1
15	-1
16	1
17	-1
18	-1
19	-1
20	-1
21	-1
22	-1
23	-1
24	-1
25	-1
26	-1
27	0
28	0
R NMec = 2020
T = 29
P = 2
Biggest P = 31614
Casos  viaveis= 2509976
Profits not ignored
Solution time = 7.165e-02
Task data
    0  17  3072
    5  14   663
   12  36  3159
   14  40  3158
   18  24   527
   19  28  1108
   20  39  4033
   23 127 11757
   27  37  2343
   31  94 11734
   34  54  4185
   37  52  2564
   40  55  2625
   47  61  1005
   51  52   478
   53  58   782
   57 110  6668
   58  67  1228
   69  82  2123
   69  84  2350
   71  79  1196
   74  95  4731
   83  95  2030
   87  99  1882
   88  98  2186
   91 101  1361
   91 104  1954
  120 125   711
  134 142  1000
End
