0	0
1	1
2	2
3	-1
4	-1
5	-1
6	-1
7	-1
8	3
9	-1
10	4
11	0
12	-1
13	-1
14	1
15	2
16	-1
17	-1
18	-1
19	-1
20	-1
21	-1
22	3
23	-1
24	4
25	2
26	-1
27	0
28	1
R NMec = 2020
T = 29
P = 5
Biggest P = 41899
Casos  viaveis= 37144959
Profits not ignored
Solution time = 1.073e+00
Task data
    0   7   764
    1   6   518
    1  10  1096
    1  21  2112
    2  15  1635
    2  15  2924
    4  14  1463
    5  14  1338
    5  18  3937
    5  47  4921
    6  24  4543
    9  39  7697
   10  27  2230
   12  19  1317
   12  39  6337
   13  33  2600
   14  23  2409
   15  35  2567
   17  36  2381
   19  46  1648
   20  39  3625
   27  34  1007
   27  43  3766
   28  41  2506
   29  49  4117
   34  57  3752
   38  50  1445
   44  49   521
   46  54  2251
End
