0	-1
1	0
2	-1
3	1
4	2
5	-1
6	-1
7	-1
8	-1
9	1
10	-1
11	-1
12	-1
13	-1
14	-1
15	-1
16	-1
17	-1
18	-1
19	0
20	-1
21	-1
22	-1
23	-1
24	-1
25	-1
26	-1
27	0
28	-1
29	1
R NMec = 2020
T = 30
P = 3
Biggest P = 47368
Casos  viaveis= 4812434
Profits not ignored
Solution time = 1.447e-01
Task data
    1  10  1507
    4  30  7583
    6  46  4159
    8  24  2894
    9  96 16567
   10  77  4328
   20  94  7213
   22  34  1806
   26  39  1146
   26  73  8994
   27  36  1033
   28  52  2702
   34  89  8054
   35  44  1942
   38  45   577
   39  48   716
   39  56  2906
   44  57  2570
   44  62  1860
   44  66  6028
   50  62  3176
   54  61   522
   54  70  2568
   61  74  3735
   70  84  1777
   71  73   240
   71  76   910
   72  86  3066
   77  86   980
   80  91  2236
End
