0	0
1	1
2	2
3	3
4	4
5	-1
6	2
7	-1
8	1
9	-1
10	-1
11	-1
12	-1
13	-1
14	4
15	1
16	-1
17	-1
18	-1
19	4
20	-1
21	-1
22	1
23	-1
24	-1
25	-1
26	0
27	2
28	0
29	3
R NMec = 2020
T = 30
P = 5
Biggest P = 41218
Casos  viaveis= 79282560
Profits not ignored
Solution time = 2.030e+00
Task data
    0  38  5040
    1  10  1152
    3   8   679
    4  49  9171
    6  19  2079
    7  30  1845
    9  35  7318
   10  25  1701
   11  22  1623
   14  26  2078
   16  23  1081
   16  25   649
   16  35  3815
   20  39  2613
   21  26   982
   23  31   859
   24  42  2716
   26  46  1763
   27  38  1138
   27  44  2215
   31  37  1701
   32  42  1333
   32  58  5510
   33  37  1002
   35  44  1504
   35  46  1328
   41  50  1146
   50  56  1143
   51  56  1517
   52  56   784
End
