0	-1
1	-1
2	0
3	-1
4	-1
5	1
6	-1
7	-1
8	-1
9	2
10	-1
11	-1
12	-1
13	-1
14	-1
15	1
16	2
17	-1
18	-1
19	-1
20	-1
21	-1
22	0
23	0
24	-1
25	1
26	-1
27	0
28	1
29	2
30	0
R NMec = 2020
T = 31
P = 3
Biggest P = 39007
Casos  viaveis= 18377128
Profits not ignored
Solution time = 4.844e-01
Task data
    0 103  8526
    4  21  1129
    6  32  7050
   10  22   986
   10  32  2410
   12  28  3231
   13  20  1034
   13  22   653
   14  21   920
   14  24  2877
   15  18   233
   17  28  1219
   21  32  1317
   21  33  1439
   27  32   644
   29  58  4118
   29  68  4648
   31  53  1576
   33  51  1744
   36  47  1463
   36  54  1850
   37  49  1886
   45  55  2597
   57  63  1862
   58  68  1469
   61  69   947
   63  84  1838
   71  86  4455
   75 101  5479
   84  93  1574
  100 102   169
End
