0	0
1	-1
2	0
3	0
4	-1
5	-1
6	0
7	0
8	-1
9	0
10	-1
11	-1
12	-1
13	-1
14	0
15	-1
16	0
17	0
18	-1
19	0
20	0
21	-1
22	-1
23	-1
24	-1
25	0
26	-1
27	-1
28	-1
29	0
30	-1
R NMec = 2020
T = 31
P = 1
Biggest P = 28320
Casos  viaveis= 2877120
Profits not ignored
Solution time = 9.271e-02
Task data
    2  18  1572
   11  23  2023
   19  27  1974
   28  46  2077
   44  48   676
   52  57   703
   55  64  1648
   68  82  3030
   73  91  2036
  107 118  1178
  111 122  1103
  117 129  1058
  126 135  1387
  127 142  1444
  134 146  3325
  145 147   211
  150 165  3061
  180 186  1626
  188 192   753
  188 196   879
  204 218  3374
  210 243  3081
  213 221  1883
  218 229  1345
  219 231   823
  226 239  1151
  238 255  1890
  241 246   673
  245 249   919
  246 257  3425
  253 261   913
End
