0	0
1	-1
2	-1
3	1
4	-1
5	0
6	-1
7	-1
8	-1
9	-1
10	0
11	-1
12	-1
13	-1
14	-1
15	-1
16	0
17	-1
18	-1
19	-1
20	0
21	-1
22	-1
23	-1
24	-1
25	-1
26	-1
27	0
28	-1
29	0
30	0
R NMec = 2020
T = 31
P = 2
Biggest P = 53476
Casos  viaveis= 1976496
Profits not ignored
Solution time = 5.958e-02
Task data
    3  20  3696
    7  33  3067
   11  30  1470
   12 129 32784
   22 140 15620
   29  39  2053
   35  60  3139
   38  55  1334
   44  67  2443
   47  63  3621
   48  57  2028
   51  79  2241
   52  67  1937
   53  63  2629
   53  68  3993
   55  73  2565
   60  79  3472
   76  93  1284
   79  85   547
  100 103   488
  101 118  4082
  102 126  4299
  110 124  3212
  110 125  2356
  111 127  2006
  116 126  1432
  117 134  1983
  119 138  4185
  125 129   598
  143 146   813
  147 148   363
End
