0	-1
1	0
2	-1
3	-1
4	0
5	-1
6	-1
7	-1
8	-1
9	-1
10	-1
11	-1
12	-1
13	-1
14	-1
15	-1
16	-1
17	-1
18	-1
19	-1
20	-1
21	-1
22	-1
23	-1
24	-1
25	-1
26	-1
27	-1
28	-1
29	-1
30	-1
31	0
32	0
R NMec = 2020
T = 33
P = 1
Biggest P = 54970
Casos  viaveis= 2301716
Profits not ignored
Solution time = 5.743e-02
Task data
    5  11   868
    9  20  3137
   20  28   680
   26  43  1892
   26 297 49653
   30  49  3834
   30  50  4136
   48 318 18679
   57  76  2365
   88  95  1275
   93 120  2405
  107 241 20625
  120 135  2933
  131 145  2031
  140 156  4040
  142 152  1720
  152 171  1934
  166 186  2903
  185 194  1695
  198 204   788
  198 224  3266
  202 221  2341
  204 209   762
  215 222   991
  216 228   732
  226 233  1426
  248 257  1009
  272 281  2160
  282 297  1417
  293 310  2678
  294 308  3987
  300 312  1105
  313 320  1075
End
