0	0
1	1
2	-1
3	-1
4	-1
5	-1
6	-1
7	-1
8	-1
9	0
10	1
11	0
12	-1
13	0
14	-1
15	-1
16	-1
17	0
18	-1
19	-1
20	-1
21	-1
22	0
23	-1
24	0
25	-1
26	-1
27	-1
28	-1
29	0
30	-1
31	-1
32	0
R NMec = 2020
T = 33
P = 2
Biggest P = 66141
Casos  viaveis= 19763899
Profits not ignored
Solution time = 5.576e-01
Task data
    2  14  1582
    2  16  2786
    4  13   925
    4 164 21403
    5  14   875
   11  17  1053
   13  15   395
   13  67  5779
   14  24  2227
   15  23  2510
   18 162 40418
   29  36  1756
   35  41   468
   47  66  3060
   57  68  1209
   61  72  2098
   69  85  1568
   70  85  4009
   72  83  1369
   73  96  4381
   78 109  7122
   83  89  1777
   90 102  1791
   94 108  1643
  105 119  3385
  106 110  1113
  110 130  3900
  115 133  2891
  118 125  1156
  121 140  3948
  123 137  2369
  129 143  1238
  143 150   896
End
