0	0
1	1
2	-1
3	1
4	-1
5	-1
6	-1
7	1
8	-1
9	-1
10	-1
11	-1
12	-1
13	-1
14	1
15	1
16	-1
17	1
18	-1
19	-1
20	-1
21	-1
22	-1
23	1
24	-1
25	-1
26	-1
27	-1
28	-1
29	-1
30	-1
31	-1
32	1
33	1
R NMec = 2020
T = 34
P = 2
Biggest P = 51282
Casos  viaveis= 57780240
Profits not ignored
Solution time = 1.558e+00
Task data
    2 168 29793
    9  11   352
   13  37  2751
   14  19  1040
   16  29   862
   25  41  1362
   25  44  1944
   26  44  2698
   29  44  1303
   34  40   730
   36  43  1809
   37  54  3788
   44 119  7761
   46  56  1664
   49  68  5207
   74  81   844
   74  83  1203
   82 102  4101
   84  90   700
   86 102  1211
   93 112  2099
  104 123  1746
  105 110   697
  106 132  4352
  113 118  1411
  117 146  3457
  123 141  2678
  124 135  1229
  129 140  1338
  130 137   973
  135 151  1724
  140 153   859
  141 158  1739
  159 167  1156
End
