0	0
1	-1
2	-1
3	-1
4	-1
5	-1
6	-1
7	-1
8	-1
9	-1
10	-1
11	-1
12	-1
13	-1
14	-1
15	-1
16	-1
17	-1
18	-1
19	-1
20	-1
21	-1
22	-1
23	-1
24	-1
25	-1
26	-1
27	-1
28	-1
29	-1
30	-1
31	-1
32	-1
33	-1
R NMec = 2020
T = 34
P = 1
Biggest P = 69382
Casos  viaveis= 2738504
Profits not ignored
Solution time = 7.625e-02
Task data
    5 328 69382
    9  19  1221
   10 327 54139
   16  20   452
   20  38  2384
   28 204 20629
   34  47  1800
   39  54  1030
   60  64  1108
   74  86   821
   75  87  1383
   78  88  1398
   85 100  1937
   94 101  1278
   99 124  3219
  101 111  2050
  128 137  1388
  130 158  3095
  147 161  4050
  183 187   453
  184 198  3592
  190 193   537
  207 224  2727
  217 240  3464
  220 233  3027
  227 232   374
  246 301 11554
  263 279  2313
  264 266   777
  265 273   995
  283 291  1357
  288 299  2337
  308 331  4643
  315 320   508
End
