0	0
1	-1
2	-1
3	-1
4	-1
5	-1
6	-1
7	-1
8	-1
9	-1
10	-1
11	-1
12	-1
13	-1
14	-1
15	-1
16	-1
17	-1
18	-1
19	-1
20	-1
21	-1
22	-1
23	-1
24	-1
25	-1
26	-1
27	-1
28	-1
29	-1
30	-1
31	-1
32	-1
33	0
34	-1
R NMec = 2020
T = 35
P = 1
Biggest P = 51510
Casos  viaveis= 1949445
Profits not ignored
Solution time = 6.029e-02
Task data
   18 314 47648
   42 212 27545
   78  86   861
   79  99  2420
   83 100  2171
   95  99   535
   97 115  2547
  104 297 31831
  109 117   862
  113 125  2526
  121 134  1079
  132 154  1817
  132 156  6533
  139 141   453
  148 170  2358
  170 191  2507
  172 178  1115
  175 184  1431
  176 184  2516
  193 208  1360
  200 209   748
  202 211  2647
  213 235  6219
  217 230  2072
  225 234  1616
  248 250   507
  249 253  1249
  263 280  3243
  271 287   917
  287 291   443
  297 313  2138
  299 309  1274
  309 332  4333
  330 348  3862
  332 348  2110
End
