0	0
1	1
2	2
3	-1
4	3
5	-1
6	-1
7	-1
8	-1
9	-1
10	-1
11	3
12	-1
13	-1
14	-1
15	0
16	-1
17	-1
18	-1
19	1
20	-1
21	2
22	-1
23	-1
24	-1
25	-1
26	-1
27	3
28	-1
29	1
30	2
31	1
32	2
33	2
34	1
R NMec = 2020
T = 35
P = 4
Biggest P = 44205
Casos  viaveis= 102968736
Profits not ignored
Solution time = 2.453e+00
Task data
    4  17  1572
    4  19  1901
    6  19  1915
    9  21  1615
   11  12   132
   12  28  3290
   13  24  1829
   13  34  2264
   13  41  2623
   14  17   894
   14  28  2095
   15  32  4718
   17  28  1002
   17  31  1693
   18  35  3494
   18  83 13091
   19  40  3136
   20  29  2013
   20  33  2542
   20  39  3561
   21  31  1548
   21  36  3239
   22  36  2731
   27  41  2603
   28  38  1170
   28  45  1768
   32  47   936
   36  45  1416
   38  46   796
   42  47  1140
   45  53  1269
   52  69  3371
   57  67  2276
   68  85  2619
   70  77  1985
End
