0	-1
1	0
2	1
3	-1
4	-1
5	0
6	1
7	0
8	-1
9	-1
10	-1
11	0
12	-1
13	-1
14	-1
15	-1
16	-1
17	-1
18	-1
19	-1
20	-1
21	-1
22	-1
23	-1
24	-1
25	-1
26	0
27	-1
28	-1
29	-1
30	0
31	-1
32	-1
33	1
34	-1
R NMec = 2020
T = 35
P = 2
Biggest P = 54726
Casos  viaveis= 28267512
Profits not ignored
Solution time = 1.008e+00
Task data
    6 111 12068
    9  24  3077
    9  33  4771
   15  24  2066
   18  90  7332
   26  46  5353
   40 150 23599
   49  64  2360
   55  68  2269
   64  79  1997
   66  86  3325
   68 125  9816
   74  88  1575
   75 138  9163
   76  84   754
   77  89  2043
   77  93  1509
   90 112  2848
   96 109  2886
   97 106  1992
  106 108   366
  107 116  1114
  110 122  1458
  118 125  1049
  118 134  1907
  119 129  1024
  129 135   386
  139 152  1605
  141 145  1047
  141 154  2483
  144 160  3183
  145 169  1763
  147 155  1473
  151 161  2181
  152 159  1402
End
