0	0
1	-1
2	1
3	-1
4	2
5	-1
6	-1
7	-1
8	-1
9	-1
10	-1
11	1
12	1
13	2
14	-1
15	-1
16	-1
17	-1
18	-1
19	-1
20	-1
21	-1
22	-1
23	1
24	-1
25	-1
26	-1
27	-1
28	-1
29	-1
30	-1
31	-1
32	1
33	-1
34	-1
35	1
R NMec = 2020
T = 36
P = 3
Biggest P = 53976
Casos  viaveis= 98205483
Profits not ignored
Solution time = 2.907e+00
Task data
    0 119 20769
    2  28  4221
    4  14  1591
    4 109 10441
    5  15  2281
   10  17   642
   11  25  2215
   11  67  8489
   11 110  7624
   13  39  2514
   18  29   961
   19  21   290
   22  43  4790
   22 113 14649
   23  43  4137
   25  27   471
   25  33  1097
   38  53  1637
   47  67  2622
   48  64  3539
   53  72  2440
   55  64  1056
   56  69  2688
   56  81  5944
   60  76  3537
   61  82  2766
   62  63   361
   64  89  2327
   78  92  3246
   80  99  1955
   82 101  1851
   86  93  1336
   91 107  2950
   92 117  3460
  102 109   868
  108 111   712
End
