0	0
1	-1
2	-1
3	-1
4	-1
5	-1
6	-1
7	-1
8	-1
9	-1
10	-1
11	-1
12	-1
13	-1
14	-1
15	-1
16	-1
17	-1
18	-1
19	-1
20	-1
21	-1
22	-1
23	-1
24	-1
25	-1
26	-1
27	-1
28	-1
29	-1
30	-1
31	-1
32	-1
33	-1
34	-1
35	-1
R NMec = 2020
T = 36
P = 1
Biggest P = 59163
Casos  viaveis= 4254145
Profits not ignored
Solution time = 1.468e-01
Task data
    0 359 59163
    5 130 20402
   14  23  1928
   29  41  2002
   38  47   847
   43  54  1268
   51  68  1750
   51  74  5103
   64  78  1775
   68 105  2511
   85  96   754
   85 177  8962
   97 273 16300
  110 118  1737
  112 123  1545
  115 120   450
  122 130  2245
  125 137  1193
  149 167  2435
  155 163   880
  168 185  3229
  191 197  1260
  194 203  1540
  210 227  2489
  252 272  2674
  262 272  2321
  264 274  2627
  265 272  1042
  270 275   736
  290 315  4383
  310 329  2170
  331 352  2884
  334 338  1193
  336 341  1226
  339 349  1079
  341 346  1088
End
