0	0
1	0
2	0
3	-1
4	-1
5	0
6	-1
7	-1
8	-1
9	-1
10	-1
11	-1
12	-1
13	-1
14	-1
15	-1
16	-1
17	-1
18	-1
19	-1
20	-1
21	-1
22	-1
23	-1
24	-1
25	-1
26	-1
27	-1
28	-1
29	-1
30	-1
31	-1
32	-1
33	-1
34	-1
35	0
36	0
R NMec = 2020
T = 37
P = 1
Biggest P = 56315
Casos  viaveis= 5129360
Profits not ignored
Solution time = 1.456e-01
Task data
   11  17  1176
   34  43  1699
   49  60   958
   57  84  2431
   64  75   967
   68 307 49502
   72  77  1450
   77 169 10462
   84  97  1657
   88  94   586
   94 104  1000
  102 118  1908
  103 113  1076
  108 117   954
  110 300 41978
  119 126  1022
  120 132  1507
  159 178  1679
  171 239 10536
  176 194  3490
  178 185  1465
  184 193   749
  192 206  4261
  200 222  3383
  227 250  5903
  230 254  3088
  233 242   779
  233 252  2641
  234 283  6056
  237 240   561
  250 259  1764
  267 277  2015
  282 297  1564
  283 295  1915
  295 305  2358
  337 339   527
  341 362  2453
End
