0	0
1	-1
2	-1
3	-1
4	-1
5	-1
6	-1
7	0
8	-1
9	-1
10	-1
11	-1
12	0
13	-1
14	0
15	-1
16	-1
17	0
18	-1
19	0
20	-1
21	-1
22	-1
23	-1
24	-1
25	-1
26	-1
27	-1
28	-1
29	-1
30	-1
31	-1
32	-1
33	-1
34	0
35	-1
36	-1
37	-1
R NMec = 2020
T = 38
P = 1
Biggest P = 49629
Casos  viaveis= 28330848
Profits not ignored
Solution time = 1.073e+00
Task data
    1  18  2011
    4  23  1640
   63  79  1440
   69  81  1397
   70  84  1146
   72  77  1116
   75  82  1338
   76  93  3571
   81  90  1390
   85  87   293
   89  91   445
   94  98   987
   94 114  3681
  105 126  3004
  124 141  3265
  129 147  2031
  149 164  1794
  158 170  2976
  160 166   521
  178 327 27578
  186 192  1166
  187 189   344
  206 215  1067
  216 224  2351
  222 230  2530
  226 241  1704
  243 251   730
  246 262  3563
  250 261   989
  255 262  1898
  295 316  2009
  307 326  2780
  310 323  1182
  319 321   444
  339 365  6547
  340 361  3109
  355 368  1964
  365 376   871
End
