0	-1
1	-1
2	0
3	-1
4	-1
5	-1
6	-1
7	-1
8	-1
9	-1
10	-1
11	-1
12	-1
13	-1
14	-1
15	-1
16	-1
17	-1
18	-1
19	-1
20	-1
21	-1
22	-1
23	-1
24	-1
25	-1
26	0
27	-1
28	0
29	0
30	-1
31	0
32	-1
33	0
34	-1
35	-1
36	-1
37	0
38	0
R NMec = 2020
T = 39
P = 1
Biggest P = 59025
Casos  viaveis= 19186432
Profits not ignored
Solution time = 5.689e-01
Task data
   11 116 16816
   19  31  1598
   26 201 38840
   41 159 25291
   42  69  2439
   46  58  1681
   50  58  1149
   52  64  2744
   63  84  2847
   66  71   618
   68  85  2687
   69 363 35598
   79  87  1662
   91  98   710
   91 109  2390
  109 123  2236
  109 263 15233
  120 142  3979
  158 165   909
  161 167   769
  166 184  3111
  168 172  1187
  168 183  2629
  188 212  2729
  195 205  1759
  198 210  2103
  210 227  4006
  217 223   824
  236 257  4209
  265 272  2199
  269 279  1801
  283 293  2336
  286 298  1956
  305 329  4056
  312 319  1259
  318 327   933
  322 328   763
  345 357  2058
  376 382  1321
End
