0	0
1	-1
2	-1
3	0
4	-1
5	-1
6	0
7	-1
8	-1
9	-1
10	0
11	-1
12	0
13	0
14	-1
15	0
16	0
17	-1
18	0
19	-1
20	0
21	-1
22	-1
23	-1
24	0
25	-1
26	-1
27	-1
28	0
29	-1
30	-1
31	-1
32	-1
33	-1
34	-1
35	-1
36	-1
37	-1
38	-1
39	-1
R NMec = 2020
T = 40
P = 1
Biggest P = 49456
Casos  viaveis= 49762168
Profits not ignored
Solution time = 1.666e+00
Task data
    4  15  3166
   10  23  2329
   20  30   952
   29  41  3045
   45 219 19341
   48  71  3268
   51  73  4426
   52  59   807
   83  87   775
   85 176 10542
   87 100  1540
  100 119  1660
  107 118  1759
  119 131  2488
  125 383 25083
  132 144  1493
  148 158  2276
  154 175  4736
  174 183  2542
  196 210  1447
  206 239  8388
  226 230   621
  226 233  1448
  234 252  3957
  248 256  1358
  260 285  4785
  271 277  1012
  272 280  1939
  276 387 16975
  279 288   862
  280 297  1228
  297 315  2123
  308 322  2708
  312 338  4892
  316 336  2732
  326 350  3368
  345 351   776
  366 385  1998
  367 372  1170
  383 390  1961
End
