0	-1
1	-1
2	0
3	-1
4	-1
5	-1
6	0
7	-1
8	-1
9	-1
10	-1
11	0
12	-1
13	-1
14	0
15	-1
16	-1
17	-1
18	-1
19	-1
20	-1
21	-1
22	-1
23	-1
24	-1
25	-1
26	-1
27	-1
28	-1
29	-1
30	-1
31	-1
32	-1
33	-1
34	-1
35	-1
36	-1
37	-1
38	-1
39	-1
40	0
41	-1
42	0
R NMec = 2020
T = 43
P = 1
Biggest P = 85903
Casos  viaveis= 15424252
Profits not ignored
Solution time = 4.998e-01
Task data
   28  37   853
   29  36  1489
   34  44  1583
   52 168 10565
   64  72   941
   67 359 17255
   72  88  2247
   80 167 20456
   82  97  2292
   85  96  1408
   92 383 26263
   94 107  2106
   95 104  1262
   95 116  2536
  109 389 74470
  125 392 37287
  127 141  2109
  128 143  1863
  129 144  1155
  138 158  4270
  147 156  1621
  151 415 39441
  152 399 24390
  167 173  1392
  172 183  1823
  181 189  2086
  183 192  1379
  204 216  2137
  212 235  2638
  216 242  3023
  236 252  2549
  288 305  2868
  297 303  1335
  308 326  4871
  318 323   966
  349 368  2059
  351 364  2203
  354 359   442
  377 398  2657
  382 401  3132
  399 409  2854
  413 424  1335
  415 425  2643
End
