43 1 4.998e-01
ola
1 1 1.841e-05
1 2 1.326e-05
1 3 1.324e-05
1 4 1.439e-05
1 5 2.578e-05
1 6 8.879e-06
1 7 1.794e-05
1 8 2.448e-05
1 9 2.359e-05
1 10 1.014e-05
2 1 9.963e-06
2 2 1.005e-05
2 3 1.304e-05
2 4 1.351e-05
2 5 1.431e-05
2 6 1.035e-05
2 7 1.089e-05
2 8 9.788e-06
2 9 2.112e-05
2 10 1.081e-05
3 1 1.210e-05
3 2 9.994e-06
3 3 1.186e-05
3 4 1.582e-05
3 5 9.254e-06
3 6 1.178e-05
3 7 1.348e-05
3 8 2.601e-05
3 9 1.106e-05
3 10 1.084e-05
4 1 1.518e-05
4 2 2.653e-05
4 3 2.782e-05
4 4 2.027e-05
4 5 3.599e-05
4 6 1.125e-05
4 7 1.965e-05
4 8 2.435e-05
4 9 1.361e-05
4 10 1.068e-05
5 1 2.169e-05
5 2 3.794e-05
5 3 3.666e-05
5 4 1.151e-05
5 5 2.700e-05
5 6 1.614e-05
5 7 2.246e-05
5 8 2.351e-05
5 9 2.426e-05
5 10 3.019e-05
6 1 1.219e-05
6 2 1.324e-05
6 3 1.358e-05
6 4 2.665e-05
6 5 1.713e-05
6 6 1.304e-05
6 7 1.790e-05
6 8 4.776e-05
6 9 2.873e-05
6 10 2.172e-05
7 1 2.219e-05
7 2 2.795e-05
7 3 3.257e-05
7 4 1.642e-05
7 5 2.012e-05
7 6 2.252e-05
7 7 2.336e-05
7 8 3.403e-05
7 9 2.190e-05
7 10 2.117e-05
8 1 1.324e-05
8 2 1.640e-05
8 3 2.447e-05
8 4 5.319e-05
8 5 2.597e-05
8 6 2.674e-05
8 7 2.256e-05
8 8 2.896e-05
8 9 4.145e-05
8 10 3.946e-05
9 1 1.352e-05
9 2 1.892e-05
9 3 2.800e-05
9 4 2.595e-05
9 5 4.253e-05
9 6 7.096e-05
9 7 7.295e-05
9 8 4.630e-05
9 9 2.858e-05
9 10 7.111e-05
10 1 1.780e-05
10 2 2.083e-05
10 3 3.584e-05
10 4 4.755e-05
10 5 9.536e-05
10 6 1.074e-04
10 7 1.105e-04
10 8 1.081e-04
10 9 5.890e-05
10 10 6.113e-05
11 1 1.784e-05
11 2 2.966e-05
11 3 4.700e-05
11 4 6.477e-05
11 5 6.205e-05
11 6 1.089e-04
11 7 7.090e-05
11 8 9.234e-05
11 9 1.686e-04
11 10 1.849e-04
12 1 3.636e-05
12 2 4.688e-05
12 3 2.031e-04
12 4 1.179e-04
12 5 3.380e-04
12 6 1.816e-04
12 7 1.187e-04
12 8 1.586e-04
12 9 1.288e-04
12 10 1.438e-04
13 1 2.191e-05
13 2 4.460e-05
13 3 5.947e-05
13 4 1.106e-04
13 5 1.517e-04
13 6 2.012e-04
13 7 5.634e-04
13 8 2.609e-04
13 9 2.391e-04
13 10 4.235e-04
14 1 7.287e-05
14 2 4.808e-05
14 3 3.489e-04
14 4 2.639e-04
14 5 2.694e-04
14 6 8.202e-04
14 7 4.223e-04
14 8 5.294e-04
14 9 6.984e-04
14 10 4.463e-04
15 1 3.087e-05
15 2 9.703e-05
15 3 1.590e-04
15 4 7.610e-04
15 5 7.554e-04
15 6 1.241e-03
15 7 1.586e-03
15 8 8.632e-04
15 9 1.094e-03
15 10 1.125e-03
16 1 5.507e-05
16 2 1.941e-04
16 3 2.838e-04
16 4 7.419e-04
16 5 1.328e-03
16 6 3.338e-03
16 7 3.231e-03
16 8 4.604e-03
16 9 2.201e-03
16 10 2.167e-03
17 1 7.906e-05
17 2 5.117e-04
17 3 1.792e-04
17 4 1.994e-03
17 5 2.253e-03
17 6 3.673e-03
17 7 5.018e-03
17 8 3.984e-03
17 9 3.720e-03
17 10 6.984e-03
18 1 8.720e-05
18 2 4.014e-04
18 3 9.965e-04
18 4 3.994e-03
18 5 6.654e-03
18 6 2.290e-03
18 7 5.057e-03
18 8 6.863e-03
18 9 9.580e-03
18 10 9.097e-03
19 1 4.088e-04
19 2 4.252e-04
19 3 5.127e-03
19 4 3.867e-03
19 5 8.374e-03
19 6 1.443e-02
19 7 1.102e-02
19 8 2.502e-02
19 9 2.709e-02
19 10 2.292e-02
20 1 3.024e-04
20 2 6.355e-04
20 3 2.809e-03
20 4 5.301e-03
20 5 1.861e-02
20 6 1.434e-02
20 7 1.891e-02
20 8 2.016e-02
20 9 3.736e-02
20 10 3.846e-02
21 1 5.616e-04
21 2 1.427e-03
21 3 4.708e-03
21 4 2.651e-02
21 5 2.519e-02
21 6 5.121e-02
21 7 2.530e-02
21 8 7.777e-02
21 9 8.888e-02
21 10 9.516e-02
22 1 2.200e-03
22 2 8.858e-03
22 3 3.884e-02
22 4 2.496e-02
22 5 3.082e-02
22 6 2.671e-02
22 7 2.643e-02
22 8 8.748e-02
22 9 8.548e-02
22 10 1.007e-01
23 1 1.466e-03
23 2 3.787e-03
23 3 2.670e-02
23 4 2.149e-02
23 5 4.753e-02
23 6 1.283e-01
23 7 5.357e-02
23 8 8.923e-02
23 9 1.538e-01
23 10 2.794e-01
24 1 2.428e-03
24 2 1.952e-02
24 3 2.102e-02
24 4 6.871e-02
24 5 5.100e-02
24 6 9.198e-02
24 7 1.747e-01
24 8 1.699e-01
24 9 2.062e-01
24 10 5.934e-01
25 1 5.103e-03
25 2 4.768e-03
25 3 3.518e-02
25 4 1.272e-01
25 5 1.849e-01
25 6 2.998e-01
25 7 3.334e-01
25 8 2.193e-01
25 9 5.648e-01
25 10 5.568e-01
26 1 3.163e-03
26 2 1.383e-02
26 3 1.447e-01
26 4 7.841e-02
26 5 2.374e-01
26 6 2.030e-01
26 7 5.644e-01
26 8 3.356e-01
26 9 1.343e+00
26 10 7.816e-01
27 1 3.319e-03
27 2 1.104e-01
27 3 1.286e-01
27 4 1.341e-01
27 5 6.366e-01
27 6 4.413e-01
27 7 6.635e-01
27 8 7.771e-01
27 9 1.372e+00
27 10 2.566e+00
28 1 1.754e-02
28 2 2.675e-02
28 3 6.735e-01
28 4 1.430e+00
28 5 4.437e-01
28 6 1.424e+00
28 7 1.064e+00
28 8 2.340e+00
29 1 1.459e-02
29 2 7.165e-02
29 3 7.948e-01
29 4 6.583e-01
29 5 1.073e+00
30 1 1.355e-02
30 2 8.816e-02
30 3 1.447e-01
30 5 2.030e+00
31 1 9.271e-02
31 2 5.958e-02
31 3 4.844e-01
32 1 1.123e-02
32 2 1.045e+00
33 1 5.743e-02
33 2 5.576e-01
34 1 7.625e-02
34 2 1.558e+00
35 1 6.029e-02
35 2 1.008e+00
35 4 2.453e+00
36 1 1.468e-01
36 3 2.907e+00
37 1 1.456e-01
38 1 1.073e+00
39 1 5.689e-01
40 1 1.666e+00
43 1 4.998e-01
