recurse
P0	1 T0 13 
P1	2 T1 13 
P2	2 T2 59 
P3	5 T3 11 
P4	5 T4 12 
P-1	5 T5 24 
P-1	9 T6 19 
P-1	9 T7 25 
P-1	10 T8 18 
P-1	10 T9 20 
P3	12 T10 20 
P4	13 T11 20 
P-1	13 T12 35 
P0	14 T13 39 
P1	17 T14 27 
P-1	18 T15 37 
P3	21 T16 26 
P-1	28 T17 36 
P1	30 T18 45 
P-1	31 T19 44 
P3	32 T20 47 
P-1	32 T21 56 
P4	33 T22 41 
P-1	34 T23 49 
P-1	37 T24 54 
P0	40 T25 49 
P-1	41 T26 54 
P4	44 T27 62 
P-1	45 T28 61 
P-1	47 T29 55 
P1	49 T30 59 
P0	51 T31 63 
P3	55 T32 65 
NMec = 2020
Viable Sol. = 934993996
Profit = 50982
T = 33
P = 5
Profits not ignored
Solution time = 1.156949e+03
Task data
00    1  13  2156
01    2  13  1847
02    2  59 13526
03    5  11  1271
04    5  12   883
05    5  24  1778
06    9  19  1188
07    9  25  2007
08   10  18  1932
09   10  20  1903
10   12  20  1622
11   13  20  2248
12   13  35  2524
13   14  39  5939
14   17  27  2869
15   18  37  1530
16   21  26  1448
17   28  36  1064
18   30  45  3046
19   31  44   893
20   32  47  3226
21   32  56  2484
22   33  41  2424
23   34  49  1399
24   37  54  1503
25   40  49  1376
26   41  54  1110
27   44  62  2024
28   45  61  1012
29   47  55  1157
30   49  59  1523
31   51  63  1807
32   55  65  1747
End
