recurse
P0	2 T0 168 
P1	9 T1 11 
P-1	13 T2 37 
P1	14 T3 19 
P-1	16 T4 29 
P-1	25 T5 41 
P-1	25 T6 44 
P1	26 T7 44 
P-1	29 T8 44 
P-1	34 T9 40 
P-1	36 T10 43 
P-1	37 T11 54 
P-1	44 T12 119 
P-1	46 T13 56 
P1	49 T14 68 
P1	74 T15 81 
P-1	74 T16 83 
P1	82 T17 102 
P-1	84 T18 90 
P-1	86 T19 102 
P-1	93 T20 112 
P-1	104 T21 123 
P-1	105 T22 110 
P1	106 T23 132 
P-1	113 T24 118 
P-1	117 T25 146 
P-1	123 T26 141 
P-1	124 T27 135 
P-1	129 T28 140 
P-1	130 T29 137 
P-1	135 T30 151 
P-1	140 T31 153 
P1	141 T32 158 
P1	159 T33 167 
NMec = 2020
Viable Sol. = 57780240
Profit = 51282
T = 34
P = 2
Profits not ignored
Solution time = 6.802908e+01
Task data
00    2 168 29793
01    9  11   352
02   13  37  2751
03   14  19  1040
04   16  29   862
05   25  41  1362
06   25  44  1944
07   26  44  2698
08   29  44  1303
09   34  40   730
10   36  43  1809
11   37  54  3788
12   44 119  7761
13   46  56  1664
14   49  68  5207
15   74  81   844
16   74  83  1203
17   82 102  4101
18   84  90   700
19   86 102  1211
20   93 112  2099
21  104 123  1746
22  105 110   697
23  106 132  4352
24  113 118  1411
25  117 146  3457
26  123 141  2678
27  124 135  1229
28  129 140  1338
29  130 137   973
30  135 151  1724
31  140 153   859
32  141 158  1739
33  159 167  1156
End
