P0	6 T0 12 
P0	35 T1 42 
P-1	31 T2 55 
P0	60 T3 67 
P-1	67 T4 73 
P-1	56 T5 78 
P-1	57 T6 82 
P0	73 T7 85 
P-1	70 T8 87 
P-1	81 T9 91 
P-1	71 T10 103 
P0	90 T11 103 
P-1	103 T12 111 
P-1	103 T13 119 
P0	111 T14 119 
P-1	104 T15 122 
P0	130 T16 155 
P-1	155 T17 161 
P-1	146 T18 163 
P0	191 T19 200 
P-1	180 T20 204 
P0	201 T21 206 
P-1	206 T22 217 
P0	222 T23 236 
P-1	236 T24 246 
P0	246 T25 262 
P-1	253 T26 267 
P-1	257 T27 269 
P0	278 T28 285 
NMec = 2020
Viable Sol. = 0
Profit = 12
T = 29
P = 1
Profits ignored
Solution time = 5.436e-06
Task data
00    6  12     1
01   35  42     1
02   31  55     1
03   60  67     1
04   67  73     1
05   56  78     1
06   57  82     1
07   73  85     1
08   70  87     1
09   81  91     1
10   71 103     1
11   90 103     1
12  103 111     1
13  103 119     1
14  111 119     1
15  104 122     1
16  130 155     1
17  155 161     1
18  146 163     1
19  191 200     1
20  180 204     1
21  201 206     1
22  206 217     1
23  222 236     1
24  236 246     1
25  246 262     1
26  253 267     1
27  257 269     1
28  278 285     1
End
