P0	0 T0 10 
P1	1 T1 14 
P2	2 T2 9 
P3	2 T3 14 
P-1	2 T4 39 
P-1	3 T5 32 
P-1	3 T6 41 
P4	4 T7 11 
P-1	5 T8 26 
P-1	5 T9 40 
P5	9 T10 20 
P2	10 T11 20 
P6	10 T12 27 
P0	14 T13 26 
P1	15 T14 23 
P3	16 T15 26 
P4	17 T16 18 
P-1	17 T17 32 
P4	19 T18 26 
P-1	20 T19 35 
P-1	20 T20 37 
P2	21 T21 39 
P5	23 T22 26 
P1	26 T23 35 
P0	27 T24 33 
P3	27 T25 34 
P4	28 T26 41 
P5	29 T27 33 
P6	31 T28 40 
NMec = 2020
Viable Sol. = 158786740
Profit = 21
T = 29
P = 7
Profits ignored
Solution time = 1.563e+00
Task data
00    0  10     1
01    1  14     1
02    2   9     1
03    2  14     1
04    2  39     1
05    3  32     1
06    3  41     1
07    4  11     1
08    5  26     1
09    5  40     1
10    9  20     1
11   10  20     1
12   10  27     1
13   14  26     1
14   15  23     1
15   16  26     1
16   17  18     1
17   17  32     1
18   19  26     1
19   20  35     1
20   20  37     1
21   21  39     1
22   23  26     1
23   26  35     1
24   27  33     1
25   27  34     1
26   28  41     1
27   29  33     1
28   31  40     1
End
