P0	0 T0 7 
P-1	0 T1 17 
P-1	0 T2 26 
P-1	1 T3 20 
P1	2 T4 4 
P2	2 T5 12 
P3	3 T6 7 
P-1	3 T7 20 
P-1	3 T8 23 
P-1	3 T9 25 
P4	4 T10 7 
P-1	4 T11 29 
P-1	5 T12 23 
P1	6 T13 18 
P5	6 T14 24 
P6	7 T15 14 
P7	7 T16 14 
P0	8 T17 9 
P3	9 T18 24 
P0	10 T19 27 
P4	10 T20 27 
P8	12 T21 28 
P2	13 T22 16 
P9	13 T23 21 
P1	19 T24 21 
P2	19 T25 22 
P6	19 T26 29 
P7	21 T27 29 
P1	22 T28 23 
NMec = 2020
Viable Sol. = 376765584
Profit = 21
T = 29
P = 10
Profits ignored
Solution time = 3.088e+00
Task data
00    0   7     1
01    0  17     1
02    0  26     1
03    1  20     1
04    2   4     1
05    2  12     1
06    3   7     1
07    3  20     1
08    3  23     1
09    3  25     1
10    4   7     1
11    4  29     1
12    5  23     1
13    6  18     1
14    6  24     1
15    7  14     1
16    7  14     1
17    8   9     1
18    9  24     1
19   10  27     1
20   10  27     1
21   12  28     1
22   13  16     1
23   13  21     1
24   19  21     1
25   19  22     1
26   19  29     1
27   21  29     1
28   22  23     1
End
