P-1	0 T0 38 
P0	1 T1 10 
P1	3 T2 8 
P-1	4 T3 49 
P2	6 T4 19 
P-1	7 T5 30 
P-1	9 T6 35 
P-1	10 T7 25 
P0	11 T8 22 
P1	14 T9 26 
P3	16 T10 23 
P4	16 T11 25 
P-1	16 T12 35 
P-1	20 T13 39 
P2	21 T14 26 
P0	23 T15 31 
P-1	24 T16 42 
P-1	26 T17 46 
P-1	27 T18 38 
P-1	27 T19 44 
P-1	31 T20 37 
P0	32 T21 42 
P1	32 T22 58 
P2	33 T23 37 
P3	35 T24 44 
P4	35 T25 46 
P2	41 T26 50 
P0	50 T27 56 
P2	51 T28 56 
P3	52 T29 56 
NMec = 2020
Viable Sol. = 79282560
Profit = 18
T = 30
P = 5
Profits ignored
Solution time = 5.816e-01
Task data
00    0  38     1
01    1  10     1
02    3   8     1
03    4  49     1
04    6  19     1
05    7  30     1
06    9  35     1
07   10  25     1
08   11  22     1
09   14  26     1
10   16  23     1
11   16  25     1
12   16  35     1
13   20  39     1
14   21  26     1
15   23  31     1
16   24  42     1
17   26  46     1
18   27  38     1
19   27  44     1
20   31  37     1
21   32  42     1
22   32  58     1
23   33  37     1
24   35  44     1
25   35  46     1
26   41  50     1
27   50  56     1
28   51  56     1
29   52  56     1
End
