P0	1 T0 10 
P-1	9 T1 21 
P0	29 T2 43 
P-1	36 T3 49 
P-1	36 T4 52 
P0	49 T5 62 
P0	79 T6 88 
P0	98 T7 104 
P-1	83 T8 107 
P-1	101 T9 107 
P-1	90 T10 111 
P-1	104 T11 116 
P0	128 T12 133 
P0	138 T13 145 
P0	160 T14 168 
P-1	163 T15 175 
P-1	167 T16 189 
P0	202 T17 210 
P-1	201 T18 222 
P0	226 T19 231 
P0	234 T20 252 
P-1	244 T21 253 
P-1	245 T22 254 
P-1	64 T23 258 
P-1	247 T24 264 
P-1	251 T25 274 
P0	267 T26 283 
P-1	21 T27 289 
P-1	52 T28 298 
P-1	131 T29 298 
NMec = 2020
Viable Sol. = 0
Profit = 12
T = 30
P = 1
Profits ignored
Solution time = 8.394e-06
Task data
00    1  10     1
01    9  21     1
02   29  43     1
03   36  49     1
04   36  52     1
05   49  62     1
06   79  88     1
07   98 104     1
08   83 107     1
09  101 107     1
10   90 111     1
11  104 116     1
12  128 133     1
13  138 145     1
14  160 168     1
15  163 175     1
16  167 189     1
17  202 210     1
18  201 222     1
19  226 231     1
20  234 252     1
21  244 253     1
22  245 254     1
23   64 258     1
24  247 264     1
25  251 274     1
26  267 283     1
27   21 289     1
28   52 298     1
29  131 298     1
End
