P0	0 T0 10 
P-1	0 T1 19 
P1	1 T2 8 
P2	1 T3 9 
P-1	2 T4 21 
P-1	2 T5 25 
P-1	3 T6 24 
P3	4 T7 15 
P-1	4 T8 28 
P-1	5 T9 19 
P-1	6 T10 26 
P-1	7 T11 19 
P-1	7 T12 23 
P-1	7 T13 27 
P-1	7 T14 28 
P-1	8 T15 21 
P-1	8 T16 26 
P4	8 T17 28 
P1	9 T18 12 
P2	10 T19 22 
P5	10 T20 29 
P0	11 T21 14 
P6	11 T22 19 
P7	12 T23 29 
P1	14 T24 22 
P0	15 T25 23 
P8	15 T26 26 
P3	17 T27 29 
P9	19 T28 29 
P6	20 T29 24 
NMec = 2020
Viable Sol. = 304191728
Profit = 17
T = 30
P = 10
Profits ignored
Solution time = 3.283e+00
Task data
00    0  10     1
01    0  19     1
02    1   8     1
03    1   9     1
04    2  21     1
05    2  25     1
06    3  24     1
07    4  15     1
08    4  28     1
09    5  19     1
10    6  26     1
11    7  19     1
12    7  23     1
13    7  27     1
14    7  28     1
15    8  21     1
16    8  26     1
17    8  28     1
18    9  12     1
19   10  22     1
20   10  29     1
21   11  14     1
22   11  19     1
23   12  29     1
24   14  22     1
25   15  23     1
26   15  26     1
27   17  29     1
28   19  29     1
29   20  24     1
End
