P0	2 T0 18 
P-1	11 T1 23 
P0	19 T2 27 
P0	28 T3 46 
P-1	44 T4 48 
P0	52 T5 57 
P-1	55 T6 64 
P0	68 T7 82 
P-1	73 T8 91 
P0	107 T9 118 
P-1	111 T10 122 
P-1	117 T11 129 
P0	126 T12 135 
P-1	127 T13 142 
P-1	134 T14 146 
P0	145 T15 147 
P0	150 T16 165 
P0	180 T17 186 
P0	188 T18 192 
P-1	188 T19 196 
P0	204 T20 218 
P-1	213 T21 221 
P-1	218 T22 229 
P0	219 T23 231 
P-1	226 T24 239 
P-1	210 T25 243 
P0	241 T26 246 
P-1	245 T27 249 
P-1	238 T28 255 
P-1	246 T29 257 
P0	253 T30 261 
NMec = 2020
Viable Sol. = 0
Profit = 15
T = 31
P = 1
Profits ignored
Solution time = 6.104e-06
Task data
00    2  18     1
01   11  23     1
02   19  27     1
03   28  46     1
04   44  48     1
05   52  57     1
06   55  64     1
07   68  82     1
08   73  91     1
09  107 118     1
10  111 122     1
11  117 129     1
12  126 135     1
13  127 142     1
14  134 146     1
15  145 147     1
16  150 165     1
17  180 186     1
18  188 192     1
19  188 196     1
20  204 218     1
21  213 221     1
22  218 229     1
23  219 231     1
24  226 239     1
25  210 243     1
26  241 246     1
27  245 249     1
28  238 255     1
29  246 257     1
30  253 261     1
End
