P-1	0 T0 75 
P0	4 T1 16 
P-1	4 T2 29 
P1	6 T3 8 
P2	6 T4 14 
P1	13 T5 18 
P-1	14 T6 29 
P-1	15 T7 28 
P-1	16 T8 25 
P0	18 T9 31 
P-1	18 T10 36 
P-1	20 T11 38 
P1	21 T12 27 
P-1	21 T13 33 
P-1	22 T14 37 
P2	25 T15 26 
P3	25 T16 37 
P2	27 T17 36 
P1	31 T18 50 
P0	33 T19 37 
P-1	36 T20 57 
P0	39 T21 42 
P-1	39 T22 56 
P2	42 T23 47 
P0	45 T24 52 
P2	49 T25 70 
P3	50 T26 59 
P1	52 T27 70 
P0	55 T28 66 
P3	62 T29 74 
P0	67 T30 75 
NMec = 2020
Viable Sol. = 143465686
Profit = 20
T = 31
P = 4
Profits ignored
Solution time = 1.056e+00
Task data
00    0  75     1
01    4  16     1
02    4  29     1
03    6   8     1
04    6  14     1
05   13  18     1
06   14  29     1
07   15  28     1
08   16  25     1
09   18  31     1
10   18  36     1
11   20  38     1
12   21  27     1
13   21  33     1
14   22  37     1
15   25  26     1
16   25  37     1
17   27  36     1
18   31  50     1
19   33  37     1
20   36  57     1
21   39  42     1
22   39  56     1
23   42  47     1
24   45  52     1
25   49  70     1
26   50  59     1
27   52  70     1
28   55  66     1
29   62  74     1
30   67  75     1
End
