P-1	0 T0 16 
P-1	0 T1 21 
P-1	0 T2 29 
P0	1 T3 4 
P1	1 T4 11 
P-1	1 T5 18 
P-1	1 T6 23 
P-1	2 T7 20 
P2	3 T8 10 
P-1	3 T9 20 
P-1	3 T10 27 
P-1	4 T11 14 
P-1	4 T12 15 
P-1	4 T13 26 
P0	5 T14 12 
P-1	5 T15 21 
P3	6 T16 14 
P-1	7 T17 29 
P4	8 T18 14 
P5	8 T19 21 
P6	8 T20 24 
P7	9 T21 17 
P8	9 T22 23 
P9	10 T23 30 
P0	13 T24 24 
P1	13 T25 27 
P2	13 T26 28 
P3	16 T27 28 
P4	17 T28 23 
P7	21 T29 29 
P0	29 T30 30 
NMec = 2020
Viable Sol. = 548992848
Profit = 18
T = 31
P = 10
Profits ignored
Solution time = 4.207e+00
Task data
00    0  16     1
01    0  21     1
02    0  29     1
03    1   4     1
04    1  11     1
05    1  18     1
06    1  23     1
07    2  20     1
08    3  10     1
09    3  20     1
10    3  27     1
11    4  14     1
12    4  15     1
13    4  26     1
14    5  12     1
15    5  21     1
16    6  14     1
17    7  29     1
18    8  14     1
19    8  21     1
20    8  24     1
21    9  17     1
22    9  23     1
23   10  30     1
24   13  24     1
25   13  27     1
26   13  28     1
27   16  28     1
28   17  23     1
29   21  29     1
30   29  30     1
End
