P-1	0 T0 53 
P0	3 T1 13 
P1	3 T2 18 
P2	5 T3 18 
P-1	5 T4 23 
P3	9 T5 13 
P-1	9 T6 33 
P-1	11 T7 24 
P4	12 T8 22 
P5	13 T9 32 
P-1	13 T10 48 
P0	14 T11 28 
P-1	15 T12 38 
P3	17 T13 30 
P1	19 T14 24 
P2	19 T15 36 
P-1	24 T16 39 
P-1	25 T17 43 
P-1	25 T18 46 
P-1	26 T19 40 
P-1	31 T20 47 
P-1	31 T21 50 
P-1	32 T22 47 
P-1	33 T23 42 
P0	33 T24 49 
P1	34 T25 51 
P3	35 T26 42 
P4	36 T27 43 
P2	37 T28 46 
P5	37 T29 49 
P3	43 T30 48 
P4	46 T31 53 
NMec = 2020
Viable Sol. = 359450853
Profit = 18
T = 32
P = 6
Profits ignored
Solution time = 3.784e+00
Task data
00    0  53     1
01    3  13     1
02    3  18     1
03    5  18     1
04    5  23     1
05    9  13     1
06    9  33     1
07   11  24     1
08   12  22     1
09   13  32     1
10   13  48     1
11   14  28     1
12   15  38     1
13   17  30     1
14   19  24     1
15   19  36     1
16   24  39     1
17   25  43     1
18   25  46     1
19   26  40     1
20   31  47     1
21   31  50     1
22   32  47     1
23   33  42     1
24   33  49     1
25   34  51     1
26   35  42     1
27   36  43     1
28   37  46     1
29   37  49     1
30   43  48     1
31   46  53     1
End
