P-1	1 T0 25 
P0	5 T1 25 
P1	6 T2 14 
P2	6 T3 23 
P-1	10 T4 35 
P-1	17 T5 43 
P-1	20 T6 34 
P-1	20 T7 37 
P1	22 T8 34 
P0	28 T9 46 
P2	31 T10 42 
P1	39 T11 51 
P0	49 T12 62 
P2	51 T13 55 
P-1	53 T14 65 
P-1	55 T15 70 
P-1	55 T16 95 
P1	56 T17 74 
P2	59 T18 69 
P-1	60 T19 75 
P-1	63 T20 77 
P0	64 T21 69 
P-1	71 T22 85 
P0	73 T23 87 
P1	75 T24 77 
P2	75 T25 78 
P-1	77 T26 99 
P-1	84 T27 100 
P1	86 T28 91 
P2	86 T29 97 
P0	91 T30 97 
P0	99 T31 103 
NMec = 2020
Viable Sol. = 159121956
Profit = 19
T = 32
P = 3
Profits ignored
Solution time = 1.224e+00
Task data
00    1  25     1
01    5  25     1
02    6  14     1
03    6  23     1
04   10  35     1
05   17  43     1
06   20  34     1
07   20  37     1
08   22  34     1
09   28  46     1
10   31  42     1
11   39  51     1
12   49  62     1
13   51  55     1
14   53  65     1
15   55  70     1
16   55  95     1
17   56  74     1
18   59  69     1
19   60  75     1
20   63  77     1
21   64  69     1
22   71  85     1
23   73  87     1
24   75  77     1
25   75  78     1
26   77  99     1
27   84 100     1
28   86  91     1
29   86  97     1
30   91  97     1
31   99 103     1
End
