P-1	1 T0 79 
P0	2 T1 7 
P1	6 T2 17 
P2	7 T3 18 
P0	8 T4 13 
P-1	8 T5 51 
P0	15 T6 20 
P3	15 T7 22 
P-1	19 T8 26 
P-1	19 T9 44 
P-1	22 T10 32 
P0	23 T11 31 
P1	24 T12 35 
P2	24 T13 39 
P3	25 T14 41 
P-1	26 T15 46 
P-1	31 T16 50 
P-1	33 T17 56 
P-1	36 T18 50 
P0	37 T19 49 
P1	38 T20 50 
P2	43 T21 49 
P-1	43 T22 63 
P3	44 T23 48 
P-1	51 T24 61 
P0	53 T25 54 
P-1	53 T26 61 
P1	54 T27 68 
P2	54 T28 72 
P0	56 T29 68 
P3	57 T30 61 
P3	68 T31 78 
NMec = 2020
Viable Sol. = 273801348
Profit = 20
T = 32
P = 4
Profits ignored
Solution time = 2.018e+00
Task data
00    1  79     1
01    2   7     1
02    6  17     1
03    7  18     1
04    8  13     1
05    8  51     1
06   15  20     1
07   15  22     1
08   19  26     1
09   19  44     1
10   22  32     1
11   23  31     1
12   24  35     1
13   24  39     1
14   25  41     1
15   26  46     1
16   31  50     1
17   33  56     1
18   36  50     1
19   37  49     1
20   38  50     1
21   43  49     1
22   43  63     1
23   44  48     1
24   51  61     1
25   53  54     1
26   53  61     1
27   54  68     1
28   54  72     1
29   56  68     1
30   57  61     1
31   68  78     1
End
