P0	0 T0 10 
P1	1 T1 19 
P2	1 T2 26 
P3	3 T3 8 
P4	3 T4 11 
P5	3 T5 11 
P6	3 T6 18 
P-1	3 T7 21 
P7	5 T8 22 
P-1	5 T9 24 
P8	6 T10 23 
P9	6 T11 27 
P-1	7 T12 21 
P-1	7 T13 23 
P-1	7 T14 29 
P-1	8 T15 13 
P-1	9 T16 10 
P-1	9 T17 22 
P3	9 T18 29 
P-1	10 T19 24 
P0	11 T20 28 
P-1	12 T21 15 
P-1	12 T22 28 
P4	14 T23 23 
P5	14 T24 26 
P-1	16 T25 22 
P-1	18 T26 25 
P1	20 T27 29 
P6	21 T28 29 
P4	25 T29 28 
P7	26 T30 29 
P2	27 T31 30 
NMec = 2020
Viable Sol. = 1918594524
Profit = 44666
T = 32
P = 10
Profits not ignored
Solution time = 1.603e+01
Task data
00    0  10  1411
01    1  19  4219
02    1  26  3993
03    3   8  1250
04    3  11  1647
05    3  11  1436
06    3  18  2318
07    3  21  1197
08    5  22  3633
09    5  24  2393
10    6  23  3446
11    6  27  4219
12    7  21  1358
13    7  23  2308
14    7  29  2314
15    8  13   972
16    9  10   477
17    9  22  1519
18    9  29  3836
19   10  24  1604
20   11  28  3044
21   12  15   756
22   12  28  1975
23   14  23  2816
24   14  26  2562
25   16  22   480
26   18  25  1544
27   20  29  1467
28   21  29  1341
29   25  28   822
30   26  29   481
31   27  30   725
End
