P0	1 T0 12 
P-1	2 T1 107 
P1	6 T2 13 
P2	7 T3 19 
P-1	9 T4 24 
P-1	13 T5 29 
P-1	16 T6 28 
P-1	17 T7 32 
P0	21 T8 38 
P1	22 T9 23 
P2	22 T10 31 
P-1	31 T11 86 
P-1	34 T12 50 
P1	35 T13 43 
P-1	41 T14 50 
P-1	41 T15 59 
P-1	42 T16 63 
P0	44 T17 52 
P1	46 T18 64 
P-1	47 T19 71 
P-1	47 T20 102 
P2	49 T21 51 
P0	55 T22 64 
P-1	55 T23 71 
P-1	62 T24 77 
P0	65 T25 77 
P1	66 T26 81 
P2	71 T27 85 
P-1	74 T28 88 
P0	81 T29 92 
P1	84 T30 96 
P2	86 T31 107 
P0	98 T32 100 
NMec = 2020
Viable Sol. = 121801336
Profit = 18
T = 33
P = 3
Profits ignored
Solution time = 9.930e-01
Task data
00    1  12     1
01    2 107     1
02    6  13     1
03    7  19     1
04    9  24     1
05   13  29     1
06   16  28     1
07   17  32     1
08   21  38     1
09   22  23     1
10   22  31     1
11   31  86     1
12   34  50     1
13   35  43     1
14   41  50     1
15   41  59     1
16   42  63     1
17   44  52     1
18   46  64     1
19   47  71     1
20   47 102     1
21   49  51     1
22   55  64     1
23   55  71     1
24   62  77     1
25   65  77     1
26   66  81     1
27   71  85     1
28   74  88     1
29   81  92     1
30   84  96     1
31   86 107     1
32   98 100     1
End
