P-1	0 T0 36 
P0	4 T1 19 
P-1	4 T2 23 
P-1	4 T3 26 
P1	5 T4 11 
P-1	5 T5 24 
P2	6 T6 23 
P-1	6 T7 27 
P3	7 T8 20 
P4	8 T9 18 
P-1	8 T10 34 
P5	9 T11 22 
P6	10 T12 15 
P-1	11 T13 32 
P-1	12 T14 34 
P1	14 T15 21 
P-1	15 T16 25 
P6	16 T17 19 
P7	17 T18 27 
P-1	19 T19 37 
P-1	19 T20 41 
P0	20 T21 32 
P3	21 T22 36 
P4	21 T23 38 
P1	22 T24 26 
P5	23 T25 34 
P6	23 T26 39 
P2	25 T27 29 
P1	27 T28 37 
P2	30 T29 32 
P7	32 T30 38 
P0	33 T31 37 
P2	35 T32 39 
NMec = 2020
Viable Sol. = 1710925781
Profit = 22
T = 33
P = 8
Profits ignored
Solution time = 1.326e+01
Task data
00    0  36     1
01    4  19     1
02    4  23     1
03    4  26     1
04    5  11     1
05    5  24     1
06    6  23     1
07    6  27     1
08    7  20     1
09    8  18     1
10    8  34     1
11    9  22     1
12   10  15     1
13   11  32     1
14   12  34     1
15   14  21     1
16   15  25     1
17   16  19     1
18   17  27     1
19   19  37     1
20   19  41     1
21   20  32     1
22   21  36     1
23   21  38     1
24   22  26     1
25   23  34     1
26   23  39     1
27   25  29     1
28   27  37     1
29   30  32     1
30   32  38     1
31   33  37     1
32   35  39     1
End
