P0	0 T0 36 
P1	4 T1 19 
P-1	4 T2 23 
P2	4 T3 26 
P3	5 T4 11 
P4	5 T5 24 
P-1	6 T6 23 
P-1	6 T7 27 
P-1	7 T8 20 
P5	8 T9 18 
P6	8 T10 34 
P-1	9 T11 22 
P-1	10 T12 15 
P7	11 T13 32 
P3	12 T14 34 
P-1	14 T15 21 
P-1	15 T16 25 
P-1	16 T17 19 
P-1	17 T18 27 
P-1	19 T19 37 
P5	19 T20 41 
P-1	20 T21 32 
P1	21 T22 36 
P-1	21 T23 38 
P-1	22 T24 26 
P-1	23 T25 34 
P-1	23 T26 39 
P4	25 T27 29 
P2	27 T28 37 
P-1	30 T29 32 
P4	32 T30 38 
P7	33 T31 37 
P3	35 T32 39 
NMec = 2020
Viable Sol. = 1710925781
Profit = 47531
T = 33
P = 8
Profits not ignored
Solution time = 1.371e+01
Task data
00    0  36  7579
01    4  19  2588
02    4  23  2706
03    4  26  4362
04    5  11   655
05    5  24  3886
06    6  23  1496
07    6  27  2832
08    7  20   856
09    8  18  1450
10    8  34  4807
11    9  22  1134
12   10  15   617
13   11  32  4027
14   12  34  5055
15   14  21   945
16   15  25  2521
17   16  19  1084
18   17  27  1413
19   19  37  2833
20   19  41  3140
21   20  32  1055
22   21  36  3459
23   21  38  2146
24   22  26   444
25   23  34  1156
26   23  39  2752
27   25  29   572
28   27  37  2316
29   30  32   503
30   32  38  1624
31   33  37   839
32   35  39  1172
End
