P0	5 T0 11 
P-1	9 T1 20 
P0	20 T2 28 
P-1	26 T3 43 
P0	30 T4 49 
P-1	30 T5 50 
P0	57 T6 76 
P0	88 T7 95 
P-1	93 T8 120 
P0	120 T9 135 
P-1	131 T10 145 
P0	142 T11 152 
P-1	140 T12 156 
P-1	152 T13 171 
P0	166 T14 186 
P-1	185 T15 194 
P0	198 T16 204 
P-1	204 T17 209 
P-1	202 T18 221 
P0	215 T19 222 
P-1	198 T20 224 
P-1	216 T21 228 
P0	226 T22 233 
P-1	107 T23 241 
P0	248 T24 257 
P0	272 T25 281 
P-1	26 T26 297 
P0	282 T27 297 
P-1	294 T28 308 
P-1	293 T29 310 
P0	300 T30 312 
P-1	48 T31 318 
P0	313 T32 320 
NMec = 2020
Viable Sol. = 0
Profit = 16
T = 33
P = 1
Profits ignored
Solution time = 6.573e-06
Task data
00    5  11     1
01    9  20     1
02   20  28     1
03   26  43     1
04   30  49     1
05   30  50     1
06   57  76     1
07   88  95     1
08   93 120     1
09  120 135     1
10  131 145     1
11  142 152     1
12  140 156     1
13  152 171     1
14  166 186     1
15  185 194     1
16  198 204     1
17  204 209     1
18  202 221     1
19  215 222     1
20  198 224     1
21  216 228     1
22  226 233     1
23  107 241     1
24  248 257     1
25  272 281     1
26   26 297     1
27  282 297     1
28  294 308     1
29  293 310     1
30  300 312     1
31   48 318     1
32  313 320     1
End
