P-1	2 T0 14 
P-1	2 T1 16 
P0	4 T2 13 
P-1	4 T3 164 
P1	5 T4 14 
P-1	11 T5 17 
P-1	13 T6 15 
P-1	13 T7 67 
P0	14 T8 24 
P1	15 T9 23 
P-1	18 T10 162 
P0	29 T11 36 
P1	35 T12 41 
P-1	47 T13 66 
P0	57 T14 68 
P1	61 T15 72 
P-1	69 T16 85 
P-1	70 T17 85 
P-1	72 T18 83 
P0	73 T19 96 
P-1	78 T20 109 
P1	83 T21 89 
P1	90 T22 102 
P-1	94 T23 108 
P0	105 T24 119 
P1	106 T25 110 
P-1	110 T26 130 
P-1	115 T27 133 
P1	118 T28 125 
P-1	121 T29 140 
P0	123 T30 137 
P1	129 T31 143 
P0	143 T32 150 
NMec = 2020
Viable Sol. = 19763899
Profit = 17
T = 33
P = 2
Profits ignored
Solution time = 1.644e-01
Task data
00    2  14     1
01    2  16     1
02    4  13     1
03    4 164     1
04    5  14     1
05   11  17     1
06   13  15     1
07   13  67     1
08   14  24     1
09   15  23     1
10   18 162     1
11   29  36     1
12   35  41     1
13   47  66     1
14   57  68     1
15   61  72     1
16   69  85     1
17   70  85     1
18   72  83     1
19   73  96     1
20   78 109     1
21   83  89     1
22   90 102     1
23   94 108     1
24  105 119     1
25  106 110     1
26  110 130     1
27  115 133     1
28  118 125     1
29  121 140     1
30  123 137     1
31  129 143     1
32  143 150     1
End
