P-1	1 T0 17 
P-1	1 T1 20 
P0	2 T2 13 
P1	2 T3 16 
P-1	2 T4 20 
P-1	2 T5 21 
P2	3 T6 9 
P-1	3 T7 22 
P3	6 T8 8 
P4	6 T9 13 
P5	6 T10 14 
P6	7 T11 17 
P7	8 T12 14 
P-1	9 T13 30 
P2	10 T14 18 
P-1	10 T15 20 
P-1	11 T16 22 
P3	12 T17 21 
P8	13 T18 23 
P-1	13 T19 26 
P-1	13 T20 31 
P-1	13 T21 33 
P0	14 T22 29 
P4	15 T23 25 
P1	17 T24 26 
P5	18 T25 26 
P6	18 T26 27 
P2	20 T27 26 
P7	20 T28 30 
P3	22 T29 35 
P4	26 T30 33 
P8	26 T31 34 
P1	29 T32 35 
NMec = 2020
Viable Sol. = 2490077666
Profit = 22
T = 33
P = 9
Profits ignored
Solution time = 1.825e+01
Task data
00    1  17     1
01    1  20     1
02    2  13     1
03    2  16     1
04    2  20     1
05    2  21     1
06    3   9     1
07    3  22     1
08    6   8     1
09    6  13     1
10    6  14     1
11    7  17     1
12    8  14     1
13    9  30     1
14   10  18     1
15   10  20     1
16   11  22     1
17   12  21     1
18   13  23     1
19   13  26     1
20   13  31     1
21   13  33     1
22   14  29     1
23   15  25     1
24   17  26     1
25   18  26     1
26   18  27     1
27   20  26     1
28   20  30     1
29   22  35     1
30   26  33     1
31   26  34     1
32   29  35     1
End
