P0	0 T0 17 
P1	0 T1 17 
P-1	0 T2 18 
P2	1 T3 8 
P3	3 T4 11 
P-1	3 T5 18 
P-1	3 T6 21 
P-1	4 T7 20 
P-1	4 T8 27 
P-1	5 T9 22 
P-1	6 T10 20 
P4	7 T11 11 
P5	8 T12 19 
P2	10 T13 21 
P6	11 T14 16 
P7	11 T15 19 
P8	11 T16 22 
P-1	11 T17 25 
P-1	11 T18 31 
P3	12 T19 19 
P4	12 T20 20 
P-1	12 T21 28 
P-1	13 T22 26 
P6	17 T23 25 
P9	17 T24 30 
P0	18 T25 26 
P1	18 T26 32 
P3	20 T27 31 
P4	21 T28 26 
P5	21 T29 27 
P7	21 T30 30 
P2	23 T31 28 
P8	23 T32 30 
NMec = 2020
Viable Sol. = 3387416684
Profit = 22
T = 33
P = 10
Profits ignored
Solution time = 2.714e+01
Task data
00    0  17     1
01    0  17     1
02    0  18     1
03    1   8     1
04    3  11     1
05    3  18     1
06    3  21     1
07    4  20     1
08    4  27     1
09    5  22     1
10    6  20     1
11    7  11     1
12    8  19     1
13   10  21     1
14   11  16     1
15   11  19     1
16   11  22     1
17   11  25     1
18   11  31     1
19   12  19     1
20   12  20     1
21   12  28     1
22   13  26     1
23   17  25     1
24   17  30     1
25   18  26     1
26   18  32     1
27   20  31     1
28   21  26     1
29   21  27     1
30   21  30     1
31   23  28     1
32   23  30     1
End
