P0	0 T0 10 
P1	0 T1 26 
P2	1 T2 7 
P3	1 T3 15 
P4	1 T4 34 
P5	2 T5 12 
P-1	2 T6 20 
P6	2 T7 21 
P-1	4 T8 12 
P-1	5 T9 9 
P7	5 T10 11 
P-1	5 T11 25 
P2	9 T12 20 
P-1	9 T13 20 
P-1	10 T14 23 
P0	12 T15 28 
P-1	13 T16 27 
P-1	13 T17 33 
P5	14 T18 30 
P3	16 T19 24 
P-1	16 T20 25 
P-1	17 T21 22 
P7	18 T22 26 
P-1	20 T23 25 
P-1	20 T24 29 
P2	22 T25 38 
P3	25 T26 41 
P1	27 T27 38 
P6	27 T28 39 
P-1	28 T29 33 
P0	29 T30 35 
P5	32 T31 38 
P7	32 T32 38 
P4	35 T33 41 
NMec = 2020
Viable Sol. = 6375068730
Profit = 49101
T = 34
P = 8
Profits not ignored
Solution time = 4.892e+01
Task data
00    0  10  1804
01    0  26  4272
02    1   7  1609
03    1  15  2153
04    1  34  4262
05    2  12  1118
06    2  20  1936
07    2  21  3037
08    4  12  1076
09    5   9   637
10    5  11  1714
11    5  25  2663
12    9  20  1644
13    9  20   821
14   10  23   925
15   12  28  3057
16   13  27  1219
17   13  33  1917
18   14  30  4371
19   16  24  1890
20   16  25   843
21   17  22  1187
22   18  26  1817
23   20  25   683
24   20  29  1616
25   22  38  4162
26   25  41  2925
27   27  38  1471
28   27  39  3674
29   28  33   411
30   29  35   720
31   32  38  1181
32   32  38  1016
33   35  41  1204
End
