P0	5 T0 328 
P-1	9 T1 19 
P-1	10 T2 327 
P-1	16 T3 20 
P-1	20 T4 38 
P-1	28 T5 204 
P-1	34 T6 47 
P-1	39 T7 54 
P-1	60 T8 64 
P-1	74 T9 86 
P-1	75 T10 87 
P-1	78 T11 88 
P-1	85 T12 100 
P-1	94 T13 101 
P-1	99 T14 124 
P-1	101 T15 111 
P-1	128 T16 137 
P-1	130 T17 158 
P-1	147 T18 161 
P-1	183 T19 187 
P-1	184 T20 198 
P-1	190 T21 193 
P-1	207 T22 224 
P-1	217 T23 240 
P-1	220 T24 233 
P-1	227 T25 232 
P-1	246 T26 301 
P-1	263 T27 279 
P-1	264 T28 266 
P-1	265 T29 273 
P-1	283 T30 291 
P-1	288 T31 299 
P-1	308 T32 331 
P-1	315 T33 320 
NMec = 2020
Viable Sol. = 2738504
Profit = 69382
T = 34
P = 1
Profits not ignored
Solution time = 2.434e-02
Task data
00    5 328 69382
01    9  19  1221
02   10 327 54139
03   16  20   452
04   20  38  2384
05   28 204 20629
06   34  47  1800
07   39  54  1030
08   60  64  1108
09   74  86   821
10   75  87  1383
11   78  88  1398
12   85 100  1937
13   94 101  1278
14   99 124  3219
15  101 111  2050
16  128 137  1388
17  130 158  3095
18  147 161  4050
19  183 187   453
20  184 198  3592
21  190 193   537
22  207 224  2727
23  217 240  3464
24  220 233  3027
25  227 232   374
26  246 301 11554
27  263 279  2313
28  264 266   777
29  265 273   995
30  283 291  1357
31  288 299  2337
32  308 331  4643
33  315 320   508
End
