P-1	5 T0 28 
P-1	5 T1 66 
P-1	6 T2 16 
P0	6 T3 22 
P1	8 T4 15 
P-1	8 T5 71 
P2	10 T6 20 
P3	14 T7 20 
P-1	15 T8 33 
P1	20 T9 24 
P-1	20 T10 36 
P2	21 T11 22 
P-1	23 T12 59 
P0	25 T13 36 
P1	26 T14 42 
P-1	28 T15 47 
P2	29 T16 36 
P-1	29 T17 52 
P3	31 T18 39 
P-1	37 T19 50 
P-1	37 T20 52 
P0	41 T21 67 
P-1	41 T22 75 
P2	42 T23 60 
P1	43 T24 47 
P3	45 T25 57 
P1	55 T26 61 
P-1	56 T27 80 
P-1	59 T28 83 
P-1	61 T29 81 
P1	62 T30 77 
P2	67 T31 75 
P0	73 T32 83 
P3	74 T33 76 
NMec = 2020
Viable Sol. = 557804632
Profit = 19
T = 34
P = 4
Profits ignored
Solution time = 4.687e+00
Task data
00    5  28     1
01    5  66     1
02    6  16     1
03    6  22     1
04    8  15     1
05    8  71     1
06   10  20     1
07   14  20     1
08   15  33     1
09   20  24     1
10   20  36     1
11   21  22     1
12   23  59     1
13   25  36     1
14   26  42     1
15   28  47     1
16   29  36     1
17   29  52     1
18   31  39     1
19   37  50     1
20   37  52     1
21   41  67     1
22   41  75     1
23   42  60     1
24   43  47     1
25   45  57     1
26   55  61     1
27   56  80     1
28   59  83     1
29   61  81     1
30   62  77     1
31   67  75     1
32   73  83     1
33   74  76     1
End
