P-1	2 T0 168 
P0	9 T1 11 
P-1	13 T2 37 
P0	14 T3 19 
P1	16 T4 29 
P-1	25 T5 41 
P-1	25 T6 44 
P-1	26 T7 44 
P-1	29 T8 44 
P0	34 T9 40 
P1	36 T10 43 
P-1	37 T11 54 
P-1	44 T12 119 
P0	46 T13 56 
P1	49 T14 68 
P0	74 T15 81 
P1	74 T16 83 
P-1	82 T17 102 
P0	84 T18 90 
P1	86 T19 102 
P-1	93 T20 112 
P0	104 T21 123 
P1	105 T22 110 
P-1	106 T23 132 
P1	113 T24 118 
P-1	117 T25 146 
P-1	123 T26 141 
P-1	124 T27 135 
P0	129 T28 140 
P1	130 T29 137 
P-1	135 T30 151 
P1	140 T31 153 
P0	141 T32 158 
P0	159 T33 167 
NMec = 2020
Viable Sol. = 57780240
Profit = 19
T = 34
P = 2
Profits ignored
Solution time = 4.541e-01
Task data
00    2 168     1
01    9  11     1
02   13  37     1
03   14  19     1
04   16  29     1
05   25  41     1
06   25  44     1
07   26  44     1
08   29  44     1
09   34  40     1
10   36  43     1
11   37  54     1
12   44 119     1
13   46  56     1
14   49  68     1
15   74  81     1
16   74  83     1
17   82 102     1
18   84  90     1
19   86 102     1
20   93 112     1
21  104 123     1
22  105 110     1
23  106 132     1
24  113 118     1
25  117 146     1
26  123 141     1
27  124 135     1
28  129 140     1
29  130 137     1
30  135 151     1
31  140 153     1
32  141 158     1
33  159 167     1
End
