P0	2 T0 11 
P-1	2 T1 14 
P-1	2 T2 21 
P-1	3 T3 14 
P-1	5 T4 15 
P-1	5 T5 17 
P-1	5 T6 18 
P-1	5 T7 31 
P1	6 T8 17 
P2	6 T9 17 
P-1	6 T10 28 
P3	9 T11 26 
P4	11 T12 27 
P0	12 T13 20 
P5	12 T14 22 
P-1	17 T15 53 
P-1	18 T16 32 
P1	18 T17 34 
P-1	18 T18 36 
P-1	19 T19 36 
P0	21 T20 38 
P2	24 T21 26 
P5	26 T22 35 
P2	29 T23 37 
P-1	29 T24 47 
P-1	30 T25 49 
P3	31 T26 41 
P4	32 T27 52 
P1	35 T28 38 
P5	37 T29 48 
P2	38 T30 56 
P0	39 T31 51 
P1	40 T32 44 
P3	44 T33 51 
NMec = 2020
Viable Sol. = 2655683124
Profit = 20
T = 34
P = 6
Profits ignored
Solution time = 2.264e+01
Task data
00    2  11     1
01    2  14     1
02    2  21     1
03    3  14     1
04    5  15     1
05    5  17     1
06    5  18     1
07    5  31     1
08    6  17     1
09    6  17     1
10    6  28     1
11    9  26     1
12   11  27     1
13   12  20     1
14   12  22     1
15   17  53     1
16   18  32     1
17   18  34     1
18   18  36     1
19   19  36     1
20   21  38     1
21   24  26     1
22   26  35     1
23   29  37     1
24   29  47     1
25   30  49     1
26   31  41     1
27   32  52     1
28   35  38     1
29   37  48     1
30   38  56     1
31   39  51     1
32   40  44     1
33   44  51     1
End
