P0	0 T0 10 
P-1	0 T1 26 
P1	1 T2 7 
P2	1 T3 15 
P-1	1 T4 34 
P3	2 T5 12 
P-1	2 T6 20 
P-1	2 T7 21 
P4	4 T8 12 
P5	5 T9 9 
P6	5 T10 11 
P-1	5 T11 25 
P-1	9 T12 20 
P1	9 T13 20 
P-1	10 T14 23 
P-1	12 T15 28 
P-1	13 T16 27 
P-1	13 T17 33 
P0	14 T18 30 
P2	16 T19 24 
P3	16 T20 25 
P4	17 T21 22 
P5	18 T22 26 
P6	20 T23 25 
P7	20 T24 29 
P1	22 T25 38 
P2	25 T26 41 
P3	27 T27 38 
P4	27 T28 39 
P5	28 T29 33 
P6	29 T30 35 
P0	32 T31 38 
P7	32 T32 38 
P5	35 T33 41 
NMec = 2020
Viable Sol. = 6375068730
Profit = 24
T = 34
P = 8
Profits ignored
Solution time = 4.780e+01
Task data
00    0  10     1
01    0  26     1
02    1   7     1
03    1  15     1
04    1  34     1
05    2  12     1
06    2  20     1
07    2  21     1
08    4  12     1
09    5   9     1
10    5  11     1
11    5  25     1
12    9  20     1
13    9  20     1
14   10  23     1
15   12  28     1
16   13  27     1
17   13  33     1
18   14  30     1
19   16  24     1
20   16  25     1
21   17  22     1
22   18  26     1
23   20  25     1
24   20  29     1
25   22  38     1
26   25  41     1
27   27  38     1
28   27  39     1
29   28  33     1
30   29  35     1
31   32  38     1
32   32  38     1
33   35  41     1
End
