P0	0 T0 4 
P1	1 T1 5 
P2	1 T2 6 
P3	2 T3 3 
P4	2 T4 11 
P-1	2 T5 20 
P5	2 T6 37 
P3	4 T7 25 
P0	5 T8 16 
P6	5 T9 20 
P-1	5 T10 31 
P1	8 T11 17 
P2	8 T12 35 
P-1	9 T13 17 
P7	9 T14 30 
P4	12 T15 22 
P-1	13 T16 23 
P-1	13 T17 31 
P-1	15 T18 30 
P-1	15 T19 34 
P8	15 T20 34 
P-1	16 T21 29 
P0	17 T22 37 
P1	18 T23 26 
P-1	19 T24 24 
P-1	20 T25 25 
P-1	21 T26 31 
P-1	21 T27 31 
P6	22 T28 32 
P-1	22 T29 35 
P-1	23 T30 32 
P4	23 T31 38 
P1	28 T32 36 
P3	30 T33 37 
P6	34 T34 35 
NMec = 2020
Viable Sol. = 9306351424
Profit = 51298
T = 35
P = 9
Profits not ignored
Solution time = 8.258e+01
Task data
00    0   4   770
01    1   5   540
02    1   6   457
03    2   3   357
04    2  11  2383
05    2  20  1283
06    2  37  8287
07    4  25  4718
08    5  16  2557
09    5  20  2134
10    5  31  2156
11    8  17  1087
12    8  35  3610
13    9  17   981
14    9  30  3603
15   12  22  2163
16   13  23  1631
17   13  31  2139
18   15  30  2496
19   15  34  2032
20   15  34  5261
21   16  29  2475
22   17  37  2429
23   18  26  2327
24   19  24   554
25   20  25   580
26   21  31  1291
27   21  31  1190
28   22  32  3012
29   22  35  1663
30   23  32  1674
31   23  38  3086
32   28  36  1002
33   30  37  1133
34   34  35   382
End
