P0	4 T0 17 
P1	4 T1 19 
P2	6 T2 19 
P-1	9 T3 21 
P3	11 T4 12 
P-1	12 T5 28 
P-1	13 T6 24 
P-1	13 T7 34 
P-1	13 T8 41 
P-1	14 T9 17 
P-1	14 T10 28 
P3	15 T11 32 
P-1	17 T12 28 
P-1	17 T13 31 
P-1	18 T14 35 
P0	18 T15 83 
P-1	19 T16 40 
P-1	20 T17 29 
P-1	20 T18 33 
P1	20 T19 39 
P-1	21 T20 31 
P2	21 T21 36 
P-1	22 T22 36 
P-1	27 T23 41 
P-1	28 T24 38 
P-1	28 T25 45 
P-1	32 T26 47 
P3	36 T27 45 
P-1	38 T28 46 
P1	42 T29 47 
P2	45 T30 53 
P1	52 T31 69 
P2	57 T32 67 
P2	68 T33 85 
P1	70 T34 77 
NMec = 2020
Viable Sol. = 102968736
Profit = 44205
T = 35
P = 4
Profits not ignored
Solution time = 7.626e-01
Task data
00    4  17  1572
01    4  19  1901
02    6  19  1915
03    9  21  1615
04   11  12   132
05   12  28  3290
06   13  24  1829
07   13  34  2264
08   13  41  2623
09   14  17   894
10   14  28  2095
11   15  32  4718
12   17  28  1002
13   17  31  1693
14   18  35  3494
15   18  83 13091
16   19  40  3136
17   20  29  2013
18   20  33  2542
19   20  39  3561
20   21  31  1548
21   21  36  3239
22   22  36  2731
23   27  41  2603
24   28  38  1170
25   28  45  1768
26   32  47   936
27   36  45  1416
28   38  46   796
29   42  47  1140
30   45  53  1269
31   52  69  3371
32   57  67  2276
33   68  85  2619
34   70  77  1985
End
