P0	18 T0 314 
P-1	42 T1 212 
P-1	78 T2 86 
P-1	79 T3 99 
P-1	83 T4 100 
P-1	95 T5 99 
P-1	97 T6 115 
P-1	104 T7 297 
P-1	109 T8 117 
P-1	113 T9 125 
P-1	121 T10 134 
P-1	132 T11 154 
P-1	132 T12 156 
P-1	139 T13 141 
P-1	148 T14 170 
P-1	170 T15 191 
P-1	172 T16 178 
P-1	175 T17 184 
P-1	176 T18 184 
P-1	193 T19 208 
P-1	200 T20 209 
P-1	202 T21 211 
P-1	213 T22 235 
P-1	217 T23 230 
P-1	225 T24 234 
P-1	248 T25 250 
P-1	249 T26 253 
P-1	263 T27 280 
P-1	271 T28 287 
P-1	287 T29 291 
P-1	297 T30 313 
P-1	299 T31 309 
P-1	309 T32 332 
P0	330 T33 348 
P-1	332 T34 348 
NMec = 2020
Viable Sol. = 1949445
Profit = 51510
T = 35
P = 1
Profits not ignored
Solution time = 2.005e-02
Task data
00   18 314 47648
01   42 212 27545
02   78  86   861
03   79  99  2420
04   83 100  2171
05   95  99   535
06   97 115  2547
07  104 297 31831
08  109 117   862
09  113 125  2526
10  121 134  1079
11  132 154  1817
12  132 156  6533
13  139 141   453
14  148 170  2358
15  170 191  2507
16  172 178  1115
17  175 184  1431
18  176 184  2516
19  193 208  1360
20  200 209   748
21  202 211  2647
22  213 235  6219
23  217 230  2072
24  225 234  1616
25  248 250   507
26  249 253  1249
27  263 280  3243
28  271 287   917
29  287 291   443
30  297 313  2138
31  299 309  1274
32  309 332  4333
33  330 348  3862
34  332 348  2110
End
