P-1	6 T0 111 
P-1	9 T1 24 
P0	9 T2 33 
P1	15 T3 24 
P-1	18 T4 90 
P1	26 T5 46 
P-1	40 T6 150 
P0	49 T7 64 
P1	55 T8 68 
P-1	64 T9 79 
P-1	66 T10 86 
P-1	68 T11 125 
P-1	74 T12 88 
P-1	75 T13 138 
P-1	76 T14 84 
P0	77 T15 89 
P1	77 T16 93 
P-1	90 T17 112 
P-1	96 T18 109 
P0	97 T19 106 
P1	106 T20 108 
P0	107 T21 116 
P-1	110 T22 122 
P0	118 T23 125 
P-1	118 T24 134 
P1	119 T25 129 
P0	129 T26 135 
P-1	139 T27 152 
P0	141 T28 145 
P-1	141 T29 154 
P-1	144 T30 160 
P-1	145 T31 169 
P-1	147 T32 155 
P0	151 T33 161 
P1	152 T34 159 
NMec = 2020
Viable Sol. = 28267512
Profit = 16
T = 35
P = 2
Profits ignored
Solution time = 2.797e-01
Task data
00    6 111     1
01    9  24     1
02    9  33     1
03   15  24     1
04   18  90     1
05   26  46     1
06   40 150     1
07   49  64     1
08   55  68     1
09   64  79     1
10   66  86     1
11   68 125     1
12   74  88     1
13   75 138     1
14   76  84     1
15   77  89     1
16   77  93     1
17   90 112     1
18   96 109     1
19   97 106     1
20  106 108     1
21  107 116     1
22  110 122     1
23  118 125     1
24  118 134     1
25  119 129     1
26  129 135     1
27  139 152     1
28  141 145     1
29  141 154     1
30  144 160     1
31  145 169     1
32  147 155     1
33  151 161     1
34  152 159     1
End
