P-1	0 T0 9 
P0	1 T1 8 
P-1	1 T2 22 
P-1	1 T3 29 
P1	2 T4 15 
P2	2 T5 18 
P3	6 T6 17 
P4	7 T7 15 
P5	7 T8 28 
P-1	7 T9 32 
P6	8 T10 28 
P-1	10 T11 40 
P0	16 T12 19 
P1	17 T13 19 
P4	17 T14 24 
P2	19 T15 28 
P-1	20 T16 32 
P-1	20 T17 42 
P-1	21 T18 35 
P0	21 T19 35 
P-1	21 T20 43 
P1	22 T21 31 
P3	25 T22 32 
P-1	25 T23 43 
P4	27 T24 32 
P-1	27 T25 37 
P-1	27 T26 42 
P-1	27 T27 46 
P2	29 T28 37 
P5	29 T29 37 
P6	29 T30 46 
P1	33 T31 43 
P3	35 T32 39 
P0	36 T33 46 
P4	37 T34 45 
NMec = 2020
Viable Sol. = 4703728143
Profit = 22
T = 35
P = 7
Profits ignored
Solution time = 4.587e+01
Task data
00    0   9     1
01    1   8     1
02    1  22     1
03    1  29     1
04    2  15     1
05    2  18     1
06    6  17     1
07    7  15     1
08    7  28     1
09    7  32     1
10    8  28     1
11   10  40     1
12   16  19     1
13   17  19     1
14   17  24     1
15   19  28     1
16   20  32     1
17   20  42     1
18   21  35     1
19   21  35     1
20   21  43     1
21   22  31     1
22   25  32     1
23   25  43     1
24   27  32     1
25   27  37     1
26   27  42     1
27   27  46     1
28   29  37     1
29   29  37     1
30   29  46     1
31   33  43     1
32   35  39     1
33   36  46     1
34   37  45     1
End
