P0	0 T0 6 
P-1	8 T1 31 
P-1	12 T2 27 
P-1	15 T3 26 
P0	18 T4 35 
P1	19 T5 29 
P2	22 T6 33 
P-1	26 T7 116 
P1	33 T8 52 
P0	40 T9 47 
P2	47 T10 55 
P-1	52 T11 63 
P0	54 T12 60 
P1	54 T13 73 
P2	59 T14 68 
P-1	66 T15 84 
P0	69 T16 80 
P2	69 T17 83 
P-1	73 T18 97 
P-1	76 T19 86 
P1	77 T20 84 
P-1	77 T21 88 
P-1	82 T22 89 
P-1	83 T23 86 
P0	83 T24 92 
P2	84 T25 92 
P1	86 T26 93 
P0	93 T27 104 
P1	94 T28 103 
P-1	94 T29 107 
P2	95 T30 96 
P-1	95 T31 111 
P1	104 T32 113 
P0	106 T33 107 
P2	106 T34 112 
NMec = 2020
Viable Sol. = 1057625028
Profit = 22
T = 35
P = 3
Profits ignored
Solution time = 8.090e+00
Task data
00    0   6     1
01    8  31     1
02   12  27     1
03   15  26     1
04   18  35     1
05   19  29     1
06   22  33     1
07   26 116     1
08   33  52     1
09   40  47     1
10   47  55     1
11   52  63     1
12   54  60     1
13   54  73     1
14   59  68     1
15   66  84     1
16   69  80     1
17   69  83     1
18   73  97     1
19   76  86     1
20   77  84     1
21   77  88     1
22   82  89     1
23   83  86     1
24   83  92     1
25   84  92     1
26   86  93     1
27   93 104     1
28   94 103     1
29   94 107     1
30   95  96     1
31   95 111     1
32  104 113     1
33  106 107     1
34  106 112     1
End
