P-1	0 T0 7 
P-1	0 T1 10 
P0	0 T2 17 
P-1	0 T3 20 
P1	1 T4 6 
P2	1 T5 34 
P3	2 T6 9 
P4	2 T7 16 
P5	2 T8 18 
P-1	2 T9 27 
P-1	3 T10 10 
P6	4 T11 11 
P-1	5 T12 14 
P7	5 T13 19 
P8	5 T14 23 
P9	6 T15 26 
P-1	6 T16 34 
P1	7 T17 24 
P-1	10 T18 18 
P-1	10 T19 22 
P3	13 T20 28 
P-1	13 T21 32 
P-1	14 T22 22 
P-1	14 T23 29 
P6	14 T24 32 
P4	17 T25 29 
P-1	18 T26 21 
P0	18 T27 30 
P5	19 T28 32 
P-1	20 T29 23 
P-1	22 T30 28 
P7	22 T31 32 
P8	24 T32 31 
P1	28 T33 30 
P3	29 T34 31 
NMec = 2020
Viable Sol. = 16891596128
Profit = 52367
T = 35
P = 10
Profits not ignored
Solution time = 1.497e+02
Task data
00    0   7   634
01    0  10   873
02    0  17  2458
03    0  20  2137
04    1   6   898
05    1  34  4334
06    2   9  1313
07    2  16  3748
08    2  18  4452
09    2  27  2704
10    3  10   632
11    4  11   988
12    5  14   904
13    5  19  2722
14    5  23  4020
15    6  26  4820
16    6  34  2181
17    7  24  2621
18   10  18  1329
19   10  22  1311
20   13  28  3010
21   13  32  2168
22   14  22  1039
23   14  29  1241
24   14  32  4173
25   17  29  3239
26   18  21   509
27   18  30  2827
28   19  32  2442
29   20  23   825
30   22  28   776
31   22  32  1930
32   24  31  1721
33   28  30   392
34   29  31   259
End
