P0	1 T0 6 
P1	1 T1 7 
P-1	3 T2 16 
P-1	3 T3 17 
P-1	4 T4 38 
P2	6 T5 19 
P0	7 T6 14 
P3	7 T7 16 
P1	9 T8 22 
P4	10 T9 24 
P-1	11 T10 30 
P0	21 T11 28 
P-1	22 T12 61 
P1	23 T13 36 
P2	25 T14 31 
P-1	25 T15 65 
P3	26 T16 42 
P4	26 T17 44 
P0	30 T18 38 
P-1	30 T19 49 
P-1	31 T20 55 
P-1	33 T21 49 
P1	37 T22 43 
P-1	38 T23 53 
P0	40 T24 46 
P2	42 T25 53 
P3	43 T26 49 
P-1	43 T27 60 
P1	45 T28 49 
P0	47 T29 58 
P4	49 T30 57 
P1	50 T31 63 
P3	51 T32 67 
P2	56 T33 69 
P0	59 T34 67 
P1	66 T35 71 
NMec = 2020
Viable Sol. = 8766278056
Profit = 25
T = 36
P = 5
Profits ignored
Solution time = 7.173e+01
Task data
00    1   6     1
01    1   7     1
02    3  16     1
03    3  17     1
04    4  38     1
05    6  19     1
06    7  14     1
07    7  16     1
08    9  22     1
09   10  24     1
10   11  30     1
11   21  28     1
12   22  61     1
13   23  36     1
14   25  31     1
15   25  65     1
16   26  42     1
17   26  44     1
18   30  38     1
19   30  49     1
20   31  55     1
21   33  49     1
22   37  43     1
23   38  53     1
24   40  46     1
25   42  53     1
26   43  49     1
27   43  60     1
28   45  49     1
29   47  58     1
30   49  57     1
31   50  63     1
32   51  67     1
33   56  69     1
34   59  67     1
35   66  71     1
End
