P0	2 T0 13 
P-1	5 T1 51 
P1	6 T2 19 
P-1	8 T3 28 
P-1	9 T4 30 
P2	10 T5 21 
P-1	10 T6 26 
P0	14 T7 24 
P-1	15 T8 34 
P3	16 T9 25 
P-1	16 T10 33 
P4	17 T11 22 
P5	17 T12 29 
P-1	18 T13 39 
P-1	18 T14 41 
P6	19 T15 37 
P1	21 T16 27 
P-1	21 T17 51 
P2	23 T18 33 
P-1	24 T19 40 
P0	25 T20 35 
P4	25 T21 36 
P-1	26 T22 47 
P3	27 T23 35 
P1	29 T24 32 
P-1	31 T25 47 
P-1	33 T26 45 
P-1	33 T27 45 
P1	34 T28 49 
P2	35 T29 39 
P5	35 T30 47 
P0	36 T31 45 
P3	36 T32 49 
P4	37 T33 48 
P6	38 T34 49 
P2	42 T35 44 
NMec = 2020
Viable Sol. = 5921995584
Profit = 22
T = 36
P = 7
Profits ignored
Solution time = 6.564e+01
Task data
00    2  13     1
01    5  51     1
02    6  19     1
03    8  28     1
04    9  30     1
05   10  21     1
06   10  26     1
07   14  24     1
08   15  34     1
09   16  25     1
10   16  33     1
11   17  22     1
12   17  29     1
13   18  39     1
14   18  41     1
15   19  37     1
16   21  27     1
17   21  51     1
18   23  33     1
19   24  40     1
20   25  35     1
21   25  36     1
22   26  47     1
23   27  35     1
24   29  32     1
25   31  47     1
26   33  45     1
27   33  45     1
28   34  49     1
29   35  39     1
30   35  47     1
31   36  45     1
32   36  49     1
33   37  48     1
34   38  49     1
35   42  44     1
End
