P-1	3 T0 47 
P-1	4 T1 18 
P0	4 T2 22 
P-1	5 T3 28 
P-1	6 T4 31 
P1	7 T5 31 
P2	9 T6 21 
P3	11 T7 23 
P-1	14 T8 35 
P4	15 T9 21 
P5	15 T10 27 
P-1	16 T11 40 
P-1	18 T12 39 
P-1	19 T13 41 
P-1	20 T14 40 
P2	22 T15 39 
P-1	24 T16 44 
P0	25 T17 36 
P-1	25 T18 41 
P3	26 T19 31 
P4	26 T20 39 
P5	29 T21 37 
P-1	30 T22 54 
P-1	31 T23 43 
P-1	32 T24 58 
P-1	33 T25 55 
P-1	34 T26 42 
P1	34 T27 44 
P3	34 T28 52 
P0	39 T29 40 
P2	40 T30 47 
P4	40 T31 53 
P5	40 T32 53 
P0	44 T33 54 
P1	46 T34 51 
P2	49 T35 58 
NMec = 2020
Viable Sol. = 1798526930
Profit = 20
T = 36
P = 6
Profits ignored
Solution time = 1.627e+01
Task data
00    3  47     1
01    4  18     1
02    4  22     1
03    5  28     1
04    6  31     1
05    7  31     1
06    9  21     1
07   11  23     1
08   14  35     1
09   15  21     1
10   15  27     1
11   16  40     1
12   18  39     1
13   19  41     1
14   20  40     1
15   22  39     1
16   24  44     1
17   25  36     1
18   25  41     1
19   26  31     1
20   26  39     1
21   29  37     1
22   30  54     1
23   31  43     1
24   32  58     1
25   33  55     1
26   34  42     1
27   34  44     1
28   34  52     1
29   39  40     1
30   40  47     1
31   40  53     1
32   40  53     1
33   44  54     1
34   46  51     1
35   49  58     1
End
