P0	1 T0 8 
P1	1 T1 10 
P2	1 T2 17 
P3	1 T3 22 
P4	2 T4 14 
P5	3 T5 22 
P6	3 T6 25 
P7	6 T7 15 
P-1	7 T8 10 
P-1	7 T9 13 
P8	7 T10 18 
P-1	8 T11 22 
P0	9 T12 22 
P1	11 T13 18 
P-1	14 T14 23 
P-1	14 T15 26 
P-1	14 T16 27 
P4	15 T17 26 
P-1	15 T18 29 
P7	16 T19 38 
P2	18 T20 25 
P-1	18 T21 27 
P-1	18 T22 32 
P-1	18 T23 32 
P-1	19 T24 23 
P-1	19 T25 27 
P1	21 T26 38 
P8	21 T27 39 
P-1	22 T28 34 
P0	23 T29 37 
P-1	24 T30 26 
P3	25 T31 34 
P5	25 T32 37 
P2	26 T33 35 
P6	26 T34 39 
P4	33 T35 37 
NMec = 2020
Viable Sol. = 21835730210
Profit = 43113
T = 36
P = 9
Profits not ignored
Solution time = 1.925e+02
Task data
00    1   8  1242
01    1  10  1258
02    1  17  2659
03    1  22  2035
04    2  14  1104
05    3  22  2510
06    3  25  1941
07    6  15  2468
08    7  10   666
09    7  13   831
10    7  18  1571
11    8  22  1360
12    9  22  2717
13   11  18  1034
14   14  23  1059
15   14  26  1544
16   14  27  1176
17   15  26  2371
18   15  29  1744
19   16  38  4446
20   18  25  1322
21   18  27   825
22   18  32  1221
23   18  32  2065
24   19  23   922
25   19  27   805
26   21  38  2400
27   21  39  2711
28   22  34  2007
29   23  37  1882
30   24  26   737
31   25  34  1045
32   25  37  1446
33   26  35  1842
34   26  39  2432
35   33  37   677
End
