P0	2 T0 13 
P1	5 T1 51 
P2	6 T2 19 
P3	8 T3 28 
P-1	9 T4 30 
P-1	10 T5 21 
P-1	10 T6 26 
P-1	14 T7 24 
P0	15 T8 34 
P4	16 T9 25 
P5	16 T10 33 
P6	17 T11 22 
P-1	17 T12 29 
P-1	18 T13 39 
P-1	18 T14 41 
P-1	19 T15 37 
P-1	21 T16 27 
P2	21 T17 51 
P6	23 T18 33 
P-1	24 T19 40 
P-1	25 T20 35 
P-1	25 T21 36 
P4	26 T22 47 
P-1	27 T23 35 
P3	29 T24 32 
P-1	31 T25 47 
P3	33 T26 45 
P-1	33 T27 45 
P5	34 T28 49 
P-1	35 T29 39 
P-1	35 T30 47 
P-1	36 T31 45 
P0	36 T32 49 
P6	37 T33 48 
P-1	38 T34 49 
P-1	42 T35 44 
NMec = 2020
Viable Sol. = 5921995584
Profit = 53945
T = 36
P = 7
Profits not ignored
Solution time = 6.398e+01
Task data
00    2  13  1197
01    5  51 10766
02    6  19  1025
03    8  28  5610
04    9  30  2043
05   10  21  1062
06   10  26  1582
07   14  24  1324
08   15  34  3798
09   16  25  2178
10   16  33  4066
11   17  22  1385
12   17  29   842
13   18  39  3739
14   18  41  2799
15   19  37  2756
16   21  27  1114
17   21  51  6591
18   23  33  2449
19   24  40  1817
20   25  35  2022
21   25  36  1961
22   26  47  3659
23   27  35  1007
24   29  32   621
25   31  47  2283
26   33  45  2638
27   33  45  2280
28   34  49  2623
29   35  39  1114
30   35  47  1402
31   36  45  1028
32   36  49  2697
33   37  48  2642
34   38  49  1710
35   42  44   271
End
