P0	14 T0 23 
P0	29 T1 41 
P-1	38 T2 47 
P0	43 T3 54 
P-1	51 T4 68 
P-1	51 T5 74 
P0	64 T6 78 
P0	85 T7 96 
P-1	68 T8 105 
P0	110 T9 118 
P-1	115 T10 120 
P-1	112 T11 123 
P-1	5 T12 130 
P0	122 T13 130 
P-1	125 T14 137 
P0	155 T15 163 
P-1	149 T16 167 
P-1	85 T17 177 
P0	168 T18 185 
P0	191 T19 197 
P-1	194 T20 203 
P0	210 T21 227 
P0	252 T22 272 
P-1	262 T23 272 
P-1	265 T24 272 
P-1	97 T25 273 
P-1	264 T26 274 
P-1	270 T27 275 
P0	290 T28 315 
P-1	310 T29 329 
P0	334 T30 338 
P-1	336 T31 341 
P0	341 T32 346 
P-1	339 T33 349 
P-1	331 T34 352 
P-1	0 T35 359 
NMec = 2020
Viable Sol. = 0
Profit = 15
T = 36
P = 1
Profits ignored
Solution time = 6.254e-06
Task data
00   14  23     1
01   29  41     1
02   38  47     1
03   43  54     1
04   51  68     1
05   51  74     1
06   64  78     1
07   85  96     1
08   68 105     1
09  110 118     1
10  115 120     1
11  112 123     1
12    5 130     1
13  122 130     1
14  125 137     1
15  155 163     1
16  149 167     1
17   85 177     1
18  168 185     1
19  191 197     1
20  194 203     1
21  210 227     1
22  252 272     1
23  262 272     1
24  265 272     1
25   97 273     1
26  264 274     1
27  270 275     1
28  290 315     1
29  310 329     1
30  334 338     1
31  336 341     1
32  341 346     1
33  339 349     1
34  331 352     1
35    0 359     1
End
