P0	0 T0 359 
P-1	5 T1 130 
P-1	14 T2 23 
P-1	29 T3 41 
P-1	38 T4 47 
P-1	43 T5 54 
P-1	51 T6 68 
P-1	51 T7 74 
P-1	64 T8 78 
P-1	68 T9 105 
P-1	85 T10 96 
P-1	85 T11 177 
P-1	97 T12 273 
P-1	110 T13 118 
P-1	112 T14 123 
P-1	115 T15 120 
P-1	122 T16 130 
P-1	125 T17 137 
P-1	149 T18 167 
P-1	155 T19 163 
P-1	168 T20 185 
P-1	191 T21 197 
P-1	194 T22 203 
P-1	210 T23 227 
P-1	252 T24 272 
P-1	262 T25 272 
P-1	264 T26 274 
P-1	265 T27 272 
P-1	270 T28 275 
P-1	290 T29 315 
P-1	310 T30 329 
P-1	331 T31 352 
P-1	334 T32 338 
P-1	336 T33 341 
P-1	339 T34 349 
P-1	341 T35 346 
NMec = 2020
Viable Sol. = 4254145
Profit = 59163
T = 36
P = 1
Profits not ignored
Solution time = 4.332e-02
Task data
00    0 359 59163
01    5 130 20402
02   14  23  1928
03   29  41  2002
04   38  47   847
05   43  54  1268
06   51  68  1750
07   51  74  5103
08   64  78  1775
09   68 105  2511
10   85  96   754
11   85 177  8962
12   97 273 16300
13  110 118  1737
14  112 123  1545
15  115 120   450
16  122 130  2245
17  125 137  1193
18  149 167  2435
19  155 163   880
20  168 185  3229
21  191 197  1260
22  194 203  1540
23  210 227  2489
24  252 272  2674
25  262 272  2321
26  264 274  2627
27  265 272  1042
28  270 275   736
29  290 315  4383
30  310 329  2170
31  331 352  2884
32  334 338  1193
33  336 341  1226
34  339 349  1079
35  341 346  1088
End
