P-1	1 T0 23 
P-1	2 T1 179 
P0	4 T2 11 
P-1	7 T3 15 
P1	9 T4 13 
P0	12 T5 22 
P-1	18 T6 37 
P1	22 T7 30 
P-1	27 T8 40 
P-1	33 T9 43 
P-1	34 T10 35 
P0	34 T11 40 
P1	35 T12 49 
P-1	38 T13 62 
P0	41 T14 57 
P1	56 T15 70 
P0	66 T16 67 
P0	69 T17 78 
P0	79 T18 98 
P1	83 T19 88 
P-1	86 T20 114 
P-1	87 T21 172 
P-1	88 T22 102 
P1	92 T23 100 
P0	100 T24 107 
P-1	101 T25 121 
P1	104 T26 112 
P0	109 T27 133 
P1	114 T28 126 
P-1	128 T29 150 
P-1	141 T30 148 
P0	142 T31 149 
P1	145 T32 146 
P-1	156 T33 161 
P0	158 T34 170 
P1	160 T35 175 
NMec = 2020
Viable Sol. = 422932574
Profit = 21
T = 36
P = 2
Profits ignored
Solution time = 3.252e+00
Task data
00    1  23     1
01    2 179     1
02    4  11     1
03    7  15     1
04    9  13     1
05   12  22     1
06   18  37     1
07   22  30     1
08   27  40     1
09   33  43     1
10   34  35     1
11   34  40     1
12   35  49     1
13   38  62     1
14   41  57     1
15   56  70     1
16   66  67     1
17   69  78     1
18   79  98     1
19   83  88     1
20   86 114     1
21   87 172     1
22   88 102     1
23   92 100     1
24  100 107     1
25  101 121     1
26  104 112     1
27  109 133     1
28  114 126     1
29  128 150     1
30  141 148     1
31  142 149     1
32  145 146     1
33  156 161     1
34  158 170     1
35  160 175     1
End
