P0	0 T0 85 
P-1	1 T1 88 
P1	6 T2 18 
P-1	9 T3 15 
P-1	9 T4 21 
P2	10 T5 23 
P-1	12 T6 22 
P-1	13 T7 22 
P-1	13 T8 26 
P3	15 T9 34 
P-1	16 T10 28 
P1	19 T11 42 
P-1	20 T12 26 
P-1	22 T13 25 
P-1	24 T14 31 
P-1	24 T15 31 
P2	25 T16 35 
P-1	35 T17 40 
P2	40 T18 44 
P3	40 T19 49 
P-1	42 T20 61 
P1	43 T21 64 
P-1	44 T22 60 
P-1	45 T23 55 
P-1	46 T24 56 
P2	47 T25 58 
P-1	51 T26 65 
P3	52 T27 79 
P-1	55 T28 65 
P-1	55 T29 67 
P-1	60 T30 70 
P-1	62 T31 69 
P2	62 T32 85 
P1	69 T33 83 
P-1	75 T34 78 
P-1	77 T35 87 
P0	89 T36 92 
NMec = 2020
Viable Sol. = 3473846006
Profit = 49454
T = 37
P = 4
Profits not ignored
Solution time = 2.579e+01
Task data
00    0  85 15168
01    1  88  7553
02    6  18  1943
03    9  15  1049
04    9  21   835
05   10  23  3240
06   12  22  2978
07   13  22  1152
08   13  26  1407
09   15  34  4460
10   16  28  1861
11   19  42  2853
12   20  26  1383
13   22  25   406
14   24  31  1005
15   24  31   849
16   25  35  1280
17   35  40   408
18   40  44  1028
19   40  49  1733
20   42  61  1807
21   43  64  3123
22   44  60  2516
23   45  55   706
24   46  56  1441
25   47  58  2130
26   51  65  1489
27   52  79  4151
28   55  65  1024
29   55  67   890
30   60  70  1778
31   62  69  1808
32   62  85  5717
33   69  83  2301
34   75  78   547
35   77  87  1052
36   89  92   327
End
