P0	11 T0 17 
P0	34 T1 43 
P0	49 T2 60 
P0	64 T3 75 
P-1	72 T4 77 
P-1	57 T5 84 
P0	88 T6 94 
P-1	84 T7 97 
P-1	94 T8 104 
P0	103 T9 113 
P-1	108 T10 117 
P-1	102 T11 118 
P0	119 T12 126 
P-1	120 T13 132 
P-1	77 T14 169 
P0	159 T15 178 
P-1	178 T16 185 
P0	184 T17 193 
P-1	176 T18 194 
P-1	192 T19 206 
P0	200 T20 222 
P-1	171 T21 239 
P0	237 T22 240 
P-1	233 T23 242 
P-1	227 T24 250 
P-1	233 T25 252 
P-1	230 T26 254 
P0	250 T27 259 
P0	267 T28 277 
P-1	234 T29 283 
P0	283 T30 295 
P-1	282 T31 297 
P-1	110 T32 300 
P-1	295 T33 305 
P-1	68 T34 307 
P0	337 T35 339 
P0	341 T36 362 
NMec = 2020
Viable Sol. = 0
Profit = 16
T = 37
P = 1
Profits ignored
Solution time = 9.467e-06
Task data
00   11  17     1
01   34  43     1
02   49  60     1
03   64  75     1
04   72  77     1
05   57  84     1
06   88  94     1
07   84  97     1
08   94 104     1
09  103 113     1
10  108 117     1
11  102 118     1
12  119 126     1
13  120 132     1
14   77 169     1
15  159 178     1
16  178 185     1
17  184 193     1
18  176 194     1
19  192 206     1
20  200 222     1
21  171 239     1
22  237 240     1
23  233 242     1
24  227 250     1
25  233 252     1
26  230 254     1
27  250 259     1
28  267 277     1
29  234 283     1
30  283 295     1
31  282 297     1
32  110 300     1
33  295 305     1
34   68 307     1
35  337 339     1
36  341 362     1
End
