P0	0 T0 10 
P1	1 T1 17 
P2	4 T2 122 
P-1	9 T3 26 
P0	11 T4 99 
P-1	11 T5 122 
P-1	15 T6 24 
P1	18 T7 32 
P-1	25 T8 37 
P-1	30 T9 36 
P1	41 T10 58 
P-1	41 T11 63 
P-1	45 T12 54 
P-1	46 T13 62 
P-1	46 T14 67 
P-1	50 T15 56 
P-1	52 T16 53 
P-1	53 T17 61 
P-1	55 T18 77 
P-1	56 T19 73 
P1	60 T20 63 
P-1	63 T21 72 
P1	64 T22 68 
P-1	67 T23 73 
P1	70 T24 82 
P-1	76 T25 90 
P-1	82 T26 88 
P-1	82 T27 99 
P-1	82 T28 103 
P1	85 T29 96 
P-1	89 T30 98 
P-1	89 T31 105 
P-1	90 T32 103 
P-1	91 T33 98 
P1	98 T34 113 
P0	103 T35 110 
P0	119 T36 121 
NMec = 2020
Viable Sol. = 1110218176
Profit = 56107
T = 37
P = 3
Profits not ignored
Solution time = 9.545e+00
Task data
00    0  10  1751
01    1  17  1627
02    4 122 24637
03    9  26  1738
04   11  99 12802
05   11 122 11895
06   15  24  1554
07   18  32  1926
08   25  37  1670
09   30  36  1340
10   41  58  4369
11   41  63  4029
12   45  54   817
13   46  62  1597
14   46  67  1861
15   50  56   702
16   52  53   503
17   53  61  1491
18   55  77  4738
19   56  73  3950
20   60  63   884
21   63  72  1398
22   64  68   526
23   67  73  1174
24   70  82   708
25   76  90  1804
26   82  88  1273
27   82  99  1505
28   82 103  2670
29   85  96  2412
30   89  98   735
31   89 105  1582
32   90 103  1811
33   91  98  1100
34   98 113  2731
35  103 110  1237
36  119 121   497
End
