P0	0 T0 10 
P1	1 T1 17 
P-1	4 T2 122 
P2	9 T3 26 
P-1	11 T4 99 
P-1	11 T5 122 
P0	15 T6 24 
P1	18 T7 32 
P0	25 T8 37 
P2	30 T9 36 
P-1	41 T10 58 
P-1	41 T11 63 
P-1	45 T12 54 
P-1	46 T13 62 
P-1	46 T14 67 
P0	50 T15 56 
P1	52 T16 53 
P2	53 T17 61 
P-1	55 T18 77 
P-1	56 T19 73 
P0	60 T20 63 
P1	63 T21 72 
P0	64 T22 68 
P2	67 T23 73 
P0	70 T24 82 
P1	76 T25 90 
P2	82 T26 88 
P-1	82 T27 99 
P-1	82 T28 103 
P0	85 T29 96 
P-1	89 T30 98 
P-1	89 T31 105 
P2	90 T32 103 
P1	91 T33 98 
P0	98 T34 113 
P1	103 T35 110 
P0	119 T36 121 
NMec = 2020
Viable Sol. = 1110218176
Profit = 23
T = 37
P = 3
Profits ignored
Solution time = 9.433e+00
Task data
00    0  10     1
01    1  17     1
02    4 122     1
03    9  26     1
04   11  99     1
05   11 122     1
06   15  24     1
07   18  32     1
08   25  37     1
09   30  36     1
10   41  58     1
11   41  63     1
12   45  54     1
13   46  62     1
14   46  67     1
15   50  56     1
16   52  53     1
17   53  61     1
18   55  77     1
19   56  73     1
20   60  63     1
21   63  72     1
22   64  68     1
23   67  73     1
24   70  82     1
25   76  90     1
26   82  88     1
27   82  99     1
28   82 103     1
29   85  96     1
30   89  98     1
31   89 105     1
32   90 103     1
33   91  98     1
34   98 113     1
35  103 110     1
36  119 121     1
End
