P-1	1 T0 47 
P-1	4 T1 28 
P-1	4 T2 38 
P-1	7 T3 32 
P0	9 T4 12 
P-1	9 T5 26 
P1	10 T6 12 
P-1	12 T7 33 
P0	13 T8 18 
P1	13 T9 21 
P2	14 T10 21 
P-1	14 T11 25 
P3	14 T12 25 
P-1	16 T13 31 
P-1	16 T14 35 
P-1	16 T15 38 
P-1	17 T16 28 
P0	19 T17 34 
P4	21 T18 27 
P5	21 T19 32 
P1	23 T20 30 
P2	23 T21 33 
P3	27 T22 37 
P4	30 T23 43 
P1	32 T24 41 
P-1	32 T25 47 
P-1	32 T26 60 
P-1	37 T27 51 
P-1	37 T28 58 
P-1	38 T29 51 
P0	40 T30 51 
P2	41 T31 60 
P1	45 T32 49 
P3	45 T33 59 
P4	46 T34 50 
P5	46 T35 56 
P1	51 T36 56 
NMec = 2020
Viable Sol. = 7888653130
Profit = 21
T = 37
P = 6
Profits ignored
Solution time = 6.705e+01
Task data
00    1  47     1
01    4  28     1
02    4  38     1
03    7  32     1
04    9  12     1
05    9  26     1
06   10  12     1
07   12  33     1
08   13  18     1
09   13  21     1
10   14  21     1
11   14  25     1
12   14  25     1
13   16  31     1
14   16  35     1
15   16  38     1
16   17  28     1
17   19  34     1
18   21  27     1
19   21  32     1
20   23  30     1
21   23  33     1
22   27  37     1
23   30  43     1
24   32  41     1
25   32  47     1
26   32  60     1
27   37  51     1
28   37  58     1
29   38  51     1
30   40  51     1
31   41  60     1
32   45  49     1
33   45  59     1
34   46  50     1
35   46  56     1
36   51  56     1
End
