P0	11 T0 17 
P0	34 T1 43 
P0	49 T2 60 
P-1	57 T3 84 
P-1	64 T4 75 
P0	68 T5 307 
P-1	72 T6 77 
P-1	77 T7 169 
P-1	84 T8 97 
P-1	88 T9 94 
P-1	94 T10 104 
P-1	102 T11 118 
P-1	103 T12 113 
P-1	108 T13 117 
P-1	110 T14 300 
P-1	119 T15 126 
P-1	120 T16 132 
P-1	159 T17 178 
P-1	171 T18 239 
P-1	176 T19 194 
P-1	178 T20 185 
P-1	184 T21 193 
P-1	192 T22 206 
P-1	200 T23 222 
P-1	227 T24 250 
P-1	230 T25 254 
P-1	233 T26 242 
P-1	233 T27 252 
P-1	234 T28 283 
P-1	237 T29 240 
P-1	250 T30 259 
P-1	267 T31 277 
P-1	282 T32 297 
P-1	283 T33 295 
P-1	295 T34 305 
P0	337 T35 339 
P0	341 T36 362 
NMec = 2020
Viable Sol. = 5129360
Profit = 56315
T = 37
P = 1
Profits not ignored
Solution time = 4.317e-02
Task data
00   11  17  1176
01   34  43  1699
02   49  60   958
03   57  84  2431
04   64  75   967
05   68 307 49502
06   72  77  1450
07   77 169 10462
08   84  97  1657
09   88  94   586
10   94 104  1000
11  102 118  1908
12  103 113  1076
13  108 117   954
14  110 300 41978
15  119 126  1022
16  120 132  1507
17  159 178  1679
18  171 239 10536
19  176 194  3490
20  178 185  1465
21  184 193   749
22  192 206  4261
23  200 222  3383
24  227 250  5903
25  230 254  3088
26  233 242   779
27  233 252  2641
28  234 283  6056
29  237 240   561
30  250 259  1764
31  267 277  2015
32  282 297  1564
33  283 295  1915
34  295 305  2358
35  337 339   527
36  341 362  2453
End
