P-1	1 T0 25 
P0	2 T1 11 
P-1	2 T2 20 
P-1	5 T3 41 
P1	6 T4 16 
P2	6 T5 21 
P-1	7 T6 27 
P3	8 T7 14 
P4	8 T8 21 
P-1	8 T9 26 
P5	10 T10 24 
P6	10 T11 25 
P7	11 T12 19 
P0	12 T13 21 
P8	13 T14 20 
P-1	13 T15 31 
P-1	13 T16 32 
P-1	14 T17 34 
P-1	14 T18 39 
P3	15 T19 19 
P-1	16 T20 29 
P-1	17 T21 26 
P-1	17 T22 34 
P-1	18 T23 27 
P-1	18 T24 29 
P-1	18 T25 29 
P1	20 T26 31 
P3	20 T27 32 
P7	21 T28 29 
P0	22 T29 27 
P2	22 T30 35 
P4	24 T31 37 
P5	25 T32 29 
P8	25 T33 31 
P6	26 T34 33 
P0	30 T35 37 
P5	31 T36 40 
NMec = 2020
Viable Sol. = 11808230572
Profit = 22
T = 37
P = 9
Profits ignored
Solution time = 1.033e+02
Task data
00    1  25     1
01    2  11     1
02    2  20     1
03    5  41     1
04    6  16     1
05    6  21     1
06    7  27     1
07    8  14     1
08    8  21     1
09    8  26     1
10   10  24     1
11   10  25     1
12   11  19     1
13   12  21     1
14   13  20     1
15   13  31     1
16   13  32     1
17   14  34     1
18   14  39     1
19   15  19     1
20   16  29     1
21   17  26     1
22   17  34     1
23   18  27     1
24   18  29     1
25   18  29     1
26   20  31     1
27   20  32     1
28   21  29     1
29   22  27     1
30   22  35     1
31   24  37     1
32   25  29     1
33   25  31     1
34   26  33     1
35   30  37     1
36   31  40     1
End
