P0	0 T0 6 
P1	0 T1 15 
P2	2 T2 13 
P3	4 T3 15 
P-1	7 T4 17 
P-1	7 T5 23 
P-1	8 T6 73 
P0	9 T7 11 
P-1	9 T8 23 
P0	12 T9 17 
P4	13 T10 19 
P-1	13 T11 31 
P-1	14 T12 28 
P1	16 T13 28 
P-1	16 T14 48 
P2	17 T15 19 
P3	17 T16 19 
P-1	22 T17 65 
P0	23 T18 36 
P2	24 T19 32 
P3	24 T20 39 
P-1	25 T21 46 
P4	27 T22 36 
P-1	28 T23 43 
P-1	29 T24 45 
P-1	35 T25 44 
P-1	35 T26 46 
P-1	35 T27 55 
P1	36 T28 39 
P0	37 T29 52 
P2	38 T30 47 
P4	39 T31 49 
P1	40 T32 59 
P3	42 T33 43 
P3	46 T34 69 
P0	56 T35 66 
P2	57 T36 65 
NMec = 2020
Viable Sol. = 5969658498
Profit = 23
T = 37
P = 5
Profits ignored
Solution time = 4.611e+01
Task data
00    0   6     1
01    0  15     1
02    2  13     1
03    4  15     1
04    7  17     1
05    7  23     1
06    8  73     1
07    9  11     1
08    9  23     1
09   12  17     1
10   13  19     1
11   13  31     1
12   14  28     1
13   16  28     1
14   16  48     1
15   17  19     1
16   17  19     1
17   22  65     1
18   23  36     1
19   24  32     1
20   24  39     1
21   25  46     1
22   27  36     1
23   28  43     1
24   29  45     1
25   35  44     1
26   35  46     1
27   35  55     1
28   36  39     1
29   37  52     1
30   38  47     1
31   39  49     1
32   40  59     1
33   42  43     1
34   46  69     1
35   56  66     1
36   57  65     1
End
