P0	0 T0 9 
P1	0 T1 11 
P2	1 T2 19 
P3	2 T3 12 
P4	4 T4 5 
P-1	4 T5 15 
P-1	5 T6 12 
P5	5 T7 13 
P6	5 T8 19 
P-1	6 T9 19 
P4	6 T10 22 
P7	6 T11 30 
P-1	7 T12 30 
P-1	9 T13 22 
P-1	9 T14 28 
P-1	9 T15 29 
P0	11 T16 21 
P-1	13 T17 25 
P1	15 T18 29 
P-1	17 T19 25 
P3	18 T20 31 
P5	19 T21 20 
P-1	19 T22 36 
P2	21 T23 40 
P0	22 T24 32 
P5	22 T25 39 
P-1	23 T26 28 
P4	23 T27 32 
P6	23 T28 33 
P-1	24 T29 45 
P1	30 T30 45 
P-1	32 T31 39 
P3	32 T32 43 
P0	33 T33 42 
P4	34 T34 42 
P6	34 T35 46 
P7	35 T36 44 
NMec = 2020
Viable Sol. = 49155820944
Profit = 54508
T = 37
P = 8
Profits not ignored
Solution time = 4.568e+02
Task data
00    0   9  1097
01    0  11  2263
02    1  19  3514
03    2  12  2419
04    4   5   191
05    4  15  1103
06    5  12  1406
07    5  13  1598
08    5  19  3417
09    6  19  1674
10    6  22  1783
11    6  30  7201
12    7  30  2073
13    9  22  1565
14    9  28  1505
15    9  29  2311
16   11  21  2246
17   13  25   853
18   15  29  2582
19   17  25   666
20   18  31  1679
21   19  20   404
22   19  36  2497
23   21  40  3114
24   22  32  1593
25   22  39  3558
26   23  28   700
27   23  32  2499
28   23  33  1876
29   24  45  1836
30   30  45  1118
31   32  39   770
32   32  43  2485
33   33  42  1711
34   34  42  2427
35   34  46  2308
36   35  44  1425
End
