P-1	0 T0 15 
P-1	0 T1 16 
P0	3 T2 10 
P-1	3 T3 17 
P-1	3 T4 36 
P1	6 T5 16 
P-1	6 T6 17 
P-1	6 T7 26 
P2	7 T8 20 
P-1	7 T9 23 
P-1	7 T10 27 
P3	8 T11 16 
P4	8 T12 23 
P5	9 T13 19 
P-1	9 T14 32 
P6	10 T15 24 
P-1	10 T16 27 
P0	11 T17 24 
P-1	11 T18 30 
P7	12 T19 21 
P-1	12 T20 29 
P-1	13 T21 28 
P-1	13 T22 28 
P-1	13 T23 29 
P8	14 T24 18 
P-1	14 T25 26 
P9	14 T26 33 
P1	17 T27 25 
P3	17 T28 31 
P5	20 T29 31 
P8	20 T30 31 
P2	22 T31 29 
P7	22 T32 36 
P4	24 T33 31 
P0	25 T34 26 
P6	25 T35 36 
P0	32 T36 33 
NMec = 2020
Viable Sol. = 16009201024
Profit = 21
T = 37
P = 10
Profits ignored
Solution time = 1.298e+02
Task data
00    0  15     1
01    0  16     1
02    3  10     1
03    3  17     1
04    3  36     1
05    6  16     1
06    6  17     1
07    6  26     1
08    7  20     1
09    7  23     1
10    7  27     1
11    8  16     1
12    8  23     1
13    9  19     1
14    9  32     1
15   10  24     1
16   10  27     1
17   11  24     1
18   11  30     1
19   12  21     1
20   12  29     1
21   13  28     1
22   13  28     1
23   13  29     1
24   14  18     1
25   14  26     1
26   14  33     1
27   17  25     1
28   17  31     1
29   20  31     1
30   20  31     1
31   22  29     1
32   22  36     1
33   24  31     1
34   25  26     1
35   25  36     1
36   32  33     1
End
