P0	0 T0 61 
P1	2 T1 26 
P2	5 T2 12 
P3	5 T3 18 
P4	6 T4 14 
P-1	9 T5 30 
P-1	9 T6 62 
P5	11 T7 20 
P-1	15 T8 26 
P-1	15 T9 32 
P-1	15 T10 37 
P2	17 T11 20 
P-1	17 T12 41 
P4	17 T13 59 
P3	19 T14 58 
P-1	20 T15 40 
P-1	21 T16 44 
P2	21 T17 54 
P-1	25 T18 46 
P-1	26 T19 35 
P5	26 T20 40 
P-1	30 T21 42 
P-1	32 T22 41 
P-1	33 T23 47 
P-1	35 T24 46 
P1	35 T25 56 
P-1	37 T26 49 
P-1	37 T27 57 
P-1	38 T28 60 
P-1	40 T29 57 
P-1	41 T30 50 
P-1	41 T31 60 
P5	42 T32 60 
P-1	43 T33 49 
P-1	43 T34 57 
P-1	45 T35 54 
P-1	46 T36 55 
P-1	51 T37 56 
NMec = 2020
Viable Sol. = 3401746665
Profit = 61919
T = 38
P = 6
Profits not ignored
Solution time = 3.448e+01
Task data
00    0  61 11995
01    2  26  5939
02    5  12  1866
03    5  18  3628
04    6  14  1238
05    9  30  1903
06    9  62  7289
07   11  20   769
08   15  26  1096
09   15  32  1666
10   15  37  2246
11   17  20   670
12   17  41  3499
13   17  59  7599
14   19  58  7069
15   20  40  3147
16   21  44  2902
17   21  54  7434
18   25  46  2022
19   26  35  2741
20   26  40  4170
21   30  42  2219
22   32  41  1507
23   33  47  1685
24   35  46  1945
25   35  56  5983
26   37  49  2326
27   37  57  4018
28   38  60  1985
29   40  57  1358
30   41  50  2123
31   41  60  2561
32   42  60  3559
33   43  49   537
34   43  57  2081
35   45  54  1469
36   46  55  1426
37   51  56   965
End
