P-1	0 T0 94 
P-1	2 T1 22 
P0	9 T2 24 
P1	10 T3 26 
P2	11 T4 16 
P-1	11 T5 80 
P-1	11 T6 93 
P-1	13 T7 92 
P-1	15 T8 28 
P2	20 T9 37 
P3	20 T10 46 
P0	25 T11 35 
P1	28 T12 32 
P-1	30 T13 94 
P-1	31 T14 51 
P1	33 T15 57 
P0	36 T16 54 
P2	39 T17 47 
P-1	39 T18 94 
P-1	43 T19 62 
P-1	45 T20 60 
P-1	47 T21 62 
P2	48 T22 54 
P3	49 T23 63 
P-1	51 T24 79 
P-1	54 T25 71 
P0	56 T26 73 
P2	57 T27 65 
P1	59 T28 65 
P-1	65 T29 84 
P1	66 T30 69 
P2	68 T31 76 
P3	68 T32 85 
P-1	68 T33 89 
P0	77 T34 90 
P1	77 T35 92 
P2	81 T36 90 
P3	88 T37 92 
NMec = 2020
Viable Sol. = 1435182189
Profit = 22
T = 38
P = 4
Profits ignored
Solution time = 1.147e+01
Task data
00    0  94     1
01    2  22     1
02    9  24     1
03   10  26     1
04   11  16     1
05   11  80     1
06   11  93     1
07   13  92     1
08   15  28     1
09   20  37     1
10   20  46     1
11   25  35     1
12   28  32     1
13   30  94     1
14   31  51     1
15   33  57     1
16   36  54     1
17   39  47     1
18   39  94     1
19   43  62     1
20   45  60     1
21   47  62     1
22   48  54     1
23   49  63     1
24   51  79     1
25   54  71     1
26   56  73     1
27   57  65     1
28   59  65     1
29   65  84     1
30   66  69     1
31   68  76     1
32   68  85     1
33   68  89     1
34   77  90     1
35   77  92     1
36   81  90     1
37   88  92     1
End
