P0	0 T0 10 
P1	0 T1 47 
P2	1 T2 9 
P3	2 T3 20 
P4	2 T4 46 
P5	6 T5 22 
P-1	8 T6 19 
P-1	8 T7 28 
P6	9 T8 27 
P-1	9 T9 29 
P7	9 T10 36 
P2	10 T11 20 
P-1	10 T12 35 
P-1	11 T13 37 
P0	13 T14 29 
P-1	15 T15 38 
P-1	16 T16 31 
P-1	17 T17 35 
P-1	19 T18 27 
P-1	19 T19 43 
P-1	20 T20 25 
P2	23 T21 31 
P-1	23 T22 32 
P-1	25 T23 29 
P-1	25 T24 34 
P3	26 T25 47 
P-1	27 T26 38 
P5	27 T27 44 
P-1	28 T28 41 
P6	28 T29 47 
P0	32 T30 41 
P-1	32 T31 43 
P2	33 T32 46 
P-1	34 T33 40 
P-1	35 T34 44 
P-1	35 T35 45 
P-1	37 T36 39 
P7	39 T37 46 
NMec = 2020
Viable Sol. = 22616342579
Profit = 60487
T = 38
P = 8
Profits not ignored
Solution time = 2.117e+02
Task data
00    0  10  1067
01    0  47 10329
02    1   9  1037
03    2  20  2998
04    2  46  6386
05    6  22  2752
06    8  19  1310
07    8  28  2239
08    9  27  4683
09    9  29  3359
10    9  36  5957
11   10  20  2425
12   10  35  2227
13   11  37  4199
14   13  29  4664
15   15  38  4101
16   16  31  1671
17   17  35  4856
18   19  27  2164
19   19  43  5033
20   20  25   927
21   23  31  1499
22   23  32  1370
23   25  29   386
24   25  34  1585
25   26  47  3743
26   27  38  1897
27   27  44  4323
28   28  41  2893
29   28  47  4272
30   32  41  1850
31   32  43  1271
32   33  46  1864
33   34  40  1080
34   35  44  1165
35   35  45  1616
36   37  39   538
37   39  46   638
End
