P-1	0 T0 12 
P-1	0 T1 14 
P-1	0 T2 43 
P-1	1 T3 21 
P-1	1 T4 52 
P0	2 T5 18 
P-1	2 T6 20 
P1	3 T7 12 
P-1	3 T8 22 
P-1	3 T9 26 
P-1	4 T10 51 
P2	5 T11 10 
P3	5 T12 12 
P4	5 T13 13 
P-1	5 T14 47 
P-1	7 T15 27 
P5	10 T16 21 
P2	12 T17 20 
P6	12 T18 22 
P1	13 T19 37 
P3	14 T20 22 
P4	18 T21 26 
P0	20 T22 31 
P-1	21 T23 43 
P2	22 T24 26 
P-1	22 T25 46 
P3	24 T26 43 
P2	29 T27 34 
P4	29 T28 42 
P5	30 T29 40 
P6	31 T30 45 
P0	33 T31 46 
P1	39 T32 53 
P2	41 T33 44 
P5	41 T34 50 
P2	46 T35 50 
P3	46 T36 52 
P0	47 T37 48 
NMec = 2020
Viable Sol. = 31977283675
Profit = 25
T = 38
P = 7
Profits ignored
Solution time = 2.628e+02
Task data
00    0  12     1
01    0  14     1
02    0  43     1
03    1  21     1
04    1  52     1
05    2  18     1
06    2  20     1
07    3  12     1
08    3  22     1
09    3  26     1
10    4  51     1
11    5  10     1
12    5  12     1
13    5  13     1
14    5  47     1
15    7  27     1
16   10  21     1
17   12  20     1
18   12  22     1
19   13  37     1
20   14  22     1
21   18  26     1
22   20  31     1
23   21  43     1
24   22  26     1
25   22  46     1
26   24  43     1
27   29  34     1
28   29  42     1
29   30  40     1
30   31  45     1
31   33  46     1
32   39  53     1
33   41  44     1
34   41  50     1
35   46  50     1
36   46  52     1
37   47  48     1
End
