P0	0 T0 10 
P-1	0 T1 47 
P1	1 T2 9 
P2	2 T3 20 
P-1	2 T4 46 
P3	6 T5 22 
P4	8 T6 19 
P-1	8 T7 28 
P-1	9 T8 27 
P-1	9 T9 29 
P-1	9 T10 36 
P1	10 T11 20 
P-1	10 T12 35 
P-1	11 T13 37 
P-1	13 T14 29 
P-1	15 T15 38 
P0	16 T16 31 
P5	17 T17 35 
P6	19 T18 27 
P-1	19 T19 43 
P4	20 T20 25 
P1	23 T21 31 
P2	23 T22 32 
P3	25 T23 29 
P7	25 T24 34 
P-1	26 T25 47 
P4	27 T26 38 
P-1	27 T27 44 
P-1	28 T28 41 
P-1	28 T29 47 
P0	32 T30 41 
P1	32 T31 43 
P2	33 T32 46 
P3	34 T33 40 
P6	35 T34 44 
P7	35 T35 45 
P5	37 T36 39 
P4	39 T37 46 
NMec = 2020
Viable Sol. = 22616342579
Profit = 23
T = 38
P = 8
Profits ignored
Solution time = 2.082e+02
Task data
00    0  10     1
01    0  47     1
02    1   9     1
03    2  20     1
04    2  46     1
05    6  22     1
06    8  19     1
07    8  28     1
08    9  27     1
09    9  29     1
10    9  36     1
11   10  20     1
12   10  35     1
13   11  37     1
14   13  29     1
15   15  38     1
16   16  31     1
17   17  35     1
18   19  27     1
19   19  43     1
20   20  25     1
21   23  31     1
22   23  32     1
23   25  29     1
24   25  34     1
25   26  47     1
26   27  38     1
27   27  44     1
28   28  41     1
29   28  47     1
30   32  41     1
31   32  43     1
32   33  46     1
33   34  40     1
34   35  44     1
35   35  45     1
36   37  39     1
37   39  46     1
End
