P0	0 T0 15 
P-1	0 T1 21 
P-1	0 T2 37 
P1	1 T3 7 
P-1	2 T4 26 
P-1	3 T5 22 
P2	4 T6 11 
P3	4 T7 16 
P4	4 T8 18 
P5	5 T9 13 
P-1	6 T10 33 
P1	8 T11 14 
P-1	10 T12 34 
P6	11 T13 23 
P-1	11 T14 34 
P-1	11 T15 36 
P2	12 T16 21 
P-1	12 T17 27 
P7	13 T18 21 
P8	13 T19 24 
P-1	13 T20 25 
P-1	13 T21 25 
P-1	13 T22 25 
P-1	14 T23 35 
P1	15 T24 25 
P5	15 T25 32 
P0	16 T26 27 
P3	17 T27 32 
P9	18 T28 28 
P4	19 T29 27 
P2	23 T30 29 
P7	23 T31 31 
P6	24 T32 32 
P8	25 T33 36 
P1	27 T34 36 
P0	31 T35 35 
P2	31 T36 36 
P4	31 T37 37 
NMec = 2020
Viable Sol. = 58653837918
Profit = 25
T = 38
P = 10
Profits ignored
Solution time = 5.326e+02
Task data
00    0  15     1
01    0  21     1
02    0  37     1
03    1   7     1
04    2  26     1
05    3  22     1
06    4  11     1
07    4  16     1
08    4  18     1
09    5  13     1
10    6  33     1
11    8  14     1
12   10  34     1
13   11  23     1
14   11  34     1
15   11  36     1
16   12  21     1
17   12  27     1
18   13  21     1
19   13  24     1
20   13  25     1
21   13  25     1
22   13  25     1
23   14  35     1
24   15  25     1
25   15  32     1
26   16  27     1
27   17  32     1
28   18  28     1
29   19  27     1
30   23  29     1
31   23  31     1
32   24  32     1
33   25  36     1
34   27  36     1
35   31  35     1
36   31  36     1
37   31  37     1
End
