P0	8 T0 14 
P1	11 T1 17 
P2	11 T2 27 
P0	16 T3 111 
P1	19 T4 128 
P-1	22 T5 35 
P-1	23 T6 28 
P-1	28 T7 51 
P2	37 T8 48 
P-1	46 T9 67 
P-1	47 T10 119 
P2	51 T11 63 
P-1	51 T12 71 
P-1	55 T13 75 
P-1	59 T14 62 
P-1	61 T15 80 
P-1	62 T16 79 
P-1	63 T17 77 
P2	64 T18 71 
P-1	68 T19 79 
P2	72 T20 88 
P-1	74 T21 95 
P-1	77 T22 92 
P-1	85 T23 92 
P-1	87 T24 106 
P-1	89 T25 92 
P-1	92 T26 104 
P2	92 T27 106 
P-1	93 T28 97 
P-1	99 T29 118 
P-1	99 T30 120 
P-1	100 T31 116 
P-1	104 T32 112 
P-1	105 T33 116 
P-1	107 T34 114 
P2	111 T35 126 
P-1	117 T36 126 
P0	117 T37 127 
P-1	118 T38 126 
NMec = 2020
Viable Sol. = 2896821892
Profit = 57892
T = 39
P = 3
Profits not ignored
Solution time = 2.403e+01
Task data
00    8  14   927
01   11  17   489
02   11  27  2113
03   16 111 15499
04   19 128 21811
05   22  35  1286
06   23  28   530
07   28  51  3342
08   37  48  1660
09   46  67  2380
10   47 119 14302
11   51  63  2301
12   51  71  2201
13   55  75  2354
14   59  62   572
15   61  80  2769
16   62  79  1611
17   63  77  2772
18   64  71  1241
19   68  79  1322
20   72  88  2502
21   74  95  3543
22   77  92  2943
23   85  92  1293
24   87 106  1706
25   89  92   507
26   92 104  2981
27   92 106  3861
28   93  97   489
29   99 118  3973
30   99 120  3761
31  100 116  1656
32  104 112  1556
33  105 116  1924
34  107 114  1035
35  111 126  3163
36  117 126  1321
37  117 127  2325
38  118 126  1159
End
