P-1	11 T0 116 
P-1	19 T1 31 
P0	26 T2 201 
P-1	41 T3 159 
P-1	42 T4 69 
P-1	46 T5 58 
P-1	50 T6 58 
P-1	52 T7 64 
P-1	63 T8 84 
P-1	66 T9 71 
P-1	68 T10 85 
P-1	69 T11 363 
P-1	79 T12 87 
P-1	91 T13 98 
P-1	91 T14 109 
P-1	109 T15 123 
P-1	109 T16 263 
P-1	120 T17 142 
P-1	158 T18 165 
P-1	161 T19 167 
P-1	166 T20 184 
P-1	168 T21 172 
P-1	168 T22 183 
P-1	188 T23 212 
P-1	195 T24 205 
P-1	198 T25 210 
P0	210 T26 227 
P-1	217 T27 223 
P0	236 T28 257 
P0	265 T29 272 
P-1	269 T30 279 
P0	283 T31 293 
P-1	286 T32 298 
P0	305 T33 329 
P-1	312 T34 319 
P-1	318 T35 327 
P-1	322 T36 328 
P0	345 T37 357 
P0	376 T38 382 
NMec = 2020
Viable Sol. = 19186432
Profit = 59025
T = 39
P = 1
Profits not ignored
Solution time = 1.437e-01
Task data
00   11 116 16816
01   19  31  1598
02   26 201 38840
03   41 159 25291
04   42  69  2439
05   46  58  1681
06   50  58  1149
07   52  64  2744
08   63  84  2847
09   66  71   618
10   68  85  2687
11   69 363 35598
12   79  87  1662
13   91  98   710
14   91 109  2390
15  109 123  2236
16  109 263 15233
17  120 142  3979
18  158 165   909
19  161 167   769
20  166 184  3111
21  168 172  1187
22  168 183  2629
23  188 212  2729
24  195 205  1759
25  198 210  2103
26  210 227  4006
27  217 223   824
28  236 257  4209
29  265 272  2199
30  269 279  1801
31  283 293  2336
32  286 298  1956
33  305 329  4056
34  312 319  1259
35  318 327   933
36  322 328   763
37  345 357  2058
38  376 382  1321
End
