P0	0 T0 22 
P1	3 T1 4 
P-1	5 T2 21 
P1	6 T3 12 
P2	6 T4 39 
P3	7 T5 17 
P4	7 T6 40 
P-1	11 T7 33 
P-1	12 T8 22 
P5	12 T9 26 
P1	14 T10 28 
P-1	15 T11 26 
P-1	17 T12 29 
P-1	17 T13 35 
P-1	18 T14 39 
P3	19 T15 34 
P-1	19 T16 41 
P-1	19 T17 42 
P0	23 T18 46 
P-1	24 T19 28 
P-1	26 T20 44 
P-1	27 T21 42 
P5	28 T22 47 
P-1	28 T23 49 
P-1	31 T24 38 
P-1	32 T25 47 
P1	34 T26 50 
P3	35 T27 42 
P-1	38 T28 55 
P-1	39 T29 50 
P-1	40 T30 51 
P2	40 T31 62 
P-1	41 T32 45 
P4	41 T33 59 
P3	44 T34 61 
P0	48 T35 53 
P1	53 T36 61 
P5	53 T37 61 
P0	55 T38 64 
NMec = 2020
Viable Sol. = 23544054738
Profit = 57709
T = 39
P = 6
Profits not ignored
Solution time = 1.875e+02
Task data
00    0  22  2518
01    3   4   222
02    5  21  1554
03    6  12  1119
04    6  39  5234
05    7  17  1069
06    7  40  5594
07   11  33  2172
08   12  22  1333
09   12  26  2858
10   14  28  3870
11   15  26  1231
12   17  29  1231
13   17  35  2070
14   18  39  1474
15   19  34  3678
16   19  41  5343
17   19  42  4663
18   23  46  5515
19   24  28  1185
20   26  44  3583
21   27  42  1113
22   28  47  5185
23   28  49  2699
24   31  38   845
25   32  47  1885
26   34  50  2632
27   35  42  1820
28   38  55  1410
29   39  50  1476
30   40  51  1396
31   40  62  3000
32   41  45   682
33   41  59  3615
34   44  61  3872
35   48  53   587
36   53  61  1138
37   53  61  1792
38   55  64  2391
End
