P0	0 T0 18 
P-1	0 T1 22 
P-1	0 T2 52 
P1	1 T3 4 
P2	3 T4 12 
P-1	4 T5 23 
P1	7 T6 12 
P-1	8 T7 30 
P-1	8 T8 35 
P-1	9 T9 47 
P-1	10 T10 24 
P3	12 T11 20 
P4	12 T12 21 
P-1	16 T13 31 
P-1	16 T14 31 
P-1	17 T15 29 
P1	18 T16 26 
P2	18 T17 33 
P5	18 T18 33 
P0	20 T19 29 
P6	20 T20 36 
P-1	21 T21 47 
P3	22 T22 29 
P-1	22 T23 47 
P4	26 T24 28 
P-1	26 T25 42 
P-1	27 T26 45 
P1	28 T27 46 
P-1	28 T28 47 
P-1	30 T29 51 
P-1	30 T30 53 
P0	31 T31 49 
P3	32 T32 55 
P2	36 T33 41 
P4	36 T34 51 
P5	37 T35 55 
P6	40 T36 53 
P2	42 T37 50 
P1	47 T38 52 
NMec = 2020
Viable Sol. = 29890080024
Profit = 22
T = 39
P = 7
Profits ignored
Solution time = 2.817e+02
Task data
00    0  18     1
01    0  22     1
02    0  52     1
03    1   4     1
04    3  12     1
05    4  23     1
06    7  12     1
07    8  30     1
08    8  35     1
09    9  47     1
10   10  24     1
11   12  20     1
12   12  21     1
13   16  31     1
14   16  31     1
15   17  29     1
16   18  26     1
17   18  33     1
18   18  33     1
19   20  29     1
20   20  36     1
21   21  47     1
22   22  29     1
23   22  47     1
24   26  28     1
25   26  42     1
26   27  45     1
27   28  46     1
28   28  47     1
29   30  51     1
30   30  53     1
31   31  49     1
32   32  55     1
33   36  41     1
34   36  51     1
35   37  55     1
36   40  53     1
37   42  50     1
38   47  52     1
End
