P0	0 T0 11 
P-1	1 T1 21 
P-1	2 T2 21 
P-1	2 T3 85 
P1	4 T4 20 
P2	5 T5 14 
P-1	6 T6 62 
P3	7 T7 16 
P-1	14 T8 39 
P-1	15 T9 45 
P0	17 T10 19 
P-1	17 T11 34 
P2	18 T12 29 
P3	19 T13 33 
P-1	22 T14 41 
P0	24 T15 38 
P1	28 T16 34 
P2	32 T17 42 
P-1	33 T18 50 
P-1	35 T19 50 
P-1	35 T20 58 
P1	36 T21 40 
P3	36 T22 49 
P0	40 T23 52 
P1	41 T24 52 
P2	44 T25 55 
P-1	48 T26 64 
P-1	55 T27 65 
P-1	55 T28 66 
P0	57 T29 65 
P1	58 T30 76 
P2	61 T31 70 
P-1	61 T32 78 
P3	62 T33 78 
P0	71 T34 74 
P2	72 T35 77 
P0	76 T36 90 
P1	77 T37 92 
P2	82 T38 88 
NMec = 2020
Viable Sol. = 12473393710
Profit = 24
T = 39
P = 4
Profits ignored
Solution time = 8.742e+01
Task data
00    0  11     1
01    1  21     1
02    2  21     1
03    2  85     1
04    4  20     1
05    5  14     1
06    6  62     1
07    7  16     1
08   14  39     1
09   15  45     1
10   17  19     1
11   17  34     1
12   18  29     1
13   19  33     1
14   22  41     1
15   24  38     1
16   28  34     1
17   32  42     1
18   33  50     1
19   35  50     1
20   35  58     1
21   36  40     1
22   36  49     1
23   40  52     1
24   41  52     1
25   44  55     1
26   48  64     1
27   55  65     1
28   55  66     1
29   57  65     1
30   58  76     1
31   61  70     1
32   61  78     1
33   62  78     1
34   71  74     1
35   72  77     1
36   76  90     1
37   77  92     1
38   82  88     1
End
