P-1	0 T0 18 
P-1	0 T1 19 
P-1	1 T2 11 
P-1	1 T3 39 
P0	3 T4 6 
P1	3 T5 12 
P-1	3 T6 29 
P2	4 T7 15 
P3	4 T8 16 
P-1	4 T9 41 
P4	5 T10 17 
P5	6 T11 23 
P0	7 T12 17 
P-1	7 T13 45 
P-1	9 T14 31 
P6	10 T15 18 
P7	11 T16 16 
P-1	12 T17 28 
P-1	14 T18 47 
P-1	16 T19 42 
P-1	17 T20 29 
P-1	18 T21 37 
P0	20 T22 24 
P1	21 T23 34 
P-1	21 T24 41 
P2	22 T25 30 
P-1	22 T26 41 
P-1	23 T27 41 
P-1	24 T28 46 
P3	24 T29 47 
P0	25 T30 28 
P4	26 T31 48 
P5	27 T32 40 
P6	28 T33 46 
P7	28 T34 47 
P0	29 T35 41 
P1	35 T36 47 
P2	35 T37 47 
P0	44 T38 47 
NMec = 2020
Viable Sol. = 45956707996
Profit = 22
T = 39
P = 8
Profits ignored
Solution time = 4.149e+02
Task data
00    0  18     1
01    0  19     1
02    1  11     1
03    1  39     1
04    3   6     1
05    3  12     1
06    3  29     1
07    4  15     1
08    4  16     1
09    4  41     1
10    5  17     1
11    6  23     1
12    7  17     1
13    7  45     1
14    9  31     1
15   10  18     1
16   11  16     1
17   12  28     1
18   14  47     1
19   16  42     1
20   17  29     1
21   18  37     1
22   20  24     1
23   21  34     1
24   21  41     1
25   22  30     1
26   22  41     1
27   23  41     1
28   24  46     1
29   24  47     1
30   25  28     1
31   26  48     1
32   27  40     1
33   28  46     1
34   28  47     1
35   29  41     1
36   35  47     1
37   35  47     1
38   44  47     1
End
