P-1	0 T0 38 
P-1	0 T1 58 
P-1	1 T2 77 
P0	2 T3 10 
P-1	3 T4 76 
P1	5 T5 7 
P1	8 T6 18 
P-1	8 T7 29 
P-1	8 T8 29 
P-1	9 T9 73 
P2	10 T10 12 
P-1	10 T11 30 
P-1	11 T12 28 
P-1	14 T13 19 
P-1	14 T14 22 
P0	14 T15 39 
P2	17 T16 21 
P3	17 T17 21 
P1	19 T18 22 
P4	19 T19 25 
P-1	21 T20 43 
P-1	24 T21 56 
P-1	29 T22 41 
P1	32 T23 41 
P-1	33 T24 48 
P-1	34 T25 44 
P-1	36 T26 45 
P0	40 T27 47 
P2	41 T28 44 
P3	41 T29 57 
P4	41 T30 61 
P1	42 T31 52 
P0	48 T32 66 
P2	49 T33 55 
P1	53 T34 62 
P2	57 T35 62 
P3	59 T36 76 
P4	62 T37 77 
P1	64 T38 73 
NMec = 2020
Viable Sol. = 9711525433
Profit = 22
T = 39
P = 5
Profits ignored
Solution time = 7.114e+01
Task data
00    0  38     1
01    0  58     1
02    1  77     1
03    2  10     1
04    3  76     1
05    5   7     1
06    8  18     1
07    8  29     1
08    8  29     1
09    9  73     1
10   10  12     1
11   10  30     1
12   11  28     1
13   14  19     1
14   14  22     1
15   14  39     1
16   17  21     1
17   17  21     1
18   19  22     1
19   19  25     1
20   21  43     1
21   24  56     1
22   29  41     1
23   32  41     1
24   33  48     1
25   34  44     1
26   36  45     1
27   40  47     1
28   41  44     1
29   41  57     1
30   41  61     1
31   42  52     1
32   48  66     1
33   49  55     1
34   53  62     1
35   57  62     1
36   59  76     1
37   62  77     1
38   64  73     1
End
