P0	7 T0 8 
P-1	9 T1 23 
P0	14 T2 187 
P1	17 T3 32 
P-1	36 T4 43 
P1	37 T5 54 
P-1	38 T6 42 
P-1	50 T7 66 
P-1	50 T8 154 
P-1	58 T9 74 
P1	59 T10 183 
P-1	61 T11 70 
P-1	64 T12 71 
P-1	65 T13 78 
P-1	65 T14 79 
P-1	70 T15 77 
P-1	83 T16 153 
P-1	86 T17 95 
P-1	93 T18 97 
P-1	102 T19 109 
P-1	105 T20 111 
P-1	106 T21 130 
P-1	107 T22 117 
P-1	116 T23 135 
P-1	120 T24 148 
P-1	122 T25 133 
P-1	124 T26 129 
P-1	126 T27 142 
P-1	147 T28 159 
P-1	150 T29 161 
P-1	155 T30 165 
P-1	155 T31 166 
P-1	160 T32 169 
P-1	161 T33 171 
P-1	166 T34 186 
P-1	170 T35 178 
P-1	170 T36 181 
P-1	171 T37 182 
P-1	173 T38 184 
NMec = 2020
Viable Sol. = 453891120
Profit = 50779
T = 39
P = 2
Profits not ignored
Solution time = 4.437e+00
Task data
00    7   8   315
01    9  23  1237
02   14 187 24698
03   17  32  2328
04   36  43  1309
05   37  54  2674
06   38  42  1422
07   50  66  4608
08   50 154  7451
09   58  74  2953
10   59 183 20764
11   61  70   671
12   64  71  1570
13   65  78  1832
14   65  79  1732
15   70  77  1314
16   83 153  9616
17   86  95  1119
18   93  97   585
19  102 109  1024
20  105 111  1625
21  106 130  5716
22  107 117  1245
23  116 135  2829
24  120 148  5317
25  122 133  1570
26  124 129   815
27  126 142  4498
28  147 159  1600
29  150 161  2129
30  155 165  1058
31  155 166  2708
32  160 169  2260
33  161 171  1214
34  166 186  4056
35  170 178  1015
36  170 181  1295
37  171 182  1317
38  173 184  1390
End
