P0	19 T0 31 
P0	46 T1 58 
P-1	50 T2 58 
P-1	52 T3 64 
P-1	42 T4 69 
P0	66 T5 71 
P-1	63 T6 84 
P-1	68 T7 85 
P0	79 T8 87 
P0	91 T9 98 
P-1	91 T10 109 
P-1	11 T11 116 
P0	109 T12 123 
P-1	120 T13 142 
P-1	41 T14 159 
P0	158 T15 165 
P-1	161 T16 167 
P0	168 T17 172 
P-1	168 T18 183 
P-1	166 T19 184 
P-1	26 T20 201 
P0	195 T21 205 
P-1	198 T22 210 
P-1	188 T23 212 
P0	217 T24 223 
P-1	210 T25 227 
P0	236 T26 257 
P-1	109 T27 263 
P0	265 T28 272 
P-1	269 T29 279 
P0	283 T30 293 
P-1	286 T31 298 
P0	312 T32 319 
P-1	318 T33 327 
P0	322 T34 328 
P-1	305 T35 329 
P0	345 T36 357 
P-1	69 T37 363 
P0	376 T38 382 
NMec = 2020
Viable Sol. = 0
Profit = 17
T = 39
P = 1
Profits ignored
Solution time = 6.628e-06
Task data
00   19  31     1
01   46  58     1
02   50  58     1
03   52  64     1
04   42  69     1
05   66  71     1
06   63  84     1
07   68  85     1
08   79  87     1
09   91  98     1
10   91 109     1
11   11 116     1
12  109 123     1
13  120 142     1
14   41 159     1
15  158 165     1
16  161 167     1
17  168 172     1
18  168 183     1
19  166 184     1
20   26 201     1
21  195 205     1
22  198 210     1
23  188 212     1
24  217 223     1
25  210 227     1
26  236 257     1
27  109 263     1
28  265 272     1
29  269 279     1
30  283 293     1
31  286 298     1
32  312 319     1
33  318 327     1
34  322 328     1
35  305 329     1
36  345 357     1
37   69 363     1
38  376 382     1
End
