P-1	0 T0 103 
P-1	4 T1 21 
P0	6 T2 32 
P-1	10 T3 22 
P-1	10 T4 32 
P1	12 T5 28 
P-1	13 T6 20 
P-1	13 T7 22 
P-1	14 T8 21 
P2	14 T9 24 
P-1	15 T10 18 
P-1	17 T11 28 
P-1	21 T12 32 
P-1	21 T13 33 
P-1	27 T14 32 
P1	29 T15 58 
P2	29 T16 68 
P-1	31 T17 53 
P-1	33 T18 51 
P-1	36 T19 47 
P-1	36 T20 54 
P-1	37 T21 49 
P0	45 T22 55 
P0	57 T23 63 
P-1	58 T24 68 
P1	61 T25 69 
P-1	63 T26 84 
P0	71 T27 86 
P1	75 T28 101 
P2	84 T29 93 
P0	100 T30 102 
NMec = 2020
Viable Sol. = 18377128
Profit = 39007
T = 31
P = 3
Profits not ignored
Solution time = 1.761e-01
Task data
00    0 103  8526
01    4  21  1129
02    6  32  7050
03   10  22   986
04   10  32  2410
05   12  28  3231
06   13  20  1034
07   13  22   653
08   14  21   920
09   14  24  2877
10   15  18   233
11   17  28  1219
12   21  32  1317
13   21  33  1439
14   27  32   644
15   29  58  4118
16   29  68  4648
17   31  53  1576
18   33  51  1744
19   36  47  1463
20   36  54  1850
21   37  49  1886
22   45  55  2597
23   57  63  1862
24   58  68  1469
25   61  69   947
26   63  84  1838
27   71  86  4455
28   75 101  5479
29   84  93  1574
30  100 102   169
End
