P0	0 T0 2 
P1	0 T1 9 
P2	0 T2 34 
P-1	1 T3 14 
P3	1 T4 27 
P4	2 T5 8 
P5	2 T6 10 
P6	2 T7 18 
P7	2 T8 24 
P0	3 T9 11 
P8	8 T10 18 
P4	9 T11 14 
P-1	9 T12 18 
P-1	9 T13 20 
P-1	10 T14 15 
P1	10 T15 23 
P-1	10 T16 33 
P5	11 T17 21 
P-1	13 T18 14 
P-1	13 T19 18 
P-1	13 T20 25 
P0	13 T21 28 
P-1	15 T22 29 
P4	16 T23 29 
P-1	16 T24 32 
P6	19 T25 27 
P8	20 T26 30 
P-1	22 T27 31 
P5	22 T28 34 
P1	27 T29 34 
P3	28 T30 33 
NMec = 2020
Viable Sol. = 1302470168
Profit = 47853
T = 31
P = 9
Profits not ignored
Solution time = 1.397e+01
Task data
00    0   2   586
01    0   9  2444
02    0  34  5371
03    1  14  1012
04    1  27  6390
05    2   8   727
06    2  10   911
07    2  18  3063
08    2  24  3219
09    3  11   575
10    8  18  2924
11    9  14  1364
12    9  18  1125
13    9  20  1818
14   10  15  1219
15   10  23  3239
16   10  33  3002
17   11  21  1714
18   13  14   519
19   13  18   962
20   13  25  2205
21   13  28  3363
22   15  29  1123
23   16  29  3356
24   16  32  1407
25   19  27  1299
26   20  30  2888
27   22  31  1084
28   22  34  2203
29   27  34  1491
30   28  33   726
End
