P0	2 T0 18 
P-1	11 T1 23 
P0	19 T2 27 
P0	28 T3 46 
P-1	44 T4 48 
P-1	52 T5 57 
P0	55 T6 64 
P0	68 T7 82 
P-1	73 T8 91 
P0	107 T9 118 
P-1	111 T10 122 
P-1	117 T11 129 
P-1	126 T12 135 
P-1	127 T13 142 
P0	134 T14 146 
P-1	145 T15 147 
P0	150 T16 165 
P0	180 T17 186 
P-1	188 T18 192 
P0	188 T19 196 
P0	204 T20 218 
P-1	210 T21 243 
P-1	213 T22 221 
P-1	218 T23 229 
P-1	219 T24 231 
P0	226 T25 239 
P-1	238 T26 255 
P-1	241 T27 246 
P-1	245 T28 249 
P0	246 T29 257 
P-1	253 T30 261 
NMec = 2020
Viable Sol. = 2877120
Profit = 28320
T = 31
P = 1
Profits not ignored
Solution time = 7.448e-02
Task data
00    2  18  1572
01   11  23  2023
02   19  27  1974
03   28  46  2077
04   44  48   676
05   52  57   703
06   55  64  1648
07   68  82  3030
08   73  91  2036
09  107 118  1178
10  111 122  1103
11  117 129  1058
12  126 135  1387
13  127 142  1444
14  134 146  3325
15  145 147   211
16  150 165  3061
17  180 186  1626
18  188 192   753
19  188 196   879
20  204 218  3374
21  210 243  3081
22  213 221  1883
23  218 229  1345
24  219 231   823
25  226 239  1151
26  238 255  1890
27  241 246   673
28  245 249   919
29  246 257  3425
30  253 261   913
End
