P-1	1 T0 25 
P-1	5 T1 25 
P0	6 T2 14 
P1	6 T3 23 
P-1	10 T4 35 
P0	17 T5 43 
P2	20 T6 34 
P-1	20 T7 37 
P-1	22 T8 34 
P1	28 T9 46 
P-1	31 T10 42 
P2	39 T11 51 
P0	49 T12 62 
P1	51 T13 55 
P-1	53 T14 65 
P-1	55 T15 70 
P2	55 T16 95 
P-1	56 T17 74 
P-1	59 T18 69 
P1	60 T19 75 
P-1	63 T20 77 
P0	64 T21 69 
P0	71 T22 85 
P-1	73 T23 87 
P-1	75 T24 77 
P-1	75 T25 78 
P1	77 T26 99 
P-1	84 T27 100 
P-1	86 T28 91 
P0	86 T29 97 
P-1	91 T30 97 
P0	99 T31 103 
NMec = 2020
Viable Sol. = 159121956
Profit = 42569
T = 32
P = 3
Profits not ignored
Solution time = 1.776e+00
Task data
00    1  25  1904
01    5  25  2652
02    6  14  2036
03    6  23  4031
04   10  35  1975
05   17  43  5604
06   20  34  2776
07   20  37  2002
08   22  34  1739
09   28  46  2318
10   31  42  1468
11   39  51  2164
12   49  62  3443
13   51  55   500
14   53  65  1633
15   55  70  1814
16   55  95  6330
17   56  74  1952
18   59  69  1509
19   60  75  3739
20   63  77   921
21   64  69   710
22   71  85  3698
23   73  87  2116
24   75  77   723
25   75  78   526
26   77  99  2940
27   84 100  1061
28   86  91  1161
29   86  97  1461
30   91  97   779
31   99 103   819
End
