P0	1 T0 44 
P1	2 T1 9 
P2	2 T2 54 
P-1	3 T3 11 
P3	3 T4 18 
P-1	4 T5 12 
P4	4 T6 53 
P-1	5 T7 13 
P-1	5 T8 21 
P-1	6 T9 11 
P-1	6 T10 23 
P5	6 T11 52 
P-1	7 T12 20 
P-1	11 T13 38 
P-1	12 T14 23 
P1	13 T15 27 
P-1	14 T16 22 
P-1	14 T17 25 
P-1	14 T18 36 
P-1	15 T19 25 
P3	21 T20 30 
P-1	22 T21 27 
P-1	23 T22 33 
P1	28 T23 37 
P-1	30 T24 40 
P-1	30 T25 48 
P-1	31 T26 47 
P-1	33 T27 43 
P-1	33 T28 45 
P-1	34 T29 40 
P3	35 T30 44 
P1	42 T31 54 
P0	47 T32 51 
NMec = 2020
Viable Sol. = 942994315
Profit = 54283
T = 33
P = 6
Profits not ignored
Solution time = 1.135e+01
Task data
00    1  44  8870
01    2   9  1572
02    2  54 12088
03    3  11  1411
04    3  18  4151
05    4  12   760
06    4  53  9305
07    5  13  1132
08    5  21  1557
09    6  11   647
10    6  23  1536
11    6  52  6839
12    7  20  2536
13   11  38  2117
14   12  23  1543
15   13  27  3646
16   14  22   573
17   14  25  1324
18   14  36  1781
19   15  25  3015
20   21  30  1432
21   22  27   558
22   23  33   940
23   28  37  1653
24   30  40  1160
25   30  48  1524
26   31  47   910
27   33  43  1533
28   33  45  1324
29   34  40   853
30   35  44  1602
31   42  54  2127
32   47  51   998
End
