P0	0 T0 11 
P-1	0 T1 14 
P1	2 T2 14 
P-1	2 T3 15 
P2	3 T4 4 
P3	3 T5 19 
P4	4 T6 17 
P2	5 T7 18 
P5	6 T8 47 
P-1	7 T9 13 
P-1	8 T10 23 
P-1	9 T11 18 
P6	9 T12 18 
P-1	9 T13 33 
P-1	10 T14 17 
P-1	12 T15 25 
P0	13 T16 26 
P-1	14 T17 30 
P-1	15 T18 34 
P1	17 T19 25 
P-1	17 T20 26 
P-1	17 T21 28 
P4	18 T22 34 
P-1	21 T23 23 
P2	21 T24 30 
P3	21 T25 36 
P6	23 T26 35 
P-1	24 T27 31 
P-1	24 T28 37 
P1	26 T29 41 
P0	29 T30 47 
P2	31 T31 41 
P-1	31 T32 45 
P-1	32 T33 46 
NMec = 2020
Viable Sol. = -1285859606
Profit = 45282
T = 34
P = 7
Profits not ignored
Solution time = 3.936e+01
Task data
00    0  11  1166
01    0  14  1504
02    2  14  1857
03    2  15  1703
04    3   4   285
05    3  19  2378
06    4  17  2115
07    5  18  1962
08    6  47 11555
09    7  13   392
10    8  23  1680
11    9  18  1216
12    9  18  2180
13    9  33  3379
14   10  17   996
15   12  25  1375
16   13  26  2044
17   14  30  1583
18   15  34  2270
19   17  25  1723
20   17  26   743
21   17  28  1191
22   18  34  2808
23   21  23   423
24   21  30  1209
25   21  36  3487
26   23  35  3238
27   24  31   551
28   24  37  1549
29   26  41  2347
30   29  47  2299
31   31  41  2629
32   31  45  1401
33   32  46  1659
End
