P-1	5 T0 28 
P0	5 T1 66 
P1	6 T2 16 
P2	6 T3 22 
P3	8 T4 15 
P-1	8 T5 71 
P-1	10 T6 20 
P-1	14 T7 20 
P-1	15 T8 33 
P1	20 T9 24 
P3	20 T10 36 
P-1	21 T11 22 
P2	23 T12 59 
P-1	25 T13 36 
P-1	26 T14 42 
P-1	28 T15 47 
P-1	29 T16 36 
P-1	29 T17 52 
P1	31 T18 39 
P-1	37 T19 50 
P3	37 T20 52 
P-1	41 T21 67 
P-1	41 T22 75 
P-1	42 T23 60 
P-1	43 T24 47 
P1	45 T25 57 
P-1	55 T26 61 
P3	56 T27 80 
P1	59 T28 83 
P2	61 T29 81 
P-1	62 T30 77 
P0	67 T31 75 
P-1	73 T32 83 
P-1	74 T33 76 
NMec = 2020
Viable Sol. = 557804632
Profit = 47371
T = 34
P = 4
Profits not ignored
Solution time = 6.476e+00
Task data
00    5  28  1999
01    5  66  9756
02    6  16  1565
03    6  22  2843
04    8  15  1766
05    8  71  9108
06   10  20  1229
07   14  20  1667
08   15  33  3481
09   20  24   685
10   20  36  2786
11   21  22   241
12   23  59  5786
13   25  36  1745
14   26  42  1701
15   28  47  3598
16   29  36  1351
17   29  52  3545
18   31  39  1926
19   37  50  2517
20   37  52  3878
21   41  67  2451
22   41  75  4712
23   42  60  2126
24   43  47  1343
25   45  57  2814
26   55  61   593
27   56  80  4978
28   59  83  3856
29   61  81  3584
30   62  77  1972
31   67  75  1148
32   73  83  1113
33   74  76   421
End
