P0	0 T0 13 
P1	3 T1 8 
P-1	3 T2 20 
P2	4 T3 41 
P3	4 T4 49 
P-1	5 T5 19 
P4	5 T6 28 
P5	6 T7 27 
P-1	7 T8 13 
P-1	8 T9 21 
P-1	10 T10 18 
P1	11 T11 36 
P-1	12 T12 18 
P0	16 T13 22 
P-1	17 T14 27 
P-1	17 T15 33 
P-1	18 T16 20 
P-1	18 T17 26 
P-1	18 T18 39 
P-1	19 T19 32 
P-1	20 T20 37 
P-1	21 T21 26 
P-1	23 T22 35 
P-1	23 T23 37 
P-1	24 T24 40 
P0	24 T25 45 
P5	28 T26 53 
P-1	31 T27 42 
P-1	35 T28 44 
P-1	35 T29 50 
P4	35 T30 56 
P-1	37 T31 48 
P1	37 T32 54 
P-1	38 T33 43 
P2	45 T34 54 
NMec = 2020
Viable Sol. = 1963851682
Profit = 58116
T = 35
P = 6
Profits not ignored
Solution time = 2.607e+01
Task data
00    0  13  3019
01    3   8   541
02    3  20  2692
03    4  41 10920
04    4  49  7508
05    5  19  1921
06    5  28  3618
07    6  27  3702
08    7  13   701
09    8  21  1012
10   10  18  1640
11   11  36  6932
12   12  18   990
13   16  22  1122
14   17  27  1811
15   17  33  1474
16   18  20   404
17   18  26  1276
18   18  39  2697
19   19  32  1595
20   20  37  3029
21   21  26   838
22   23  35  2530
23   23  37  1434
24   24  40  3501
25   24  45  4643
26   28  53  4266
27   31  42  3263
28   35  44  1063
29   35  50  2802
30   35  56  5209
31   37  48  1678
32   37  54  4325
33   38  43   582
34   45  54  2311
End
