P0	0 T0 6 
P-1	8 T1 31 
P0	12 T2 27 
P-1	15 T3 26 
P1	18 T4 35 
P-1	19 T5 29 
P-1	22 T6 33 
P2	26 T7 116 
P0	33 T8 52 
P1	40 T9 47 
P-1	47 T10 55 
P1	52 T11 63 
P-1	54 T12 60 
P0	54 T13 73 
P-1	59 T14 68 
P-1	66 T15 84 
P-1	69 T16 80 
P1	69 T17 83 
P-1	73 T18 97 
P-1	76 T19 86 
P0	77 T20 84 
P-1	77 T21 88 
P-1	82 T22 89 
P-1	83 T23 86 
P-1	83 T24 92 
P1	84 T25 92 
P0	86 T26 93 
P-1	93 T27 104 
P0	94 T28 103 
P-1	94 T29 107 
P-1	95 T30 96 
P1	95 T31 111 
P0	104 T32 113 
P-1	106 T33 107 
P-1	106 T34 112 
NMec = 2020
Viable Sol. = 1057625028
Profit = 52327
T = 35
P = 3
Profits not ignored
Solution time = 1.314e+01
Task data
00    0   6  1358
01    8  31  1841
02   12  27  3970
03   15  26  1345
04   18  35  4456
05   19  29  2452
06   22  33  1568
07   26 116 20003
08   33  52  2350
09   40  47  1087
10   47  55   858
11   52  63  2016
12   54  60  1679
13   54  73  3259
14   59  68  1900
15   66  84  1241
16   69  80  1764
17   69  83  3195
18   73  97  2438
19   76  86  1228
20   77  84  2219
21   77  88  1828
22   82  89  2239
23   83  86   656
24   83  92  1153
25   84  92  1909
26   86  93  1347
27   93 104  1122
28   94 103  1720
29   94 107  1231
30   95  96   362
31   95 111  2293
32  104 113  1145
33  106 107   479
34  106 112   821
End
