P-1	3 T0 47 
P0	4 T1 18 
P-1	4 T2 22 
P1	5 T3 28 
P2	6 T4 31 
P-1	7 T5 31 
P3	9 T6 21 
P4	11 T7 23 
P-1	14 T8 35 
P5	15 T9 21 
P-1	15 T10 27 
P-1	16 T11 40 
P-1	18 T12 39 
P-1	19 T13 41 
P0	20 T14 40 
P3	22 T15 39 
P-1	24 T16 44 
P-1	25 T17 36 
P-1	25 T18 41 
P4	26 T19 31 
P-1	26 T20 39 
P-1	29 T21 37 
P1	30 T22 54 
P5	31 T23 43 
P2	32 T24 58 
P-1	33 T25 55 
P-1	34 T26 42 
P-1	34 T27 44 
P4	34 T28 52 
P-1	39 T29 40 
P3	40 T30 47 
P-1	40 T31 53 
P-1	40 T32 53 
P0	44 T33 54 
P5	46 T34 51 
P3	49 T35 58 
NMec = 2020
Viable Sol. = 1798526930
Profit = 44371
T = 36
P = 6
Profits not ignored
Solution time = 2.202e+01
Task data
00    3  47  5194
01    4  18  1987
02    4  22  1647
03    5  28  1977
04    6  31  3041
05    7  31  2177
06    9  21  1847
07   11  23  3613
08   14  35  1766
09   15  21  1819
10   15  27  1688
11   16  40  3724
12   18  39  2242
13   19  41  1532
14   20  40  3650
15   22  39  2947
16   24  44  2467
17   25  36  1370
18   25  41  1291
19   26  31   509
20   26  39  1406
21   29  37   753
22   30  54  5242
23   31  43  3399
24   32  58  3637
25   33  55  2398
26   34  42  1221
27   34  44  2137
28   34  52  4308
29   39  40   181
30   40  47  1923
31   40  53  1253
32   40  53  2165
33   44  54  1702
34   46  51   395
35   49  58  2375
End
