P0	1 T0 47 
P1	4 T1 28 
P-1	4 T2 38 
P-1	7 T3 32 
P2	9 T4 12 
P3	9 T5 26 
P4	10 T6 12 
P-1	12 T7 33 
P-1	13 T8 18 
P2	13 T9 21 
P-1	14 T10 21 
P-1	14 T11 25 
P4	14 T12 25 
P-1	16 T13 31 
P-1	16 T14 35 
P5	16 T15 38 
P-1	17 T16 28 
P-1	19 T17 34 
P-1	21 T18 27 
P-1	21 T19 32 
P-1	23 T20 30 
P2	23 T21 33 
P3	27 T22 37 
P1	30 T23 43 
P-1	32 T24 41 
P-1	32 T25 47 
P4	32 T26 60 
P-1	37 T27 51 
P2	37 T28 58 
P3	38 T29 51 
P-1	40 T30 51 
P5	41 T31 60 
P-1	45 T32 49 
P1	45 T33 59 
P-1	46 T34 50 
P-1	46 T35 56 
P0	51 T36 56 
NMec = 2020
Viable Sol. = -701281462
Profit = 49936
T = 37
P = 6
Profits not ignored
Solution time = 9.177e+01
Task data
00    1  47 10853
01    4  28  2821
02    4  38  3716
03    7  32  2438
04    9  12   335
05    9  26  2554
06   10  12   693
07   12  33  2665
08   13  18  1172
09   13  21  1862
10   14  21  1630
11   14  25  1508
12   14  25  2512
13   16  31  1070
14   16  35  3534
15   16  38  6200
16   17  28  2066
17   19  34  1922
18   21  27  1199
19   21  32  2319
20   23  30   768
21   23  33  3066
22   27  37  1162
23   30  43  2371
24   32  41  1624
25   32  47  1879
26   32  60  2948
27   37  51  1438
28   37  58  4880
29   38  51  2182
30   40  51  1276
31   41  60  2145
32   45  49   706
33   45  59  2271
34   46  50   662
35   46  56  1025
36   51  56  1081
End
