P0	0 T0 6 
P1	0 T1 15 
P2	2 T2 13 
P3	4 T3 15 
P0	7 T4 17 
P-1	7 T5 23 
P-1	8 T6 73 
P-1	9 T7 11 
P4	9 T8 23 
P-1	12 T9 17 
P-1	13 T10 19 
P-1	13 T11 31 
P2	14 T12 28 
P1	16 T13 28 
P-1	16 T14 48 
P3	17 T15 19 
P-1	17 T16 19 
P0	22 T17 65 
P3	23 T18 36 
P-1	24 T19 32 
P-1	24 T20 39 
P-1	25 T21 46 
P4	27 T22 36 
P-1	28 T23 43 
P1	29 T24 45 
P-1	35 T25 44 
P-1	35 T26 46 
P-1	35 T27 55 
P2	36 T28 39 
P3	37 T29 52 
P4	38 T30 47 
P-1	39 T31 49 
P2	40 T32 59 
P-1	42 T33 43 
P1	46 T34 69 
P3	56 T35 66 
P4	57 T36 65 
NMec = 2020
Viable Sol. = 1674691202
Profit = 50770
T = 37
P = 5
Profits not ignored
Solution time = 6.191e+01
Task data
00    0   6  1284
01    0  15  1274
02    2  13  1737
03    4  15  3117
04    7  17  1982
05    7  23  1334
06    8  73  6063
07    9  11   341
08    9  23  1642
09   12  17   527
10   13  19  1146
11   13  31  2355
12   14  28  2826
13   16  28  1786
14   16  48  4308
15   17  19   339
16   17  19   331
17   22  65  5215
18   23  36  2051
19   24  32   962
20   24  39  1748
21   25  46  3438
22   27  36  2001
23   28  43  2769
24   29  45  3760
25   35  44  1402
26   35  46  1965
27   35  55  1168
28   36  39   657
29   37  52  3526
30   38  47  2473
31   39  49  1478
32   40  59  5406
33   42  43   508
34   46  69  5553
35   56  66  2507
36   57  65  1634
End
