P0	0 T0 18 
P1	3 T1 9 
P2	3 T2 14 
P3	4 T3 13 
P4	5 T4 12 
P5	5 T5 39 
P6	6 T6 12 
P-1	6 T7 15 
P-1	6 T8 22 
P7	6 T9 30 
P8	7 T10 16 
P-1	8 T11 27 
P-1	9 T12 19 
P-1	9 T13 20 
P-1	12 T14 24 
P1	12 T15 25 
P4	13 T16 25 
P6	13 T17 29 
P2	15 T18 28 
P-1	15 T19 32 
P-1	16 T20 24 
P-1	16 T21 31 
P3	16 T22 41 
P8	17 T23 24 
P-1	18 T24 37 
P-1	19 T25 29 
P-1	20 T26 24 
P-1	21 T27 27 
P-1	21 T28 31 
P0	21 T29 32 
P-1	21 T30 34 
P-1	22 T31 29 
P8	25 T32 32 
P-1	26 T33 34 
P1	26 T34 40 
P4	27 T35 42 
P2	29 T36 37 
P0	34 T37 41 
NMec = 2020
Viable Sol. = -1225432398
Profit = 53465
T = 38
P = 9
Profits not ignored
Solution time = 5.288e+02
Task data
00    0  18  3359
01    3   9  1835
02    3  14  2092
03    4  13  2107
04    5  12  1265
05    5  39  5583
06    6  12  1546
07    6  15  1493
08    6  22  1645
09    6  30  4040
10    7  16  2437
11    8  27  2868
12    9  19  1263
13    9  20  1300
14   12  24  2073
15   12  25  2150
16   13  25  1473
17   13  29  3250
18   15  28  2064
19   15  32  2006
20   16  24  1050
21   16  31  2083
22   16  41  4929
23   17  24  1266
24   18  37  1784
25   19  29   948
26   20  24   893
27   21  27   942
28   21  31   766
29   21  32  2822
30   21  34  1780
31   22  29  1515
32   25  32  1914
33   26  34  1344
34   26  40  3562
35   27  42  2888
36   29  37  1302
37   34  41  1581
End
