P0	0 T0 94 
P-1	2 T1 22 
P1	9 T2 24 
P-1	10 T3 26 
P2	11 T4 16 
P-1	11 T5 80 
P-1	11 T6 93 
P-1	13 T7 92 
P3	15 T8 28 
P-1	20 T9 37 
P2	20 T10 46 
P1	25 T11 35 
P-1	28 T12 32 
P3	30 T13 94 
P-1	31 T14 51 
P-1	33 T15 57 
P-1	36 T16 54 
P1	39 T17 47 
P-1	39 T18 94 
P-1	43 T19 62 
P-1	45 T20 60 
P-1	47 T21 62 
P-1	48 T22 54 
P1	49 T23 63 
P2	51 T24 79 
P-1	54 T25 71 
P-1	56 T26 73 
P-1	57 T27 65 
P-1	59 T28 65 
P-1	65 T29 84 
P-1	66 T30 69 
P1	68 T31 76 
P-1	68 T32 85 
P-1	68 T33 89 
P-1	77 T34 90 
P1	77 T35 92 
P2	81 T36 90 
P-1	88 T37 92 
NMec = 2020
Viable Sol. = 1435182189
Profit = 59975
T = 38
P = 4
Profits not ignored
Solution time = 1.544e+01
Task data
00    0  94 14669
01    2  22  2714
02    9  24  2976
03   10  26  2766
04   11  16  1297
05   11  80  7646
06   11  93  9979
07   13  92  6992
08   15  28  2926
09   20  37  3000
10   20  46  5833
11   25  35   841
12   28  32   554
13   30  94 14064
14   31  51  2928
15   33  57  2935
16   36  54  2888
17   39  47  1207
18   39  94  7707
19   43  62  4381
20   45  60  1575
21   47  62  1751
22   48  54   738
23   49  63  3935
24   51  79  6519
25   54  71  2917
26   56  73  1619
27   57  65  1591
28   59  65   880
29   65  84  2039
30   66  69   677
31   68  76  1554
32   68  85  1865
33   68  89  3581
34   77  90  3078
35   77  92  3200
36   81  90   954
37   88  92   443
End
