P0	1 T0 10 
P1	2 T1 7 
P2	4 T2 19 
P3	6 T3 9 
P4	6 T4 24 
P5	7 T5 16 
P-1	7 T6 28 
P0	12 T7 18 
P1	12 T8 24 
P-1	13 T9 30 
P-1	14 T10 35 
P-1	17 T11 28 
P-1	17 T12 36 
P-1	17 T13 36 
P-1	19 T14 30 
P-1	19 T15 36 
P0	20 T16 21 
P-1	20 T17 28 
P2	20 T18 28 
P3	20 T19 29 
P0	24 T20 32 
P-1	24 T21 33 
P-1	24 T22 44 
P1	25 T23 37 
P4	25 T24 45 
P5	28 T25 44 
P2	30 T26 48 
P3	31 T27 46 
P0	33 T28 44 
NMec = 97827
Viable Sol. = 62166805
Profit = 18
T = 29
P = 6
Profits ignored
Solution time = 6.336e-01
Task data
00    1  10     1
01    2   7     1
02    4  19     1
03    6   9     1
04    6  24     1
05    7  16     1
06    7  28     1
07   12  18     1
08   12  24     1
09   13  30     1
10   14  35     1
11   17  28     1
12   17  36     1
13   17  36     1
14   19  30     1
15   19  36     1
16   20  21     1
17   20  28     1
18   20  28     1
19   20  29     1
20   24  32     1
21   24  33     1
22   24  44     1
23   25  37     1
24   25  45     1
25   28  44     1
26   30  48     1
27   31  46     1
28   33  44     1
End
