P-1	0 T0 64 
P0	3 T1 13 
P-1	7 T2 24 
P1	8 T3 19 
P2	11 T4 19 
P0	14 T5 33 
P3	18 T6 26 
P-1	18 T7 34 
P-1	20 T8 49 
P-1	22 T9 44 
P-1	23 T10 35 
P-1	25 T11 47 
P1	29 T12 36 
P2	32 T13 37 
P3	33 T14 41 
P0	34 T15 42 
P-1	35 T16 52 
P-1	37 T17 53 
P-1	37 T18 61 
P1	41 T19 44 
P-1	42 T20 53 
P-1	44 T21 67 
P-1	46 T22 58 
P0	47 T23 58 
P-1	47 T24 66 
P1	48 T25 67 
P2	50 T26 71 
P3	51 T27 61 
P0	59 T28 63 
NMec = 97827
Viable Sol. = 21081672
Profit = 15
T = 29
P = 4
Profits ignored
Solution time = 2.158e-01
Task data
00    0  64     1
01    3  13     1
02    7  24     1
03    8  19     1
04   11  19     1
05   14  33     1
06   18  26     1
07   18  34     1
08   20  49     1
09   22  44     1
10   23  35     1
11   25  47     1
12   29  36     1
13   32  37     1
14   33  41     1
15   34  42     1
16   35  52     1
17   37  53     1
18   37  61     1
19   41  44     1
20   42  53     1
21   44  67     1
22   46  58     1
23   47  58     1
24   47  66     1
25   48  67     1
26   50  71     1
27   51  61     1
28   59  63     1
End
