P0	0 T0 12 
P-1	0 T1 41 
P-1	1 T2 25 
P1	2 T3 11 
P2	4 T4 13 
P3	5 T5 12 
P-1	5 T6 39 
P-1	8 T7 28 
P4	9 T8 18 
P5	9 T9 23 
P-1	9 T10 27 
P0	13 T11 20 
P1	13 T12 25 
P-1	13 T13 32 
P-1	13 T14 32 
P-1	16 T15 29 
P-1	16 T16 36 
P2	17 T17 30 
P-1	17 T18 40 
P3	18 T19 28 
P4	20 T20 31 
P0	21 T21 38 
P6	21 T22 38 
P5	24 T23 32 
P1	27 T24 33 
P2	31 T25 34 
P3	31 T26 39 
P1	34 T27 36 
P4	34 T28 38 
NMec = 97827
Viable Sol. = 110900685
Profit = 19
T = 29
P = 7
Profits ignored
Solution time = 1.012e+00
Task data
00    0  12     1
01    0  41     1
02    1  25     1
03    2  11     1
04    4  13     1
05    5  12     1
06    5  39     1
07    8  28     1
08    9  18     1
09    9  23     1
10    9  27     1
11   13  20     1
12   13  25     1
13   13  32     1
14   13  32     1
15   16  29     1
16   16  36     1
17   17  30     1
18   17  40     1
19   18  28     1
20   20  31     1
21   21  38     1
22   21  38     1
23   24  32     1
24   27  33     1
25   31  34     1
26   31  39     1
27   34  36     1
28   34  38     1
End
