P0	1 T0 11 
P1	1 T1 15 
P2	5 T2 11 
P3	6 T3 19 
P-1	6 T4 20 
P-1	8 T5 23 
P-1	9 T6 26 
P-1	13 T7 37 
P-1	15 T8 20 
P0	17 T9 28 
P1	18 T10 24 
P2	19 T11 27 
P3	20 T12 21 
P4	20 T13 36 
P3	24 T14 38 
P-1	25 T15 45 
P1	27 T16 36 
P-1	29 T17 47 
P-1	30 T18 51 
P0	31 T19 44 
P2	33 T20 37 
P-1	33 T21 48 
P-1	39 T22 56 
P-1	40 T23 55 
P1	41 T24 59 
P2	42 T25 58 
P3	43 T26 54 
P4	44 T27 48 
P0	47 T28 55 
P3	55 T29 58 
NMec = 97827
Viable Sol. = 234127766
Profit = 19
T = 30
P = 5
Profits ignored
Solution time = 2.244e+00
Task data
00    1  11     1
01    1  15     1
02    5  11     1
03    6  19     1
04    6  20     1
05    8  23     1
06    9  26     1
07   13  37     1
08   15  20     1
09   17  28     1
10   18  24     1
11   19  27     1
12   20  21     1
13   20  36     1
14   24  38     1
15   25  45     1
16   27  36     1
17   29  47     1
18   30  51     1
19   31  44     1
20   33  37     1
21   33  48     1
22   39  56     1
23   40  55     1
24   41  59     1
25   42  58     1
26   43  54     1
27   44  48     1
28   47  55     1
29   55  58     1
End
