P0	0 T0 13 
P-1	0 T1 18 
P-1	2 T2 19 
P1	4 T3 9 
P-1	4 T4 30 
P2	5 T5 18 
P-1	5 T6 20 
P-1	6 T7 20 
P-1	6 T8 22 
P-1	6 T9 31 
P3	8 T10 16 
P4	9 T11 23 
P5	9 T12 25 
P-1	11 T13 28 
P1	12 T14 22 
P6	12 T15 29 
P7	13 T16 25 
P0	15 T17 22 
P-1	15 T18 32 
P3	18 T19 26 
P-1	18 T20 33 
P-1	19 T21 31 
P2	19 T22 36 
P0	23 T23 33 
P1	24 T24 35 
P3	27 T25 33 
P4	27 T26 33 
P5	27 T27 36 
P7	27 T28 37 
P6	31 T29 37 
NMec = 97827
Viable Sol. = 303797464
Profit = 19
T = 30
P = 8
Profits ignored
Solution time = 2.757e+00
Task data
00    0  13     1
01    0  18     1
02    2  19     1
03    4   9     1
04    4  30     1
05    5  18     1
06    5  20     1
07    6  20     1
08    6  22     1
09    6  31     1
10    8  16     1
11    9  23     1
12    9  25     1
13   11  28     1
14   12  22     1
15   12  29     1
16   13  25     1
17   15  22     1
18   15  32     1
19   18  26     1
20   18  33     1
21   19  31     1
22   19  36     1
23   23  33     1
24   24  35     1
25   27  33     1
26   27  33     1
27   27  36     1
28   27  37     1
29   31  37     1
End
