P-1	1 T0 41 
P-1	2 T1 9 
P0	3 T2 10 
P-1	3 T3 23 
P-1	3 T4 42 
P1	5 T5 21 
P2	6 T6 12 
P3	7 T7 23 
P4	8 T8 26 
P5	9 T9 12 
P6	9 T10 25 
P-1	11 T11 33 
P-1	12 T12 33 
P-1	13 T13 36 
P0	15 T14 22 
P-1	18 T15 38 
P2	19 T16 23 
P5	19 T17 25 
P-1	20 T18 31 
P-1	23 T19 40 
P-1	24 T20 35 
P0	25 T21 32 
P1	25 T22 38 
P2	25 T23 40 
P3	26 T24 33 
P5	26 T25 40 
P4	28 T26 35 
P6	29 T27 31 
P6	32 T28 41 
P0	36 T29 40 
NMec = 97827
Viable Sol. = 245400956
Profit = 19
T = 30
P = 7
Profits ignored
Solution time = 2.416e+00
Task data
00    1  41     1
01    2   9     1
02    3  10     1
03    3  23     1
04    3  42     1
05    5  21     1
06    6  12     1
07    7  23     1
08    8  26     1
09    9  12     1
10    9  25     1
11   11  33     1
12   12  33     1
13   13  36     1
14   15  22     1
15   18  38     1
16   19  23     1
17   19  25     1
18   20  31     1
19   23  40     1
20   24  35     1
21   25  32     1
22   25  38     1
23   25  40     1
24   26  33     1
25   26  40     1
26   28  35     1
27   29  31     1
28   32  41     1
29   36  40     1
End
