P0	30 T0 46 
P0	53 T1 61 
P-1	36 T2 63 
P0	70 T3 83 
P-1	11 T4 84 
P0	89 T5 94 
P0	102 T6 107 
P-1	95 T7 111 
P0	120 T8 129 
P-1	127 T9 134 
P-1	128 T10 138 
P0	148 T11 162 
P0	181 T12 187 
P-1	177 T13 194 
P-1	187 T14 195 
P0	196 T15 200 
P-1	200 T16 213 
P-1	50 T17 217 
P-1	34 T18 222 
P0	205 T19 222 
P-1	218 T20 222 
P-1	215 T21 225 
P0	248 T22 251 
P-1	244 T23 252 
P-1	241 T24 257 
P-1	19 T25 258 
P-1	240 T26 262 
P-1	13 T27 278 
P-1	110 T28 280 
P0	280 T29 289 
NMec = 97827
Viable Sol. = 0
Profit = 12
T = 30
P = 1
Profits ignored
Solution time = 7.728e-06
Task data
00   30  46     1
01   53  61     1
02   36  63     1
03   70  83     1
04   11  84     1
05   89  94     1
06  102 107     1
07   95 111     1
08  120 129     1
09  127 134     1
10  128 138     1
11  148 162     1
12  181 187     1
13  177 194     1
14  187 195     1
15  196 200     1
16  200 213     1
17   50 217     1
18   34 222     1
19  205 222     1
20  218 222     1
21  215 225     1
22  248 251     1
23  244 252     1
24  241 257     1
25   19 258     1
26  240 262     1
27   13 278     1
28  110 280     1
29  280 289     1
End
