P-1	2 T0 11 
P0	2 T1 12 
P-1	3 T2 16 
P-1	4 T3 25 
P1	6 T4 8 
P-1	6 T5 15 
P2	7 T6 27 
P3	8 T7 10 
P1	9 T8 14 
P0	14 T9 33 
P3	14 T10 35 
P-1	26 T11 45 
P0	34 T12 39 
P1	34 T13 41 
P2	34 T14 43 
P3	38 T15 52 
P-1	39 T16 62 
P0	42 T17 43 
P-1	47 T18 65 
P0	48 T19 49 
P1	48 T20 57 
P-1	50 T21 63 
P0	51 T22 56 
P-1	52 T23 63 
P2	52 T24 64 
P-1	53 T25 68 
P3	53 T26 73 
P0	62 T27 70 
P1	62 T28 70 
P2	67 T29 73 
NMec = 97827
Viable Sol. = 188786496
Profit = 20
T = 30
P = 4
Profits ignored
Solution time = 1.640e+00
Task data
00    2  11     1
01    2  12     1
02    3  16     1
03    4  25     1
04    6   8     1
05    6  15     1
06    7  27     1
07    8  10     1
08    9  14     1
09   14  33     1
10   14  35     1
11   26  45     1
12   34  39     1
13   34  41     1
14   34  43     1
15   38  52     1
16   39  62     1
17   42  43     1
18   47  65     1
19   48  49     1
20   48  57     1
21   50  63     1
22   51  56     1
23   52  63     1
24   52  64     1
25   53  68     1
26   53  73     1
27   62  70     1
28   62  70     1
29   67  73     1
End
