P-1	0 T0 17 
P-1	1 T1 15 
P0	2 T2 9 
P1	2 T3 12 
P-1	2 T4 29 
P2	3 T5 8 
P-1	3 T6 20 
P-1	3 T7 28 
P-1	4 T8 29 
P-1	4 T9 29 
P3	5 T10 9 
P4	5 T11 18 
P5	6 T12 12 
P-1	6 T13 19 
P2	9 T14 11 
P-1	9 T15 24 
P-1	9 T16 27 
P-1	10 T17 23 
P0	10 T18 24 
P3	10 T19 27 
P6	11 T20 17 
P7	11 T21 19 
P2	12 T22 22 
P8	12 T23 23 
P1	13 T24 26 
P5	13 T25 28 
P9	15 T26 20 
P6	18 T27 27 
P4	19 T28 25 
P7	22 T29 28 
NMec = 97827
Viable Sol. = 456185878
Profit = 19
T = 30
P = 10
Profits ignored
Solution time = 4.314e+00
Task data
00    0  17     1
01    1  15     1
02    2   9     1
03    2  12     1
04    2  29     1
05    3   8     1
06    3  20     1
07    3  28     1
08    4  29     1
09    4  29     1
10    5   9     1
11    5  18     1
12    6  12     1
13    6  19     1
14    9  11     1
15    9  24     1
16    9  27     1
17   10  23     1
18   10  24     1
19   10  27     1
20   11  17     1
21   11  19     1
22   12  22     1
23   12  23     1
24   13  26     1
25   13  28     1
26   15  20     1
27   18  27     1
28   19  25     1
29   22  28     1
End
