P-1	1 T0 7 
P0	6 T1 16 
P0	22 T2 23 
P-1	47 T3 274 
P0	56 T4 65 
P-1	57 T5 72 
P0	70 T6 292 
P-1	74 T7 78 
P-1	79 T8 92 
P-1	100 T9 103 
P-1	126 T10 138 
P-1	126 T11 152 
P-1	128 T12 133 
P-1	150 T13 166 
P-1	158 T14 164 
P-1	162 T15 271 
P-1	163 T16 175 
P-1	166 T17 221 
P-1	185 T18 202 
P-1	188 T19 193 
P-1	206 T20 210 
P-1	209 T21 220 
P-1	219 T22 229 
P-1	244 T23 254 
P-1	260 T24 271 
P-1	269 T25 293 
P-1	270 T26 292 
P-1	273 T27 287 
P-1	283 T28 302 
P-1	286 T29 300 
P0	301 T30 308 
NMec = 97827
Viable Sol. = 1211958
Profit = 37880
T = 31
P = 1
Profits not ignored
Solution time = 1.194e-02
Task data
00    1   7   787
01    6  16   838
02   22  23   183
03   47 274 32158
04   56  65   879
05   57  72  1575
06   70 292 34426
07   74  78   607
08   79  92  2003
09  100 103   210
10  126 138  2879
11  126 152  4078
12  128 133  1084
13  150 166  3571
14  158 164   461
15  162 271 19661
16  163 175  1376
17  166 221  5607
18  185 202  1912
19  188 193  1736
20  206 210   959
21  209 220   808
22  219 229  1110
23  244 254  1352
24  260 271  1413
25  269 293  6486
26  270 292  3639
27  273 287  1913
28  283 302  2227
29  286 300  1307
30  301 308  1554
End
