P0	1 T0 15 
P-1	1 T1 27 
P-1	2 T2 21 
P-1	4 T3 25 
P1	7 T4 15 
P-1	7 T5 20 
P-1	7 T6 24 
P2	8 T7 13 
P3	8 T8 15 
P4	8 T9 17 
P-1	9 T10 28 
P-1	10 T11 31 
P5	11 T12 19 
P-1	12 T13 34 
P6	13 T14 24 
P-1	13 T15 28 
P-1	13 T16 36 
P0	16 T17 24 
P-1	16 T18 27 
P1	17 T19 21 
P-1	18 T20 33 
P-1	18 T21 35 
P2	19 T22 29 
P3	19 T23 29 
P4	19 T24 31 
P7	19 T25 37 
P1	22 T26 33 
P0	25 T27 26 
P5	26 T28 29 
P6	26 T29 34 
P0	28 T30 38 
NMec = 97827
Viable Sol. = 314082782
Profit = 18
T = 31
P = 8
Profits ignored
Solution time = 2.577e+00
Task data
00    1  15     1
01    1  27     1
02    2  21     1
03    4  25     1
04    7  15     1
05    7  20     1
06    7  24     1
07    8  13     1
08    8  15     1
09    8  17     1
10    9  28     1
11   10  31     1
12   11  19     1
13   12  34     1
14   13  24     1
15   13  28     1
16   13  36     1
17   16  24     1
18   16  27     1
19   17  21     1
20   18  33     1
21   18  35     1
22   19  29     1
23   19  29     1
24   19  31     1
25   19  37     1
26   22  33     1
27   25  26     1
28   26  29     1
29   26  34     1
30   28  38     1
End
