P0	0 T0 6 
P1	1 T1 16 
P2	1 T2 20 
P-1	2 T3 9 
P3	3 T4 34 
P4	4 T5 5 
P5	4 T6 25 
P6	4 T7 27 
P-1	5 T8 15 
P-1	7 T9 11 
P-1	7 T10 16 
P-1	7 T11 17 
P0	7 T12 24 
P-1	9 T13 13 
P4	9 T14 19 
P-1	10 T15 13 
P-1	11 T16 21 
P-1	11 T17 31 
P-1	12 T18 16 
P-1	12 T19 18 
P-1	13 T20 25 
P-1	17 T21 25 
P1	17 T22 32 
P2	21 T23 31 
P4	24 T24 43 
P0	25 T25 32 
P5	29 T26 38 
P6	31 T27 32 
P2	32 T28 34 
P0	34 T29 40 
P1	35 T30 40 
NMec = 97827
Viable Sol. = 613394800
Profit = 44326
T = 31
P = 7
Profits not ignored
Solution time = 4.556e+00
Task data
00    0   6   871
01    1  16  2959
02    1  20  5152
03    2   9   466
04    3  34  6277
05    4   5   199
06    4  25  3709
07    4  27  4525
08    5  15   768
09    7  11   566
10    7  16   917
11    7  17  1460
12    7  24  3904
13    9  13   429
14    9  19  1879
15   10  13   797
16   11  21  1027
17   11  31  1870
18   12  16   525
19   12  18   988
20   13  25  1436
21   17  25  1011
22   17  32  2082
23   21  31  3263
24   24  43  3273
25   25  32  1143
26   29  38  2465
27   31  32   215
28   32  34   322
29   34  40  1173
30   35  40   915
End
