P0	1 T0 7 
P-1	6 T1 16 
P0	22 T2 23 
P0	56 T3 65 
P-1	57 T4 72 
P0	74 T5 78 
P0	79 T6 92 
P0	100 T7 103 
P0	128 T8 133 
P-1	126 T9 138 
P-1	126 T10 152 
P0	158 T11 164 
P-1	150 T12 166 
P-1	163 T13 175 
P0	188 T14 193 
P-1	185 T15 202 
P0	206 T16 210 
P-1	209 T17 220 
P-1	166 T18 221 
P0	219 T19 229 
P0	244 T20 254 
P-1	162 T21 271 
P0	260 T22 271 
P-1	47 T23 274 
P0	273 T24 287 
P-1	70 T25 292 
P-1	270 T26 292 
P-1	269 T27 293 
P-1	286 T28 300 
P-1	283 T29 302 
P0	301 T30 308 
NMec = 97827
Viable Sol. = 0
Profit = 15
T = 31
P = 1
Profits ignored
Solution time = 9.321e-06
Task data
00    1   7     1
01    6  16     1
02   22  23     1
03   56  65     1
04   57  72     1
05   74  78     1
06   79  92     1
07  100 103     1
08  128 133     1
09  126 138     1
10  126 152     1
11  158 164     1
12  150 166     1
13  163 175     1
14  188 193     1
15  185 202     1
16  206 210     1
17  209 220     1
18  166 221     1
19  219 229     1
20  244 254     1
21  162 271     1
22  260 271     1
23   47 274     1
24  273 287     1
25   70 292     1
26  270 292     1
27  269 293     1
28  286 300     1
29  283 302     1
30  301 308     1
End
