P0	2 T0 88 
P-1	11 T1 20 
P-1	11 T2 26 
P-1	11 T3 29 
P-1	14 T4 23 
P1	15 T5 86 
P-1	16 T6 30 
P-1	17 T7 29 
P-1	18 T8 23 
P2	18 T9 30 
P-1	19 T10 26 
P-1	19 T11 90 
P-1	20 T12 32 
P-1	20 T13 38 
P-1	22 T14 36 
P-1	26 T15 45 
P-1	28 T16 42 
P2	31 T17 73 
P-1	37 T18 39 
P-1	40 T19 49 
P-1	46 T20 59 
P-1	48 T21 60 
P-1	50 T22 59 
P-1	55 T23 66 
P-1	62 T24 85 
P-1	65 T25 70 
P-1	65 T26 84 
P-1	68 T27 79 
P2	78 T28 91 
P-1	85 T29 93 
P1	87 T30 94 
NMec = 97827
Viable Sol. = 11088770
Profit = 50870
T = 31
P = 3
Profits not ignored
Solution time = 8.258e-02
Task data
00    2  88 15168
01   11  20  2354
02   11  26  2849
03   11  29  2747
04   14  23  1434
05   15  86 17371
06   16  30  2881
07   17  29  3079
08   18  23  1371
09   18  30  3406
10   19  26   987
11   19  90  5279
12   20  32  1686
13   20  38  2410
14   22  36  1125
15   26  45  2026
16   28  42  2772
17   31  73 10730
18   37  39   672
19   40  49  1122
20   46  59  3197
21   48  60  1549
22   50  59  1830
23   55  66  1787
24   62  85  3249
25   65  70  1234
26   65  84  1745
27   68  79  2398
28   78  91  2789
29   85  93   845
30   87  94  1406
End
