P-1	0 T0 151 
P0	1 T1 71 
P1	1 T2 152 
P-1	6 T3 15 
P-1	13 T4 27 
P-1	18 T5 43 
P-1	21 T6 47 
P-1	21 T7 121 
P-1	22 T8 37 
P-1	27 T9 38 
P-1	32 T10 49 
P-1	35 T11 53 
P-1	37 T12 62 
P-1	39 T13 55 
P-1	45 T14 121 
P-1	54 T15 76 
P-1	56 T16 66 
P-1	58 T17 65 
P-1	60 T18 75 
P-1	67 T19 77 
P-1	68 T20 78 
P0	78 T21 87 
P-1	81 T22 87 
P0	92 T23 108 
P-1	93 T24 103 
P0	110 T25 119 
P-1	124 T26 134 
P-1	131 T27 152 
P0	133 T28 142 
P-1	133 T29 145 
P0	143 T30 153 
NMec = 97827
Viable Sol. = 4209981
Profit = 59813
T = 31
P = 2
Profits not ignored
Solution time = 3.381e-02
Task data
00    0 151 18965
01    1  71 17433
02    1 152 31901
03    6  15   609
04   13  27  1682
05   18  43  5579
06   21  47  5639
07   21 121  8335
08   22  37  2490
09   27  38  1895
10   32  49  2159
11   35  53  2307
12   37  62  4230
13   39  55  4012
14   45 121  8701
15   54  76  2969
16   56  66  1156
17   58  65   868
18   60  75  3750
19   67  77  1405
20   68  78  1144
21   78  87  1557
22   81  87   587
23   92 108  4105
24   93 103  1877
25  110 119   929
26  124 134  1202
27  131 152  2790
28  133 142  2574
29  133 145  2459
30  143 153  1314
End
