P-1	2 T0 88 
P0	11 T1 20 
P-1	11 T2 26 
P-1	11 T3 29 
P-1	14 T4 23 
P-1	15 T5 86 
P-1	16 T6 30 
P-1	17 T7 29 
P1	18 T8 23 
P-1	18 T9 30 
P2	19 T10 26 
P-1	19 T11 90 
P-1	20 T12 32 
P-1	20 T13 38 
P0	22 T14 36 
P1	26 T15 45 
P2	28 T16 42 
P-1	31 T17 73 
P0	37 T18 39 
P0	40 T19 49 
P-1	46 T20 59 
P1	48 T21 60 
P0	50 T22 59 
P2	55 T23 66 
P-1	62 T24 85 
P0	65 T25 70 
P1	65 T26 84 
P2	68 T27 79 
P0	78 T28 91 
P1	85 T29 93 
P2	87 T30 94 
NMec = 97827
Viable Sol. = 11088770
Profit = 17
T = 31
P = 3
Profits ignored
Solution time = 7.998e-02
Task data
00    2  88     1
01   11  20     1
02   11  26     1
03   11  29     1
04   14  23     1
05   15  86     1
06   16  30     1
07   17  29     1
08   18  23     1
09   18  30     1
10   19  26     1
11   19  90     1
12   20  32     1
13   20  38     1
14   22  36     1
15   26  45     1
16   28  42     1
17   31  73     1
18   37  39     1
19   40  49     1
20   46  59     1
21   48  60     1
22   50  59     1
23   55  66     1
24   62  85     1
25   65  70     1
26   65  84     1
27   68  79     1
28   78  91     1
29   85  93     1
30   87  94     1
End
