P-1	1 T0 23 
P0	2 T1 8 
P1	3 T2 11 
P-1	4 T3 17 
P-1	4 T4 17 
P-1	4 T5 24 
P-1	4 T6 25 
P2	5 T7 6 
P-1	5 T8 24 
P3	6 T9 9 
P4	6 T10 11 
P5	6 T11 15 
P6	6 T12 18 
P-1	7 T13 20 
P-1	7 T14 25 
P2	8 T15 18 
P-1	8 T16 23 
P-1	9 T17 22 
P0	10 T18 12 
P-1	10 T19 24 
P-1	11 T20 20 
P3	11 T21 26 
P1	12 T22 25 
P4	12 T23 30 
P0	13 T24 30 
P7	14 T25 25 
P8	14 T26 29 
P5	17 T27 25 
P9	17 T28 29 
P2	19 T29 25 
P6	19 T30 26 
NMec = 97827
Viable Sol. = 753995462
Profit = 19
T = 31
P = 10
Profits ignored
Solution time = 7.832e+00
Task data
00    1  23     1
01    2   8     1
02    3  11     1
03    4  17     1
04    4  17     1
05    4  24     1
06    4  25     1
07    5   6     1
08    5  24     1
09    6   9     1
10    6  11     1
11    6  15     1
12    6  18     1
13    7  20     1
14    7  25     1
15    8  18     1
16    8  23     1
17    9  22     1
18   10  12     1
19   10  24     1
20   11  20     1
21   11  26     1
22   12  25     1
23   12  30     1
24   13  30     1
25   14  25     1
26   14  29     1
27   17  25     1
28   17  29     1
29   19  25     1
30   19  26     1
End
