P0	1 T0 23 
P1	2 T1 8 
P2	3 T2 11 
P-1	4 T3 17 
P3	4 T4 17 
P-1	4 T5 24 
P4	4 T6 25 
P5	5 T7 6 
P6	5 T8 24 
P7	6 T9 9 
P8	6 T10 11 
P9	6 T11 15 
P-1	6 T12 18 
P-1	7 T13 20 
P5	7 T14 25 
P-1	8 T15 18 
P-1	8 T16 23 
P-1	9 T17 22 
P1	10 T18 12 
P7	10 T19 24 
P-1	11 T20 20 
P-1	11 T21 26 
P2	12 T22 25 
P8	12 T23 30 
P1	13 T24 30 
P-1	14 T25 25 
P-1	14 T26 29 
P-1	17 T27 25 
P9	17 T28 29 
P-1	19 T29 25 
P3	19 T30 26 
NMec = 97827
Viable Sol. = 753995462
Profit = 44514
T = 31
P = 10
Profits not ignored
Solution time = 7.769e+00
Task data
00    1  23  3732
01    2   8   688
02    3  11  1757
03    4  17  2655
04    4  17  2678
05    4  24  1682
06    4  25  3481
07    5   6   241
08    5  24  4526
09    6   9  1007
10    6  11   858
11    6  15  2015
12    6  18  1292
13    7  20  2927
14    7  25  5008
15    8  18  1510
16    8  23  1740
17    9  22  1706
18   10  12   197
19   10  24  3048
20   11  20  1190
21   11  26  1743
22   12  25  2805
23   12  30  4358
24   13  30  4470
25   14  25  1846
26   14  29  2452
27   17  25  1183
28   17  29  1938
29   19  25   562
30   19  26  1707
End
