P0	0 T0 19 
P-1	1 T1 19 
P1	1 T2 25 
P2	1 T3 45 
P3	2 T4 10 
P4	2 T5 43 
P-1	4 T6 9 
P5	5 T7 13 
P-1	5 T8 20 
P-1	6 T9 12 
P-1	6 T10 17 
P-1	6 T11 27 
P6	7 T12 21 
P-1	9 T13 13 
P-1	10 T14 21 
P-1	10 T15 33 
P-1	11 T16 37 
P-1	13 T17 23 
P3	13 T18 29 
P5	17 T19 24 
P-1	19 T20 32 
P-1	20 T21 35 
P0	22 T22 31 
P6	23 T23 35 
P-1	24 T24 34 
P-1	24 T25 43 
P1	26 T26 41 
P5	29 T27 42 
P3	30 T28 37 
P0	34 T29 43 
P6	36 T30 45 
P3	38 T31 42 
NMec = 97827
Viable Sol. = 908403841
Profit = 52923
T = 32
P = 7
Profits not ignored
Solution time = 7.335e+00
Task data
00    0  19  4293
01    1  19  2177
02    1  25  4914
03    1  45  5683
04    2  10  1622
05    2  43  9328
06    4   9   963
07    5  13  2274
08    5  20  2402
09    6  12  1105
10    6  17  1827
11    6  27  2808
12    7  21  4140
13    9  13   442
14   10  21  2184
15   10  33  3047
16   11  37  2966
17   13  23  1912
18   13  29  4722
19   17  24  2209
20   19  32  3121
21   20  35  1946
22   22  31  2245
23   23  35  1954
24   24  34  1436
25   24  43  1256
26   26  41  2517
27   29  42  3551
28   30  37  1537
29   34  43   819
30   36  45   795
31   38  42   320
End
