P0	0 T0 13 
P1	0 T1 25 
P-1	1 T2 13 
P2	1 T3 15 
P3	1 T4 17 
P4	2 T5 11 
P-1	2 T6 31 
P5	3 T7 16 
P6	4 T8 38 
P-1	5 T9 15 
P7	5 T10 29 
P-1	10 T11 19 
P-1	10 T12 19 
P-1	11 T13 34 
P-1	13 T14 23 
P-1	13 T15 30 
P4	13 T16 32 
P0	14 T17 27 
P-1	16 T18 31 
P-1	16 T19 31 
P2	16 T20 34 
P-1	17 T21 25 
P-1	17 T22 26 
P5	17 T23 35 
P3	18 T24 28 
P-1	19 T25 32 
P-1	24 T26 33 
P1	27 T27 33 
P0	29 T28 39 
P3	31 T29 36 
P4	33 T30 38 
P7	33 T31 38 
NMec = 97827
Viable Sol. = 1023906073
Profit = 42712
T = 32
P = 8
Profits not ignored
Solution time = 8.246e+00
Task data
00    0  13  1892
01    0  25  6255
02    1  13   893
03    1  15  3044
04    1  17  1742
05    2  11  2588
06    2  31  2429
07    3  16  1706
08    4  38  5593
09    5  15  1219
10    5  29  2974
11   10  19  1474
12   10  19   863
13   11  34  3463
14   13  23  1160
15   13  30  2159
16   13  32  2540
17   14  27  2052
18   16  31  1161
19   16  31  1267
20   16  34  2928
21   17  25  1462
22   17  26  1069
23   17  35  2258
24   18  28  1522
25   19  32  1264
26   24  33  1513
27   27  33  1521
28   29  39  1436
29   31  36   765
30   33  38  1345
31   33  38   551
End
