P0	4 T0 26 
P-1	5 T1 49 
P-1	10 T2 54 
P-1	15 T3 32 
P1	15 T4 36 
P2	17 T5 37 
P-1	23 T6 47 
P0	28 T7 37 
P-1	28 T8 47 
P0	38 T9 95 
P1	39 T10 50 
P2	40 T11 47 
P-1	44 T12 51 
P2	50 T13 52 
P-1	55 T14 60 
P1	57 T15 82 
P2	60 T16 72 
P-1	64 T17 82 
P-1	67 T18 85 
P-1	70 T19 77 
P2	73 T20 87 
P-1	74 T21 88 
P-1	74 T22 91 
P-1	75 T23 80 
P-1	75 T24 96 
P-1	76 T25 93 
P-1	79 T26 88 
P-1	88 T27 92 
P1	88 T28 99 
P2	88 T29 105 
P-1	97 T30 101 
P0	97 T31 103 
NMec = 97827
Viable Sol. = 51503689
Profit = 40179
T = 32
P = 3
Profits not ignored
Solution time = 4.244e-01
Task data
00    4  26  2831
01    5  49  4335
02   10  54  3422
03   15  32  1862
04   15  36  2884
05   17  37  4621
06   23  47  2712
07   28  37  1384
08   28  47  2175
09   38  95 10481
10   39  50  1777
11   40  47  1563
12   44  51   895
13   50  52   596
14   55  60   351
15   57  82  2977
16   60  72  1761
17   64  82  2499
18   67  85  1288
19   70  77  2235
20   73  87  2615
21   74  88  3053
22   74  91  3558
23   75  80   636
24   75  96  2802
25   76  93  2780
26   79  88  1041
27   88  92   570
28   88  99  2697
29   88 105  2864
30   97 101   614
31   97 103  1128
End
