P0	3 T0 14 
P1	4 T1 13 
P-1	6 T2 24 
P-1	6 T3 75 
P-1	7 T4 17 
P2	8 T5 21 
P-1	8 T6 78 
P3	11 T7 16 
P-1	13 T8 45 
P0	15 T9 27 
P1	16 T10 34 
P-1	21 T11 52 
P2	24 T12 40 
P0	32 T13 44 
P-1	36 T14 62 
P1	37 T15 45 
P-1	38 T16 51 
P-1	38 T17 52 
P-1	40 T18 62 
P-1	41 T19 60 
P-1	43 T20 61 
P2	44 T21 68 
P0	45 T22 48 
P3	45 T23 53 
P1	48 T24 62 
P0	50 T25 61 
P-1	58 T26 77 
P3	59 T27 70 
P0	63 T28 74 
P1	63 T29 78 
P2	69 T30 75 
P0	75 T31 79 
NMec = 97827
Viable Sol. = 102951245
Profit = 19
T = 32
P = 4
Profits ignored
Solution time = 7.773e-01
Task data
00    3  14     1
01    4  13     1
02    6  24     1
03    6  75     1
04    7  17     1
05    8  21     1
06    8  78     1
07   11  16     1
08   13  45     1
09   15  27     1
10   16  34     1
11   21  52     1
12   24  40     1
13   32  44     1
14   36  62     1
15   37  45     1
16   38  51     1
17   38  52     1
18   40  62     1
19   41  60     1
20   43  61     1
21   44  68     1
22   45  48     1
23   45  53     1
24   48  62     1
25   50  61     1
26   58  77     1
27   59  70     1
28   63  74     1
29   63  78     1
30   69  75     1
31   75  79     1
End
