P0	0 T0 26 
P-1	1 T1 23 
P-1	1 T2 61 
P1	3 T3 6 
P2	3 T4 26 
P-1	6 T5 23 
P1	7 T6 12 
P3	8 T7 42 
P4	9 T8 15 
P-1	13 T9 40 
P1	14 T10 39 
P-1	16 T11 26 
P-1	16 T12 36 
P4	16 T13 43 
P-1	16 T14 48 
P-1	18 T15 28 
P-1	21 T16 35 
P-1	22 T17 30 
P-1	25 T18 40 
P0	32 T19 35 
P2	33 T20 52 
P-1	33 T21 53 
P-1	34 T22 50 
P-1	35 T23 45 
P-1	35 T24 56 
P0	37 T25 55 
P-1	38 T26 47 
P-1	39 T27 44 
P1	41 T28 63 
P3	51 T29 61 
P4	52 T30 62 
P2	53 T31 57 
NMec = 97827
Viable Sol. = 144139707
Profit = 52299
T = 32
P = 5
Profits not ignored
Solution time = 1.264e+00
Task data
00    0  26  6521
01    1  23  2377
02    1  61  3655
03    3   6   467
04    3  26  6609
05    6  23  4910
06    7  12   723
07    8  42  9844
08    9  15   888
09   13  40  5863
10   14  39  6265
11   16  26  1770
12   16  36  4318
13   16  43  6984
14   16  48  3490
15   18  28  1194
16   21  35  1067
17   22  30  1755
18   25  40  1215
19   32  35  1037
20   33  52  4187
21   33  53  2399
22   34  50  2830
23   35  45   790
24   35  56  2666
25   37  55  1862
26   38  47  1064
27   39  44   408
28   41  63  3151
29   51  61  1271
30   52  62  1800
31   53  57   690
End
