P0	0 T0 2 
P1	0 T1 25 
P-1	3 T2 17 
P0	4 T3 18 
P2	5 T4 15 
P-1	6 T5 17 
P3	7 T6 13 
P4	10 T7 29 
P5	11 T8 19 
P-1	12 T9 36 
P3	15 T10 24 
P-1	16 T11 38 
P-1	17 T12 43 
P2	18 T13 23 
P-1	19 T14 23 
P-1	19 T15 30 
P0	21 T16 36 
P5	21 T17 45 
P-1	22 T18 37 
P-1	23 T19 25 
P1	26 T20 40 
P2	27 T21 34 
P3	27 T22 53 
P4	31 T23 44 
P-1	33 T24 40 
P-1	34 T25 47 
P0	37 T26 49 
P-1	39 T27 47 
P2	39 T28 52 
P-1	40 T29 50 
P-1	41 T30 46 
P1	41 T31 52 
NMec = 97827
Viable Sol. = 1147943460
Profit = 43939
T = 32
P = 6
Profits not ignored
Solution time = 1.094e+01
Task data
00    0   2   440
01    0  25  3339
02    3  17  1247
03    4  18  2207
04    5  15  1446
05    6  17   666
06    7  13  1590
07   10  29  4689
08   11  19  1665
09   12  36  3105
10   15  24  2451
11   16  38  2138
12   17  43  3217
13   18  23  1138
14   19  23   564
15   19  30  1217
16   21  36  3627
17   21  45  3519
18   22  37  1802
19   23  25   800
20   26  40  1788
21   27  34  1424
22   27  53  3473
23   31  44  3738
24   33  40   892
25   34  47  1998
26   37  49  1978
27   39  47   604
28   39  52  2807
29   40  50   910
30   41  46  1046
31   41  52  2620
End
