P0	0 T0 3 
P0	18 T1 33 
P-1	20 T2 42 
P-1	21 T3 44 
P0	40 T4 52 
P-1	42 T5 58 
P0	106 T6 115 
P-1	99 T7 121 
P0	124 T8 132 
P-1	129 T9 135 
P-1	121 T10 137 
P0	139 T11 146 
P-1	133 T12 152 
P0	147 T13 157 
P-1	77 T14 161 
P0	181 T15 187 
P0	207 T16 217 
P-1	209 T17 228 
P0	237 T18 246 
P-1	244 T19 252 
P0	261 T20 270 
P-1	251 T21 271 
P-1	7 T22 281 
P0	273 T23 284 
P-1	283 T24 292 
P-1	279 T25 297 
P0	294 T26 303 
P-1	301 T27 311 
P-1	296 T28 312 
P0	311 T29 316 
P-1	5 T30 317 
P-1	293 T31 318 
NMec = 97827
Viable Sol. = 0
Profit = 14
T = 32
P = 1
Profits ignored
Solution time = 6.720e-06
Task data
00    0   3     1
01   18  33     1
02   20  42     1
03   21  44     1
04   40  52     1
05   42  58     1
06  106 115     1
07   99 121     1
08  124 132     1
09  129 135     1
10  121 137     1
11  139 146     1
12  133 152     1
13  147 157     1
14   77 161     1
15  181 187     1
16  207 217     1
17  209 228     1
18  237 246     1
19  244 252     1
20  261 270     1
21  251 271     1
22    7 281     1
23  273 284     1
24  283 292     1
25  279 297     1
26  294 303     1
27  301 311     1
28  296 312     1
29  311 316     1
30    5 317     1
31  293 318     1
End
