P-1	0 T0 15 
P0	1 T1 45 
P1	3 T2 10 
P-1	6 T3 31 
P1	11 T4 21 
P-1	12 T5 104 
P1	29 T6 123 
P-1	34 T7 45 
P-1	35 T8 41 
P-1	36 T9 45 
P-1	36 T10 47 
P-1	37 T11 51 
P-1	39 T12 59 
P-1	45 T13 93 
P-1	48 T14 62 
P0	49 T15 54 
P0	61 T16 88 
P-1	65 T17 73 
P-1	68 T18 93 
P-1	81 T19 95 
P-1	86 T20 105 
P-1	87 T21 98 
P0	93 T22 98 
P0	110 T23 134 
P-1	118 T24 123 
P-1	123 T25 146 
P-1	128 T26 131 
P1	130 T27 154 
P-1	133 T28 138 
P0	137 T29 142 
P0	143 T30 149 
P0	155 T31 158 
NMec = 97827
Viable Sol. = 16477472
Profit = 51674
T = 32
P = 2
Profits not ignored
Solution time = 1.292e-01
Task data
00    0  15  1969
01    1  45 11036
02    3  10  1465
03    6  31  4912
04   11  21  1589
05   12 104 14596
06   29 123 21326
07   34  45  2218
08   35  41   778
09   36  45  1496
10   36  47  1547
11   37  51  1765
12   39  59  4775
13   45  93 11837
14   48  62  1388
15   49  54   865
16   61  88  4670
17   65  73  1124
18   68  93  4529
19   81  95  1790
20   86 105  2763
21   87  98  2371
22   93  98  1054
23  110 134  5144
24  118 123   819
25  123 146  3800
26  128 131   522
27  130 154  2073
28  133 138  1158
29  137 142   860
30  143 149   670
31  155 158   922
End
