P0	0 T0 12 
P-1	0 T1 14 
P1	1 T2 11 
P2	1 T3 24 
P3	1 T4 34 
P4	2 T5 25 
P5	3 T6 27 
P6	4 T7 8 
P-1	4 T8 16 
P7	4 T9 28 
P-1	5 T10 16 
P8	6 T11 20 
P-1	8 T12 10 
P-1	8 T13 26 
P-1	9 T14 29 
P6	10 T15 23 
P-1	11 T16 21 
P-1	12 T17 23 
P0	14 T18 27 
P-1	15 T19 28 
P1	16 T20 30 
P-1	16 T21 34 
P-1	19 T22 26 
P-1	20 T23 28 
P-1	21 T24 28 
P-1	21 T25 29 
P8	22 T26 33 
P6	24 T27 25 
P2	26 T28 28 
P4	26 T29 35 
P0	30 T30 33 
P2	30 T31 35 
NMec = 97827
Viable Sol. = 1893385492
Profit = 44818
T = 32
P = 9
Profits not ignored
Solution time = 1.573e+01
Task data
00    0  12  3168
01    0  14   928
02    1  11  1199
03    1  24  4591
04    1  34  4096
05    2  25  5433
06    3  27  4653
07    4   8   715
08    4  16  1179
09    4  28  5056
10    5  16  1191
11    6  20  3083
12    8  10   630
13    8  26  3013
14    9  29  2395
15   10  23  2281
16   11  21  1360
17   12  23  1031
18   14  27  3065
19   15  28  1190
20   16  30  1987
21   16  34  1673
22   19  26  1042
23   20  28  1285
24   21  28   914
25   21  29  1035
26   22  33  1323
27   24  25   243
28   26  28   723
29   26  35  1462
30   30  33  1007
31   30  35   733
End
