P0	0 T0 9 
P1	0 T1 12 
P-1	0 T2 15 
P2	1 T3 6 
P-1	1 T4 26 
P-1	1 T5 26 
P-1	1 T6 28 
P3	2 T7 7 
P4	3 T8 8 
P5	3 T9 10 
P-1	3 T10 18 
P-1	3 T11 21 
P-1	4 T12 17 
P-1	4 T13 24 
P-1	5 T14 14 
P6	5 T15 16 
P-1	5 T16 20 
P7	6 T17 7 
P-1	6 T18 21 
P2	7 T19 22 
P8	7 T20 29 
P9	7 T21 31 
P3	8 T22 20 
P0	11 T23 22 
P4	11 T24 26 
P1	13 T25 20 
P5	13 T26 29 
P7	14 T27 18 
P6	18 T28 29 
P7	20 T29 27 
P1	21 T30 29 
P3	21 T31 29 
NMec = 97827
Viable Sol. = 1531453638
Profit = 21
T = 32
P = 10
Profits ignored
Solution time = 1.405e+01
Task data
00    0   9     1
01    0  12     1
02    0  15     1
03    1   6     1
04    1  26     1
05    1  26     1
06    1  28     1
07    2   7     1
08    3   8     1
09    3  10     1
10    3  18     1
11    3  21     1
12    4  17     1
13    4  24     1
14    5  14     1
15    5  16     1
16    5  20     1
17    6   7     1
18    6  21     1
19    7  22     1
20    7  29     1
21    7  31     1
22    8  20     1
23   11  22     1
24   11  26     1
25   13  20     1
26   13  29     1
27   14  18     1
28   18  29     1
29   20  27     1
30   21  29     1
31   21  29     1
End
