P0	0 T0 24 
P1	0 T1 41 
P2	1 T2 5 
P3	1 T3 15 
P-1	1 T4 37 
P-1	3 T5 16 
P4	3 T6 33 
P5	3 T7 36 
P6	4 T8 16 
P-1	4 T9 20 
P-1	4 T10 25 
P-1	5 T11 22 
P7	5 T12 29 
P-1	7 T13 10 
P-1	7 T14 27 
P2	7 T15 38 
P-1	8 T16 17 
P-1	8 T17 25 
P-1	9 T18 24 
P-1	9 T19 27 
P-1	10 T20 28 
P-1	11 T21 32 
P-1	13 T22 30 
P-1	17 T23 27 
P3	17 T24 34 
P6	17 T25 39 
P-1	18 T26 34 
P-1	21 T27 27 
P-1	25 T28 33 
P0	25 T29 37 
P-1	27 T30 32 
P7	32 T31 40 
P3	36 T32 39 
NMec = 97827
Viable Sol. = 685309580
Profit = 51026
T = 33
P = 8
Profits not ignored
Solution time = 5.628e+00
Task data
00    0  24  4757
01    0  41  7346
02    1   5   544
03    1  15  1793
04    1  37  2951
05    3  16  1250
06    3  33  5016
07    3  36  5024
08    4  16  1603
09    4  20  2374
10    4  25  3281
11    5  22  1754
12    5  29  5832
13    7  10   477
14    7  27  2359
15    7  38  4916
16    8  17  1733
17    8  25  3336
18    9  24  1498
19    9  27  3580
20   10  28  3611
21   11  32  2246
22   13  30  3724
23   17  27  2720
24   17  34  3894
25   17  39  3626
26   18  34  2426
27   21  27   744
28   25  33  1229
29   25  37  3763
30   27  32  1053
31   32  40  1935
32   36  39   977
End
