P-1	1 T0 29 
P-1	3 T1 22 
P0	7 T2 17 
P-1	8 T3 27 
P-1	9 T4 27 
P1	10 T5 22 
P-1	10 T6 25 
P-1	14 T7 32 
P2	15 T8 26 
P3	16 T9 24 
P0	20 T10 30 
P-1	22 T11 49 
P1	23 T12 32 
P-1	25 T13 42 
P-1	25 T14 49 
P-1	26 T15 41 
P-1	31 T16 52 
P-1	31 T17 72 
P0	32 T18 40 
P-1	32 T19 50 
P1	35 T20 42 
P2	35 T21 46 
P3	37 T22 42 
P-1	40 T23 52 
P-1	42 T24 67 
P-1	43 T25 68 
P-1	46 T26 61 
P0	47 T27 62 
P1	47 T28 69 
P2	48 T29 50 
P3	50 T30 67 
P2	54 T31 56 
P0	71 T32 81 
NMec = 97827
Viable Sol. = 109844738
Profit = 16
T = 33
P = 4
Profits ignored
Solution time = 9.248e-01
Task data
00    1  29     1
01    3  22     1
02    7  17     1
03    8  27     1
04    9  27     1
05   10  22     1
06   10  25     1
07   14  32     1
08   15  26     1
09   16  24     1
10   20  30     1
11   22  49     1
12   23  32     1
13   25  42     1
14   25  49     1
15   26  41     1
16   31  52     1
17   31  72     1
18   32  40     1
19   32  50     1
20   35  42     1
21   35  46     1
22   37  42     1
23   40  52     1
24   42  67     1
25   43  68     1
26   46  61     1
27   47  62     1
28   47  69     1
29   48  50     1
30   50  67     1
31   54  56     1
32   71  81     1
End
