P-1	1 T0 12 
P0	1 T1 33 
P1	2 T2 14 
P-1	6 T3 25 
P-1	15 T4 38 
P-1	17 T5 34 
P1	19 T6 22 
P1	24 T7 51 
P-1	26 T8 29 
P-1	28 T9 52 
P-1	31 T10 38 
P-1	32 T11 49 
P0	34 T12 48 
P-1	39 T13 47 
P0	51 T14 89 
P1	52 T15 55 
P-1	52 T16 72 
P-1	53 T17 61 
P-1	55 T18 58 
P-1	55 T19 66 
P1	57 T20 86 
P-1	69 T21 75 
P-1	83 T22 163 
P-1	86 T23 97 
P0	90 T24 92 
P0	97 T25 101 
P1	98 T26 107 
P0	103 T27 117 
P-1	111 T28 130 
P-1	113 T29 139 
P0	120 T30 135 
P1	129 T31 147 
P0	146 T32 159 
NMec = 97827
Viable Sol. = 62843256
Profit = 42356
T = 33
P = 2
Profits not ignored
Solution time = 5.035e-01
Task data
00    1  12  1262
01    1  33  6687
02    2  14  1572
03    6  25  2971
04   15  38  1902
05   17  34  2347
06   19  22   353
07   24  51  3420
08   26  29   374
09   28  52  1642
10   31  38   759
11   32  49  1791
12   34  48  2590
13   39  47  1059
14   51  89  6928
15   52  55   711
16   52  72  2351
17   53  61   840
18   55  58   335
19   55  66   940
20   57  86  5205
21   69  75   835
22   83 163  8817
23   86  97  2207
24   90  92   345
25   97 101   530
26   98 107  2787
27  103 117  1510
28  111 130  2638
29  113 139  3603
30  120 135  4262
31  129 147  3663
32  146 159  1793
End
