P0	0 T0 21 
P1	3 T1 62 
P2	7 T2 15 
P3	7 T3 23 
P-1	8 T4 52 
P-1	12 T5 22 
P-1	12 T6 25 
P4	14 T7 19 
P2	16 T8 32 
P-1	17 T9 37 
P-1	18 T10 26 
P-1	18 T11 43 
P-1	19 T12 32 
P-1	21 T13 27 
P4	21 T14 37 
P0	25 T15 47 
P-1	26 T16 38 
P-1	27 T17 46 
P-1	29 T18 39 
P3	29 T19 44 
P2	33 T20 43 
P-1	34 T21 41 
P-1	36 T22 58 
P-1	37 T23 59 
P-1	39 T24 50 
P4	42 T25 62 
P-1	43 T26 52 
P2	44 T27 61 
P-1	46 T28 54 
P3	46 T29 58 
P-1	48 T30 56 
P0	51 T31 60 
P-1	54 T32 62 
NMec = 97827
Viable Sol. = 376133383
Profit = 45186
T = 33
P = 5
Profits not ignored
Solution time = 3.568e+00
Task data
00    0  21  2219
01    3  62  9197
02    7  15  1564
03    7  23  2225
04    8  52  4526
05   12  22  1784
06   12  25  1633
07   14  19   649
08   16  32  2183
09   17  37  3110
10   18  26   892
11   18  43  3550
12   19  32  1449
13   21  27   863
14   21  37  4192
15   25  47  5828
16   26  38  1212
17   27  46  3217
18   29  39  1974
19   29  44  4478
20   33  43  1509
21   34  41  1157
22   36  58  1364
23   37  59  4303
24   39  50  1444
25   42  62  3439
26   43  52  2225
27   44  61  3687
28   46  54   835
29   46  58  2543
30   48  56  1051
31   51  60  1473
32   54  62   982
End
