P0	2 T0 10 
P1	3 T1 81 
P2	3 T2 94 
P-1	11 T3 25 
P-1	11 T4 26 
P-1	11 T5 35 
P0	13 T6 24 
P-1	20 T7 28 
P-1	21 T8 38 
P-1	23 T9 82 
P-1	24 T10 43 
P-1	26 T11 54 
P0	28 T12 41 
P-1	28 T13 48 
P-1	34 T14 44 
P-1	42 T15 54 
P-1	43 T16 52 
P-1	44 T17 56 
P0	45 T18 60 
P-1	49 T19 55 
P-1	50 T20 69 
P-1	52 T21 62 
P-1	53 T22 64 
P-1	56 T23 66 
P-1	57 T24 64 
P-1	62 T25 76 
P0	64 T26 73 
P-1	68 T27 85 
P-1	72 T28 78 
P0	74 T29 85 
P-1	77 T30 98 
P0	86 T31 97 
P1	97 T32 102 
NMec = 97827
Viable Sol. = 64917112
Profit = 52501
T = 33
P = 3
Profits not ignored
Solution time = 4.785e-01
Task data
00    2  10   759
01    3  81 16331
02    3  94 17619
03   11  25  2153
04   11  26  2351
05   11  35  5235
06   13  24  2832
07   20  28  1458
08   21  38  3523
09   23  82  3929
10   24  43  2091
11   26  54  2162
12   28  41  3038
13   28  48  3294
14   34  44  1608
15   42  54  2530
16   43  52  2523
17   44  56  2806
18   45  60  3400
19   49  55  1714
20   50  69  3277
21   52  62  2197
22   53  64  1336
23   56  66  1806
24   57  64   629
25   62  76  1524
26   64  73  1426
27   68  85  1275
28   72  78  1121
29   74  85  2931
30   77  98  2202
31   86  97  2425
32   97 102  1740
End
