P-1	0 T0 44 
P0	1 T1 8 
P-1	1 T2 22 
P-1	4 T3 27 
P-1	5 T4 26 
P-1	9 T5 18 
P-1	10 T6 27 
P0	11 T7 22 
P-1	11 T8 34 
P1	12 T9 24 
P-1	12 T10 30 
P-1	13 T11 32 
P2	14 T12 28 
P3	14 T13 29 
P-1	15 T14 35 
P4	17 T15 31 
P5	18 T16 27 
P6	18 T17 34 
P-1	18 T18 44 
P-1	20 T19 36 
P-1	20 T20 36 
P-1	20 T21 41 
P-1	20 T22 45 
P-1	21 T23 43 
P-1	24 T24 46 
P0	25 T25 39 
P1	26 T26 32 
P5	28 T27 40 
P2	30 T28 44 
P3	31 T29 42 
P4	32 T30 38 
P1	34 T31 45 
P6	35 T32 42 
NMec = 97827
Viable Sol. = 238362910
Profit = 16
T = 33
P = 7
Profits ignored
Solution time = 2.157e+00
Task data
00    0  44     1
01    1   8     1
02    1  22     1
03    4  27     1
04    5  26     1
05    9  18     1
06   10  27     1
07   11  22     1
08   11  34     1
09   12  24     1
10   12  30     1
11   13  32     1
12   14  28     1
13   14  29     1
14   15  35     1
15   17  31     1
16   18  27     1
17   18  34     1
18   18  44     1
19   20  36     1
20   20  36     1
21   20  41     1
22   20  45     1
23   21  43     1
24   24  46     1
25   25  39     1
26   26  32     1
27   28  40     1
28   30  44     1
29   31  42     1
30   32  38     1
31   34  45     1
32   35  42     1
End
