P-1	1 T0 29 
P0	3 T1 22 
P1	7 T2 17 
P2	8 T3 27 
P-1	9 T4 27 
P3	10 T5 22 
P-1	10 T6 25 
P-1	14 T7 32 
P-1	15 T8 26 
P-1	16 T9 24 
P-1	20 T10 30 
P1	22 T11 49 
P0	23 T12 32 
P3	25 T13 42 
P-1	25 T14 49 
P-1	26 T15 41 
P-1	31 T16 52 
P-1	31 T17 72 
P2	32 T18 40 
P-1	32 T19 50 
P-1	35 T20 42 
P0	35 T21 46 
P-1	37 T22 42 
P-1	40 T23 52 
P2	42 T24 67 
P3	43 T25 68 
P-1	46 T26 61 
P-1	47 T27 62 
P0	47 T28 69 
P-1	48 T29 50 
P1	50 T30 67 
P-1	54 T31 56 
P0	71 T32 81 
NMec = 97827
Viable Sol. = 109844738
Profit = 46739
T = 33
P = 4
Profits not ignored
Solution time = 9.126e-01
Task data
00    1  29  2793
01    3  22  3777
02    7  17  2276
03    8  27  3328
04    9  27  2242
05   10  22  3058
06   10  25  1754
07   14  32  2238
08   15  26  1301
09   16  24  1361
10   20  30   891
11   22  49  6995
12   23  32  2328
13   25  42  4728
14   25  49  2580
15   26  41  2749
16   31  52  3452
17   31  72  3071
18   32  40  1668
19   32  50  1674
20   35  42   603
21   35  46   939
22   37  42   522
23   40  52  2297
24   42  67  3269
25   43  68  7476
26   46  61  1183
27   47  62  1976
28   47  69  4167
29   48  50   367
30   50  67  1505
31   54  56   358
32   71  81  1225
End
