P0	0 T0 13 
P1	1 T1 8 
P2	4 T2 27 
P3	5 T3 19 
P4	7 T4 9 
P-1	8 T5 9 
P-1	8 T6 17 
P5	8 T7 28 
P1	9 T8 31 
P4	10 T9 23 
P-1	11 T10 22 
P-1	13 T11 37 
P-1	14 T12 21 
P0	15 T13 37 
P-1	16 T14 20 
P-1	18 T15 21 
P-1	19 T16 37 
P-1	20 T17 38 
P3	21 T18 37 
P-1	21 T19 38 
P-1	22 T20 30 
P-1	24 T21 29 
P-1	24 T22 39 
P-1	26 T23 35 
P4	27 T24 50 
P-1	28 T25 40 
P2	28 T26 47 
P5	29 T27 49 
P-1	33 T28 40 
P1	33 T29 45 
P0	38 T30 45 
P3	39 T31 46 
P0	46 T32 49 
NMec = 97827
Viable Sol. = 1210476900
Profit = 38477
T = 33
P = 6
Profits not ignored
Solution time = 9.486e+00
Task data
00    0  13  1581
01    1   8   754
02    4  27  2396
03    5  19  2159
04    7   9   534
05    8   9   306
06    8  17  1332
07    8  28  4392
08    9  31  2920
09   10  23  2492
10   11  22  1638
11   13  37  3292
12   14  21   997
13   15  37  4446
14   16  20   429
15   18  21   413
16   19  37  2146
17   20  38  1500
18   21  37  2732
19   21  38  2286
20   22  30  1508
21   24  29   781
22   24  39  1350
23   26  35  1542
24   27  50  3866
25   28  40  1609
26   28  47  1949
27   29  49  4457
28   33  40   483
29   33  45  1228
30   38  45  1357
31   39  46   706
32   46  49   508
End
