P-1	0 T0 24 
P-1	0 T1 41 
P0	1 T2 5 
P-1	1 T3 15 
P-1	1 T4 37 
P1	3 T5 16 
P-1	3 T6 33 
P-1	3 T7 36 
P2	4 T8 16 
P3	4 T9 20 
P-1	4 T10 25 
P4	5 T11 22 
P-1	5 T12 29 
P0	7 T13 10 
P-1	7 T14 27 
P-1	7 T15 38 
P5	8 T16 17 
P6	8 T17 25 
P7	9 T18 24 
P-1	9 T19 27 
P-1	10 T20 28 
P-1	11 T21 32 
P-1	13 T22 30 
P0	17 T23 27 
P1	17 T24 34 
P2	17 T25 39 
P5	18 T26 34 
P3	21 T27 27 
P4	25 T28 33 
P7	25 T29 37 
P6	27 T30 32 
P0	32 T31 40 
P1	36 T32 39 
NMec = 97827
Viable Sol. = 685309580
Profit = 19
T = 33
P = 8
Profits ignored
Solution time = 5.645e+00
Task data
00    0  24     1
01    0  41     1
02    1   5     1
03    1  15     1
04    1  37     1
05    3  16     1
06    3  33     1
07    3  36     1
08    4  16     1
09    4  20     1
10    4  25     1
11    5  22     1
12    5  29     1
13    7  10     1
14    7  27     1
15    7  38     1
16    8  17     1
17    8  25     1
18    9  24     1
19    9  27     1
20   10  28     1
21   11  32     1
22   13  30     1
23   17  27     1
24   17  34     1
25   17  39     1
26   18  34     1
27   21  27     1
28   25  33     1
29   25  37     1
30   27  32     1
31   32  40     1
32   36  39     1
End
