P0	0 T0 9 
P-1	0 T1 15 
P-1	0 T2 31 
P1	1 T3 11 
P-1	1 T4 15 
P2	1 T5 19 
P3	3 T6 12 
P-1	3 T7 31 
P4	4 T8 12 
P5	5 T9 14 
P-1	5 T10 25 
P-1	6 T11 20 
P-1	6 T12 22 
P-1	7 T13 21 
P-1	7 T14 26 
P-1	7 T15 28 
P-1	8 T16 23 
P-1	9 T17 20 
P6	9 T18 29 
P0	10 T19 29 
P7	11 T20 13 
P8	11 T21 27 
P1	12 T22 24 
P9	12 T23 25 
P3	13 T24 23 
P4	14 T25 17 
P7	14 T26 32 
P5	17 T27 28 
P4	19 T28 29 
P2	20 T29 29 
P3	24 T30 29 
P1	26 T31 29 
P9	26 T32 32 
NMec = 97827
Viable Sol. = 2510671071
Profit = 21
T = 33
P = 10
Profits ignored
Solution time = 2.093e+01
Task data
00    0   9     1
01    0  15     1
02    0  31     1
03    1  11     1
04    1  15     1
05    1  19     1
06    3  12     1
07    3  31     1
08    4  12     1
09    5  14     1
10    5  25     1
11    6  20     1
12    6  22     1
13    7  21     1
14    7  26     1
15    7  28     1
16    8  23     1
17    9  20     1
18    9  29     1
19   10  29     1
20   11  13     1
21   11  27     1
22   12  24     1
23   12  25     1
24   13  23     1
25   14  17     1
26   14  32     1
27   17  28     1
28   19  29     1
29   20  29     1
30   24  29     1
31   26  29     1
32   26  32     1
End
