P0	0 T0 9 
P1	0 T1 15 
P2	0 T2 31 
P3	1 T3 11 
P4	1 T4 15 
P-1	1 T5 19 
P5	3 T6 12 
P6	3 T7 31 
P-1	4 T8 12 
P-1	5 T9 14 
P-1	5 T10 25 
P-1	6 T11 20 
P-1	6 T12 22 
P7	7 T13 21 
P-1	7 T14 26 
P-1	7 T15 28 
P8	8 T16 23 
P-1	9 T17 20 
P9	9 T18 29 
P0	10 T19 29 
P-1	11 T20 13 
P-1	11 T21 27 
P-1	12 T22 24 
P-1	12 T23 25 
P3	13 T24 23 
P-1	14 T25 17 
P5	14 T26 32 
P1	17 T27 28 
P4	19 T28 29 
P-1	20 T29 29 
P3	24 T30 29 
P7	26 T31 29 
P8	26 T32 32 
NMec = 97827
Viable Sol. = 2510671071
Profit = 44609
T = 33
P = 10
Profits not ignored
Solution time = 2.188e+01
Task data
00    0   9  1393
01    0  15  3790
02    0  31  4206
03    1  11  1564
04    1  15  2451
05    1  19  1979
06    3  12  1242
07    3  31  4227
08    4  12   581
09    5  14   615
10    5  25  2241
11    6  20  1528
12    6  22  1499
13    7  21  3506
14    7  26  2384
15    7  28  2114
16    8  23  3285
17    9  20  2198
18    9  29  3836
19   10  29  2856
20   11  13   300
21   11  27  1928
22   12  24  1572
23   12  25   874
24   13  23  1703
25   14  17   387
26   14  32  2308
27   17  28  1452
28   19  29  3066
29   20  29   982
30   24  29  1656
31   26  29  1097
32   26  32   971
End
