P0	0 T0 6 
P1	2 T1 9 
P-1	2 T2 30 
P-1	3 T3 27 
P2	5 T4 17 
P-1	6 T5 22 
P-1	6 T6 32 
P-1	7 T7 29 
P-1	7 T8 29 
P-1	9 T9 25 
P0	10 T10 22 
P1	12 T11 24 
P-1	12 T12 26 
P3	12 T13 26 
P-1	12 T14 32 
P4	13 T15 20 
P-1	13 T16 32 
P-1	13 T17 38 
P5	14 T18 27 
P-1	15 T19 35 
P2	18 T20 37 
P6	19 T21 22 
P7	19 T22 28 
P0	23 T23 39 
P4	24 T24 28 
P6	24 T25 42 
P1	25 T26 31 
P3	29 T27 37 
P4	29 T28 38 
P5	31 T29 35 
P7	31 T30 39 
P1	32 T31 38 
P2	38 T32 40 
P0	40 T33 42 
NMec = 97827
Viable Sol. = 2960829104
Profit = 22
T = 34
P = 8
Profits ignored
Solution time = 2.227e+01
Task data
00    0   6     1
01    2   9     1
02    2  30     1
03    3  27     1
04    5  17     1
05    6  22     1
06    6  32     1
07    7  29     1
08    7  29     1
09    9  25     1
10   10  22     1
11   12  24     1
12   12  26     1
13   12  26     1
14   12  32     1
15   13  20     1
16   13  32     1
17   13  38     1
18   14  27     1
19   15  35     1
20   18  37     1
21   19  22     1
22   19  28     1
23   23  39     1
24   24  28     1
25   24  42     1
26   25  31     1
27   29  37     1
28   29  38     1
29   31  35     1
30   31  39     1
31   32  38     1
32   38  40     1
33   40  42     1
End
