P0	0 T0 114 
P-1	11 T1 29 
P-1	13 T2 24 
P1	14 T3 27 
P-1	14 T4 27 
P-1	23 T5 31 
P1	28 T6 36 
P1	40 T7 49 
P1	57 T8 63 
P-1	67 T9 74 
P1	67 T10 84 
P-1	72 T11 78 
P-1	74 T12 85 
P-1	84 T13 106 
P1	89 T14 96 
P-1	89 T15 108 
P-1	91 T16 109 
P1	100 T17 117 
P-1	105 T18 114 
P-1	119 T19 127 
P0	119 T20 131 
P-1	120 T21 123 
P1	120 T22 137 
P-1	123 T23 132 
P-1	133 T24 142 
P0	139 T25 164 
P1	140 T26 146 
P-1	144 T27 165 
P-1	146 T28 159 
P1	150 T29 169 
P-1	153 T30 154 
P-1	154 T31 162 
P-1	154 T32 163 
P-1	154 T33 168 
NMec = 97827
Viable Sol. = 87657984
Profit = 59048
T = 34
P = 2
Profits not ignored
Solution time = 1.038e+00
Task data
00    0 114 29600
01   11  29  2146
02   13  24  2767
03   14  27  2872
04   14  27  2172
05   23  31  1699
06   28  36   997
07   40  49  1479
08   57  63   722
09   67  74  1888
10   67  84  4800
11   72  78   952
12   74  85  2407
13   84 106  2468
14   89  96  1670
15   89 108  4063
16   91 109  1501
17  100 117  2971
18  105 114  1197
19  119 127  1433
20  119 131  1794
21  120 123   432
22  120 137  2596
23  123 132   852
24  133 142  1119
25  139 164  4629
26  140 146  1320
27  144 165  2579
28  146 159  1196
29  150 169  3598
30  153 154   203
31  154 162  1598
32  154 163  1920
33  154 168  1466
End
