P0	14 T0 285 
P-1	35 T1 37 
P-1	38 T2 47 
P-1	41 T3 57 
P-1	46 T4 56 
P-1	56 T5 62 
P-1	88 T6 99 
P-1	93 T7 106 
P-1	98 T8 117 
P-1	103 T9 109 
P-1	111 T10 124 
P-1	113 T11 128 
P-1	121 T12 124 
P-1	130 T13 148 
P-1	135 T14 142 
P-1	147 T15 152 
P-1	148 T16 166 
P-1	153 T17 177 
P-1	157 T18 165 
P-1	164 T19 181 
P-1	165 T20 256 
P-1	169 T21 181 
P-1	171 T22 185 
P-1	175 T23 192 
P-1	180 T24 197 
P-1	182 T25 193 
P-1	200 T26 207 
P-1	203 T27 216 
P-1	206 T28 223 
P-1	232 T29 243 
P-1	261 T30 273 
P-1	262 T31 270 
P0	288 T32 291 
P0	298 T33 306 
NMec = 97827
Viable Sol. = 2778340
Profit = 36885
T = 34
P = 1
Profits not ignored
Solution time = 2.251e-02
Task data
00   14 285 34433
01   35  37   520
02   38  47  1852
03   41  57  2475
04   46  56  2752
05   56  62   671
06   88  99  1443
07   93 106  2542
08   98 117  4569
09  103 109   657
10  111 124  1350
11  113 128  2810
12  121 124   259
13  130 148  2633
14  135 142  1214
15  147 152   710
16  148 166  2218
17  153 177  2230
18  157 165   813
19  164 181  2378
20  165 256  9506
21  169 181  2801
22  171 185  2097
23  175 192  3422
24  180 197  3900
25  182 193   822
26  200 207   917
27  203 216  2864
28  206 223  3735
29  232 243  1659
30  261 273  1288
31  262 270  1320
32  288 291   425
33  298 306  2027
End
