P0	0 T0 8 
P1	0 T1 18 
P-1	0 T2 47 
P-1	1 T3 20 
P2	3 T4 11 
P3	4 T5 14 
P4	5 T6 16 
P-1	5 T7 48 
P5	8 T8 10 
P-1	8 T9 28 
P-1	10 T10 30 
P0	11 T11 16 
P-1	13 T12 19 
P-1	13 T13 28 
P2	15 T14 27 
P3	16 T15 23 
P5	16 T16 23 
P6	16 T17 25 
P0	17 T18 27 
P4	17 T19 35 
P1	19 T20 22 
P-1	22 T21 37 
P-1	22 T22 42 
P-1	25 T23 41 
P1	26 T24 47 
P3	27 T25 34 
P0	28 T26 44 
P2	29 T27 32 
P5	31 T28 36 
P6	32 T29 39 
P2	33 T30 43 
P3	35 T31 39 
P4	36 T32 47 
P3	40 T33 43 
NMec = 97827
Viable Sol. = 5508293217
Profit = 24
T = 34
P = 7
Profits ignored
Solution time = 5.097e+01
Task data
00    0   8     1
01    0  18     1
02    0  47     1
03    1  20     1
04    3  11     1
05    4  14     1
06    5  16     1
07    5  48     1
08    8  10     1
09    8  28     1
10   10  30     1
11   11  16     1
12   13  19     1
13   13  28     1
14   15  27     1
15   16  23     1
16   16  23     1
17   16  25     1
18   17  27     1
19   17  35     1
20   19  22     1
21   22  37     1
22   22  42     1
23   25  41     1
24   26  47     1
25   27  34     1
26   28  44     1
27   29  32     1
28   31  36     1
29   32  39     1
30   33  43     1
31   35  39     1
32   36  47     1
33   40  43     1
End
