P0	0 T0 18 
P1	0 T1 37 
P-1	1 T2 26 
P2	3 T3 19 
P-1	4 T4 14 
P3	4 T5 19 
P4	5 T6 11 
P5	5 T7 12 
P6	5 T8 31 
P7	7 T9 29 
P8	11 T10 24 
P-1	11 T11 31 
P-1	12 T12 22 
P4	13 T13 25 
P-1	13 T14 28 
P5	13 T15 29 
P-1	13 T16 36 
P-1	15 T17 20 
P-1	17 T18 29 
P-1	18 T19 27 
P-1	18 T20 35 
P-1	19 T21 28 
P0	19 T22 35 
P2	20 T23 28 
P-1	20 T24 29 
P-1	23 T25 30 
P-1	23 T26 31 
P3	24 T27 34 
P8	25 T28 35 
P4	28 T29 34 
P-1	28 T30 36 
P2	29 T31 33 
P5	30 T32 35 
P6	33 T33 36 
NMec = 97827
Viable Sol. = 4516362791
Profit = 49025
T = 34
P = 9
Profits not ignored
Solution time = 3.988e+01
Task data
00    0  18  4012
01    0  37  3471
02    1  26  2458
03    3  19  3943
04    4  14   933
05    4  19  2469
06    5  11  1733
07    5  12   510
08    5  31  6970
09    7  29  4314
10   11  24  3045
11   11  31  3137
12   12  22  1287
13   13  25  3201
14   13  28  1502
15   13  29  3109
16   13  36  1725
17   15  20   547
18   17  29  1821
19   18  27  1114
20   18  35  1618
21   19  28  2146
22   19  35  3161
23   20  28  1757
24   20  29  1284
25   23  30  1150
26   23  31  1485
27   24  34  1888
28   25  35  2382
29   28  34   674
30   28  36   658
31   29  33   771
32   30  35   622
33   33  36   993
End
