P-1	2 T0 21 
P-1	2 T1 100 
P0	4 T2 15 
P-1	4 T3 41 
P-1	7 T4 103 
P1	9 T5 16 
P2	10 T6 25 
P-1	18 T7 54 
P0	20 T8 27 
P-1	20 T9 73 
P1	24 T10 30 
P0	30 T11 37 
P1	34 T12 36 
P-1	34 T13 57 
P-1	37 T14 57 
P-1	47 T15 58 
P0	47 T16 59 
P-1	48 T17 69 
P-1	51 T18 64 
P1	52 T19 60 
P-1	54 T20 67 
P2	54 T21 67 
P0	61 T22 72 
P-1	61 T23 80 
P1	62 T24 79 
P0	75 T25 86 
P2	78 T26 84 
P-1	86 T27 103 
P-1	87 T28 98 
P-1	90 T29 103 
P0	91 T30 102 
P1	93 T31 104 
P2	95 T32 100 
P2	102 T33 104 
NMec = 97827
Viable Sol. = 144971162
Profit = 18
T = 34
P = 3
Profits ignored
Solution time = 1.163e+00
Task data
00    2  21     1
01    2 100     1
02    4  15     1
03    4  41     1
04    7 103     1
05    9  16     1
06   10  25     1
07   18  54     1
08   20  27     1
09   20  73     1
10   24  30     1
11   30  37     1
12   34  36     1
13   34  57     1
14   37  57     1
15   47  58     1
16   47  59     1
17   48  69     1
18   51  64     1
19   52  60     1
20   54  67     1
21   54  67     1
22   61  72     1
23   61  80     1
24   62  79     1
25   75  86     1
26   78  84     1
27   86 103     1
28   87  98     1
29   90 103     1
30   91 102     1
31   93 104     1
32   95 100     1
33  102 104     1
End
