P0	0 T0 10 
P1	0 T1 13 
P2	0 T2 36 
P3	2 T3 9 
P4	4 T4 11 
P5	4 T5 54 
P-1	5 T6 15 
P-1	7 T7 15 
P0	11 T8 24 
P3	13 T9 27 
P4	13 T10 28 
P-1	16 T11 32 
P-1	17 T12 25 
P-1	17 T13 28 
P-1	20 T14 32 
P1	20 T15 36 
P-1	21 T16 26 
P-1	25 T17 37 
P-1	26 T18 45 
P0	27 T19 35 
P-1	27 T20 37 
P3	28 T21 49 
P-1	30 T22 46 
P-1	30 T23 47 
P-1	34 T24 40 
P4	34 T25 55 
P-1	35 T26 47 
P0	36 T27 56 
P-1	37 T28 44 
P-1	38 T29 44 
P-1	38 T30 48 
P1	40 T31 50 
P2	40 T32 56 
P-1	42 T33 51 
NMec = 97827
Viable Sol. = 2710040673
Profit = 47072
T = 34
P = 6
Profits not ignored
Solution time = 2.893e+01
Task data
00    0  10  1391
01    0  13  2364
02    0  36  8035
03    2   9  1414
04    4  11  1700
05    4  54  7874
06    5  15  1178
07    7  15  1123
08   11  24  2114
09   13  27  2206
10   13  28  3153
11   16  32  2627
12   17  25  1092
13   17  28  2000
14   20  32  1642
15   20  36  3355
16   21  26   545
17   25  37  1318
18   26  45  2845
19   27  35  1803
20   27  37  2073
21   28  49  3311
22   30  46  1440
23   30  47  2010
24   34  40  1090
25   34  55  3232
26   35  47  1869
27   36  56  1912
28   37  44  1100
29   38  44   529
30   38  48   643
31   40  50  1613
32   40  56  1595
33   42  51   783
End
