P0	0 T0 10 
P1	0 T1 13 
P-1	0 T2 36 
P2	2 T3 9 
P3	4 T4 11 
P-1	4 T5 54 
P4	5 T6 15 
P5	7 T7 15 
P0	11 T8 24 
P-1	13 T9 27 
P-1	13 T10 28 
P-1	16 T11 32 
P1	17 T12 25 
P2	17 T13 28 
P3	20 T14 32 
P4	20 T15 36 
P5	21 T16 26 
P0	25 T17 37 
P-1	26 T18 45 
P1	27 T19 35 
P5	27 T20 37 
P-1	28 T21 49 
P-1	30 T22 46 
P-1	30 T23 47 
P2	34 T24 40 
P-1	34 T25 55 
P-1	35 T26 47 
P-1	36 T27 56 
P1	37 T28 44 
P0	38 T29 44 
P3	38 T30 48 
P4	40 T31 50 
P5	40 T32 56 
P2	42 T33 51 
NMec = 97827
Viable Sol. = 2710040673
Profit = 22
T = 34
P = 6
Profits ignored
Solution time = 2.889e+01
Task data
00    0  10     1
01    0  13     1
02    0  36     1
03    2   9     1
04    4  11     1
05    4  54     1
06    5  15     1
07    7  15     1
08   11  24     1
09   13  27     1
10   13  28     1
11   16  32     1
12   17  25     1
13   17  28     1
14   20  32     1
15   20  36     1
16   21  26     1
17   25  37     1
18   26  45     1
19   27  35     1
20   27  37     1
21   28  49     1
22   30  46     1
23   30  47     1
24   34  40     1
25   34  55     1
26   35  47     1
27   36  56     1
28   37  44     1
29   38  44     1
30   38  48     1
31   40  50     1
32   40  56     1
33   42  51     1
End
