P0	0 T0 8 
P1	0 T1 11 
P2	0 T2 17 
P-1	4 T3 24 
P-1	6 T4 9 
P3	7 T5 60 
P-1	8 T6 16 
P0	9 T7 29 
P-1	10 T8 77 
P1	13 T9 27 
P-1	14 T10 32 
P2	18 T11 35 
P-1	21 T12 27 
P-1	22 T13 39 
P0	31 T14 41 
P1	32 T15 35 
P-1	33 T16 44 
P1	36 T17 55 
P-1	41 T18 45 
P0	42 T19 50 
P2	44 T20 54 
P-1	46 T21 63 
P-1	55 T22 63 
P-1	56 T23 68 
P0	57 T24 70 
P1	57 T25 75 
P-1	60 T26 65 
P2	60 T27 77 
P-1	61 T28 84 
P-1	63 T29 70 
P3	63 T30 83 
P-1	65 T31 74 
P-1	67 T32 81 
P0	72 T33 84 
NMec = 97827
Viable Sol. = 1184580814
Profit = 47003
T = 34
P = 4
Profits not ignored
Solution time = 1.036e+01
Task data
00    0   8  1044
01    0  11  2755
02    0  17  1935
03    4  24  3084
04    6   9   843
05    7  60  5276
06    8  16   755
07    9  29  2556
08   10  77  7310
09   13  27  1974
10   14  32  1931
11   18  35  3393
12   21  27  1052
13   22  39  2762
14   31  41  1871
15   32  35   967
16   33  44  1605
17   36  55  5008
18   41  45   651
19   42  50  1265
20   44  54  2055
21   46  63  1417
22   55  63  1127
23   56  68  1581
24   57  70  2397
25   57  75  3995
26   60  65  1609
27   60  77  2998
28   61  84  2795
29   63  70  1148
30   63  83  5799
31   65  74  1224
32   67  81  1273
33   72  84  1715
End
