P-1	0 T0 114 
P-1	11 T1 29 
P-1	13 T2 24 
P-1	14 T3 27 
P0	14 T4 27 
P1	23 T5 31 
P0	28 T6 36 
P0	40 T7 49 
P0	57 T8 63 
P-1	67 T9 74 
P-1	67 T10 84 
P0	72 T11 78 
P1	74 T12 85 
P-1	84 T13 106 
P0	89 T14 96 
P-1	89 T15 108 
P-1	91 T16 109 
P0	100 T17 117 
P1	105 T18 114 
P-1	119 T19 127 
P-1	119 T20 131 
P-1	120 T21 123 
P0	120 T22 137 
P1	123 T23 132 
P1	133 T24 142 
P-1	139 T25 164 
P0	140 T26 146 
P-1	144 T27 165 
P-1	146 T28 159 
P-1	150 T29 169 
P-1	153 T30 154 
P-1	154 T31 162 
P0	154 T32 163 
P1	154 T33 168 
NMec = 97827
Viable Sol. = 87657984
Profit = 16
T = 34
P = 2
Profits ignored
Solution time = 1.014e+00
Task data
00    0 114     1
01   11  29     1
02   13  24     1
03   14  27     1
04   14  27     1
05   23  31     1
06   28  36     1
07   40  49     1
08   57  63     1
09   67  74     1
10   67  84     1
11   72  78     1
12   74  85     1
13   84 106     1
14   89  96     1
15   89 108     1
16   91 109     1
17  100 117     1
18  105 114     1
19  119 127     1
20  119 131     1
21  120 123     1
22  120 137     1
23  123 132     1
24  133 142     1
25  139 164     1
26  140 146     1
27  144 165     1
28  146 159     1
29  150 169     1
30  153 154     1
31  154 162     1
32  154 163     1
33  154 168     1
End
