P-1	0 T0 22 
P-1	0 T1 23 
P0	1 T2 25 
P-1	1 T3 28 
P-1	2 T4 10 
P1	2 T5 24 
P2	2 T6 28 
P3	3 T7 13 
P-1	3 T8 19 
P-1	3 T9 24 
P4	3 T10 32 
P-1	4 T11 19 
P5	4 T12 20 
P-1	4 T13 22 
P6	4 T14 31 
P7	5 T15 19 
P-1	5 T16 26 
P-1	7 T17 14 
P-1	7 T18 15 
P-1	8 T19 23 
P-1	8 T20 25 
P-1	8 T21 26 
P8	8 T22 26 
P9	9 T23 33 
P-1	13 T24 23 
P-1	13 T25 33 
P-1	16 T26 24 
P-1	16 T27 27 
P3	16 T28 28 
P-1	16 T29 30 
P-1	20 T30 23 
P5	21 T31 27 
P7	21 T32 29 
P1	25 T33 32 
NMec = 97827
Viable Sol. = 1693928625
Profit = 52363
T = 34
P = 10
Profits not ignored
Solution time = 1.633e+01
Task data
00    0  22  2505
01    0  23  1369
02    1  25  4750
03    1  28  3967
04    2  10  1036
05    2  24  5228
06    2  28  5705
07    3  13  1562
08    3  19  3438
09    3  24  3033
10    3  32  5206
11    4  19  1791
12    4  20  3882
13    4  22  2431
14    4  31  5105
15    5  19  4126
16    5  26  2024
17    7  14   958
18    7  15  1201
19    8  23  1987
20    8  25  2181
21    8  26  1651
22    8  26  5085
23    9  33  5591
24   13  23  1627
25   13  33  2274
26   16  24  1543
27   16  27  1824
28   16  28  2736
29   16  30  1423
30   20  23   550
31   21  27  1204
32   21  29  1724
33   25  32   459
End
