P0	6 T0 11 
P0	14 T1 26 
P-1	8 T2 32 
P0	30 T3 48 
P-1	48 T4 56 
P-1	39 T5 63 
P0	65 T6 76 
P-1	70 T7 84 
P-1	63 T8 87 
P0	90 T9 105 
P-1	99 T10 108 
P0	112 T11 115 
P-1	99 T12 123 
P0	122 T13 124 
P-1	123 T14 132 
P0	162 T15 169 
P-1	162 T16 172 
P-1	107 T17 212 
P0	195 T18 213 
P-1	208 T19 227 
P0	217 T20 232 
P-1	212 T21 237 
P0	243 T22 248 
P-1	248 T23 257 
P-1	61 T24 258 
P0	265 T25 272 
P-1	265 T26 277 
P-1	269 T27 284 
P-1	261 T28 286 
P-1	268 T29 287 
P0	276 T30 295 
P0	296 T31 305 
P-1	301 T32 317 
P0	310 T33 321 
P-1	316 T34 325 
NMec = 97827
Viable Sol. = 0
Profit = 15
T = 35
P = 1
Profits ignored
Solution time = 5.952e-06
Task data
00    6  11     1
01   14  26     1
02    8  32     1
03   30  48     1
04   48  56     1
05   39  63     1
06   65  76     1
07   70  84     1
08   63  87     1
09   90 105     1
10   99 108     1
11  112 115     1
12   99 123     1
13  122 124     1
14  123 132     1
15  162 169     1
16  162 172     1
17  107 212     1
18  195 213     1
19  208 227     1
20  217 232     1
21  212 237     1
22  243 248     1
23  248 257     1
24   61 258     1
25  265 272     1
26  265 277     1
27  269 284     1
28  261 286     1
29  268 287     1
30  276 295     1
31  296 305     1
32  301 317     1
33  310 321     1
34  316 325     1
End
