P-1	1 T0 26 
P-1	1 T1 37 
P0	3 T2 15 
P-1	4 T3 38 
P1	5 T4 10 
P2	5 T5 10 
P3	5 T6 21 
P4	6 T7 12 
P5	6 T8 15 
P6	8 T9 13 
P-1	8 T10 27 
P-1	8 T11 27 
P7	10 T12 12 
P-1	10 T13 25 
P1	11 T14 16 
P2	11 T15 22 
P8	12 T16 19 
P-1	12 T17 34 
P4	13 T18 21 
P7	13 T19 25 
P6	14 T20 21 
P-1	14 T21 38 
P0	18 T22 22 
P1	18 T23 24 
P-1	19 T24 33 
P5	20 T25 28 
P8	21 T26 27 
P3	22 T27 33 
P0	23 T28 35 
P2	23 T29 38 
P4	24 T30 31 
P6	24 T31 34 
P1	25 T32 36 
P7	26 T33 35 
P8	28 T34 31 
NMec = 97827
Viable Sol. = 12356219620
Profit = 26
T = 35
P = 9
Profits ignored
Solution time = 1.219e+02
Task data
00    1  26     1
01    1  37     1
02    3  15     1
03    4  38     1
04    5  10     1
05    5  10     1
06    5  21     1
07    6  12     1
08    6  15     1
09    8  13     1
10    8  27     1
11    8  27     1
12   10  12     1
13   10  25     1
14   11  16     1
15   11  22     1
16   12  19     1
17   12  34     1
18   13  21     1
19   13  25     1
20   14  21     1
21   14  38     1
22   18  22     1
23   18  24     1
24   19  33     1
25   20  28     1
26   21  27     1
27   22  33     1
28   23  35     1
29   23  38     1
30   24  31     1
31   24  34     1
32   25  36     1
33   26  35     1
34   28  31     1
End
