P-1	1 T0 18 
P-1	1 T1 22 
P-1	3 T2 65 
P-1	5 T3 19 
P-1	5 T4 20 
P0	7 T5 21 
P1	8 T6 18 
P2	9 T7 20 
P3	15 T8 35 
P4	17 T9 30 
P1	19 T10 27 
P-1	19 T11 45 
P2	21 T12 36 
P0	23 T13 35 
P-1	25 T14 43 
P-1	26 T15 45 
P-1	27 T16 44 
P-1	27 T17 45 
P1	28 T18 35 
P-1	29 T19 53 
P-1	32 T20 49 
P-1	32 T21 55 
P-1	34 T22 48 
P-1	36 T23 53 
P0	37 T24 45 
P1	39 T25 51 
P-1	40 T26 63 
P2	41 T27 54 
P3	41 T28 69 
P4	42 T29 52 
P0	51 T30 66 
P1	52 T31 66 
P2	58 T32 63 
P4	63 T33 64 
P2	65 T34 69 
NMec = 97827
Viable Sol. = 1048216818
Profit = 19
T = 35
P = 5
Profits ignored
Solution time = 8.665e+00
Task data
00    1  18     1
01    1  22     1
02    3  65     1
03    5  19     1
04    5  20     1
05    7  21     1
06    8  18     1
07    9  20     1
08   15  35     1
09   17  30     1
10   19  27     1
11   19  45     1
12   21  36     1
13   23  35     1
14   25  43     1
15   26  45     1
16   27  44     1
17   27  45     1
18   28  35     1
19   29  53     1
20   32  49     1
21   32  55     1
22   34  48     1
23   36  53     1
24   37  45     1
25   39  51     1
26   40  63     1
27   41  54     1
28   41  69     1
29   42  52     1
30   51  66     1
31   52  66     1
32   58  63     1
33   63  64     1
34   65  69     1
End
