P0	1 T0 26 
P1	1 T1 37 
P2	3 T2 15 
P-1	4 T3 38 
P3	5 T4 10 
P4	5 T5 10 
P5	5 T6 21 
P6	6 T7 12 
P7	6 T8 15 
P8	8 T9 13 
P-1	8 T10 27 
P-1	8 T11 27 
P-1	10 T12 12 
P-1	10 T13 25 
P-1	11 T14 16 
P-1	11 T15 22 
P3	12 T16 19 
P4	12 T17 34 
P-1	13 T18 21 
P-1	13 T19 25 
P6	14 T20 21 
P8	14 T21 38 
P-1	18 T22 22 
P2	18 T23 24 
P7	19 T24 33 
P-1	20 T25 28 
P-1	21 T26 27 
P3	22 T27 33 
P-1	23 T28 35 
P5	23 T29 38 
P-1	24 T30 31 
P6	24 T31 34 
P2	25 T32 36 
P-1	26 T33 35 
P0	28 T34 31 
NMec = 97827
Viable Sol. = 12356219620
Profit = 51652
T = 35
P = 9
Profits not ignored
Solution time = 1.272e+02
Task data
00    1  26  4320
01    1  37  4459
02    3  15   798
03    4  38  3302
04    5  10  1500
05    5  10  1454
06    5  21  3590
07    6  12   620
08    6  15  2045
09    8  13  1113
10    8  27  3175
11    8  27  3004
12   10  12   482
13   10  25  2592
14   11  16   614
15   11  22  1626
16   12  19  2148
17   12  34  6408
18   13  21  1024
19   13  25  2181
20   14  21  1465
21   14  38  6510
22   18  22  1083
23   18  24  1934
24   19  33  3473
25   20  28   940
26   21  27   949
27   22  33  2219
28   23  35  2201
29   23  38  2251
30   24  31   800
31   24  34  2662
32   25  36  1774
33   26  35  1222
34   28  31   909
End
