P0	0 T0 18 
P1	1 T1 11 
P2	3 T2 23 
P-1	5 T3 80 
P-1	11 T4 68 
P-1	12 T5 38 
P-1	12 T6 70 
P-1	13 T7 78 
P-1	16 T8 44 
P1	17 T9 29 
P3	18 T10 28 
P0	24 T11 27 
P2	25 T12 40 
P0	28 T13 34 
P1	31 T14 33 
P-1	32 T15 47 
P-1	32 T16 71 
P3	33 T17 40 
P-1	33 T18 53 
P-1	36 T19 52 
P-1	39 T20 56 
P-1	39 T21 61 
P0	40 T22 50 
P-1	40 T23 86 
P1	43 T24 48 
P2	45 T25 58 
P3	47 T26 59 
P0	51 T27 63 
P-1	52 T28 68 
P-1	54 T29 67 
P1	57 T30 67 
P2	59 T31 63 
P3	62 T32 70 
P0	64 T33 71 
P2	64 T34 84 
NMec = 97827
Viable Sol. = 211093780
Profit = 20
T = 35
P = 4
Profits ignored
Solution time = 2.136e+00
Task data
00    0  18     1
01    1  11     1
02    3  23     1
03    5  80     1
04   11  68     1
05   12  38     1
06   12  70     1
07   13  78     1
08   16  44     1
09   17  29     1
10   18  28     1
11   24  27     1
12   25  40     1
13   28  34     1
14   31  33     1
15   32  47     1
16   32  71     1
17   33  40     1
18   33  53     1
19   36  52     1
20   39  56     1
21   39  61     1
22   40  50     1
23   40  86     1
24   43  48     1
25   45  58     1
26   47  59     1
27   51  63     1
28   52  68     1
29   54  67     1
30   57  67     1
31   59  63     1
32   62  70     1
33   64  71     1
34   64  84     1
End
