P0	0 T0 3 
P1	0 T1 10 
P2	0 T2 12 
P-1	0 T3 34 
P3	1 T4 10 
P-1	1 T5 27 
P4	2 T6 13 
P5	2 T7 14 
P6	2 T8 17 
P7	3 T9 12 
P-1	3 T10 22 
P-1	5 T11 20 
P-1	5 T12 30 
P-1	6 T13 20 
P0	6 T14 22 
P-1	6 T15 25 
P8	7 T16 16 
P-1	7 T17 27 
P9	9 T18 17 
P-1	9 T19 31 
P-1	10 T20 27 
P-1	11 T21 33 
P1	12 T22 25 
P2	14 T23 19 
P3	14 T24 31 
P4	15 T25 20 
P5	16 T26 32 
P7	17 T27 33 
P6	19 T28 28 
P2	20 T29 29 
P8	20 T30 31 
P9	20 T31 34 
P0	23 T32 27 
P4	24 T33 33 
P1	26 T34 29 
NMec = 97827
Viable Sol. = 11215746212
Profit = 24
T = 35
P = 10
Profits ignored
Solution time = 1.123e+02
Task data
00    0   3     1
01    0  10     1
02    0  12     1
03    0  34     1
04    1  10     1
05    1  27     1
06    2  13     1
07    2  14     1
08    2  17     1
09    3  12     1
10    3  22     1
11    5  20     1
12    5  30     1
13    6  20     1
14    6  22     1
15    6  25     1
16    7  16     1
17    7  27     1
18    9  17     1
19    9  31     1
20   10  27     1
21   11  33     1
22   12  25     1
23   14  19     1
24   14  31     1
25   15  20     1
26   16  32     1
27   17  33     1
28   19  28     1
29   20  29     1
30   20  31     1
31   20  34     1
32   23  27     1
33   24  33     1
34   26  29     1
End
