P0	1 T0 85 
P1	3 T1 5 
P2	4 T2 28 
P-1	8 T3 39 
P-1	12 T4 59 
P-1	15 T5 21 
P-1	15 T6 62 
P1	15 T7 83 
P3	16 T8 23 
P-1	16 T9 49 
P-1	17 T10 38 
P-1	20 T11 26 
P-1	20 T12 41 
P-1	22 T13 28 
P-1	22 T14 31 
P-1	25 T15 34 
P-1	26 T16 28 
P3	27 T17 74 
P-1	29 T18 43 
P2	32 T19 41 
P-1	33 T20 56 
P-1	35 T21 62 
P-1	36 T22 44 
P-1	38 T23 56 
P-1	39 T24 49 
P2	44 T25 86 
P-1	50 T26 69 
P-1	51 T27 79 
P-1	55 T28 78 
P-1	62 T29 81 
P-1	64 T30 87 
P-1	65 T31 73 
P-1	65 T32 76 
P-1	65 T33 87 
P-1	71 T34 83 
P3	81 T35 83 
NMec = 97827
Viable Sol. = 255124136
Profit = 58336
T = 36
P = 4
Profits not ignored
Solution time = 2.357e+00
Task data
00    1  85 19381
01    3   5   358
02    4  28  3910
03    8  39  3727
04   12  59  6434
05   15  21  1000
06   15  62  5169
07   15  83 15033
08   16  23  1280
09   16  49  4842
10   17  38  2830
11   20  26   837
12   20  41  3652
13   22  28  1673
14   22  31  1350
15   25  34  1669
16   26  28   273
17   27  74 10549
18   29  43  1065
19   32  41  1427
20   33  56  1968
21   35  62  2725
22   36  44  1194
23   38  56  3710
24   39  49  1835
25   44  86  6135
26   50  69  2396
27   51  79  2790
28   55  78  1518
29   62  81  1642
30   64  87  3846
31   65  73  2482
32   65  76  2685
33   65  87  2284
34   71  83  1940
35   81  83   263
End
