P-1	1 T0 118 
P0	2 T1 12 
P1	3 T2 98 
P-1	10 T3 28 
P2	11 T4 25 
P-1	13 T5 33 
P-1	18 T6 43 
P-1	20 T7 28 
P-1	24 T8 48 
P0	24 T9 90 
P2	27 T10 31 
P-1	32 T11 41 
P-1	33 T12 57 
P2	37 T13 107 
P-1	46 T14 67 
P-1	47 T15 59 
P-1	49 T16 59 
P-1	50 T17 66 
P-1	53 T18 66 
P-1	63 T19 69 
P-1	67 T20 70 
P-1	71 T21 88 
P-1	72 T22 81 
P-1	73 T23 74 
P-1	74 T24 81 
P-1	74 T25 100 
P-1	81 T26 84 
P-1	86 T27 101 
P-1	87 T28 93 
P-1	87 T29 98 
P-1	92 T30 100 
P0	92 T31 104 
P-1	95 T32 106 
P-1	98 T33 108 
P-1	99 T34 108 
P1	104 T35 115 
NMec = 97827
Viable Sol. = 573735630
Profit = 59946
T = 36
P = 3
Profits not ignored
Solution time = 5.024e+00
Task data
00    1 118 11813
01    2  12  1429
02    3  98 14132
03   10  28  3403
04   11  25  3154
05   13  33  1865
06   18  43  3009
07   20  28   983
08   24  48  5511
09   24  90 18042
10   27  31   829
11   32  41  1595
12   33  57  3267
13   37 107 17965
14   46  67  1879
15   47  59  2295
16   49  59   893
17   50  66  2501
18   53  66  1277
19   63  69  1059
20   67  70   650
21   71  88  1124
22   72  81   992
23   73  74   362
24   74  81  1086
25   74 100  2924
26   81  84   666
27   86 101  1525
28   87  93   903
29   87  98  2722
30   92 100  1329
31   92 104  2954
32   95 106  1335
33   98 108   762
34   99 108   820
35  104 115  1441
End
