P-1	1 T0 118 
P0	2 T1 12 
P-1	3 T2 98 
P-1	10 T3 28 
P1	11 T4 25 
P-1	13 T5 33 
P-1	18 T6 43 
P0	20 T7 28 
P2	24 T8 48 
P-1	24 T9 90 
P1	27 T10 31 
P0	32 T11 41 
P-1	33 T12 57 
P-1	37 T13 107 
P-1	46 T14 67 
P-1	47 T15 59 
P0	49 T16 59 
P1	50 T17 66 
P2	53 T18 66 
P0	63 T19 69 
P1	67 T20 70 
P-1	71 T21 88 
P0	72 T22 81 
P1	73 T23 74 
P2	74 T24 81 
P-1	74 T25 100 
P1	81 T26 84 
P-1	86 T27 101 
P0	87 T28 93 
P1	87 T29 98 
P2	92 T30 100 
P-1	92 T31 104 
P-1	95 T32 106 
P0	98 T33 108 
P1	99 T34 108 
P2	104 T35 115 
NMec = 97827
Viable Sol. = 573735630
Profit = 21
T = 36
P = 3
Profits ignored
Solution time = 5.152e+00
Task data
00    1 118     1
01    2  12     1
02    3  98     1
03   10  28     1
04   11  25     1
05   13  33     1
06   18  43     1
07   20  28     1
08   24  48     1
09   24  90     1
10   27  31     1
11   32  41     1
12   33  57     1
13   37 107     1
14   46  67     1
15   47  59     1
16   49  59     1
17   50  66     1
18   53  66     1
19   63  69     1
20   67  70     1
21   71  88     1
22   72  81     1
23   73  74     1
24   74  81     1
25   74 100     1
26   81  84     1
27   86 101     1
28   87  93     1
29   87  98     1
30   92 100     1
31   92 104     1
32   95 106     1
33   98 108     1
34   99 108     1
35  104 115     1
End
