P0	0 T0 6 
P1	2 T1 15 
P2	2 T2 19 
P-1	2 T3 53 
P-1	3 T4 57 
P3	6 T5 16 
P0	9 T6 21 
P-1	9 T7 56 
P-1	13 T8 40 
P1	16 T9 23 
P4	16 T10 31 
P-1	16 T11 35 
P-1	19 T12 39 
P0	23 T13 28 
P-1	25 T14 38 
P-1	25 T15 55 
P-1	26 T16 45 
P-1	27 T17 46 
P0	30 T18 34 
P1	30 T19 35 
P-1	31 T20 49 
P-1	33 T21 36 
P2	34 T22 38 
P3	34 T23 42 
P4	34 T24 47 
P0	35 T25 40 
P5	35 T26 50 
P1	36 T27 41 
P-1	36 T28 55 
P0	41 T29 52 
P1	44 T30 53 
P2	47 T31 57 
P3	50 T32 55 
P4	50 T33 57 
P5	52 T34 55 
P0	53 T35 59 
NMec = 97827
Viable Sol. = 4088473592
Profit = 23
T = 36
P = 6
Profits ignored
Solution time = 3.574e+01
Task data
00    0   6     1
01    2  15     1
02    2  19     1
03    2  53     1
04    3  57     1
05    6  16     1
06    9  21     1
07    9  56     1
08   13  40     1
09   16  23     1
10   16  31     1
11   16  35     1
12   19  39     1
13   23  28     1
14   25  38     1
15   25  55     1
16   26  45     1
17   27  46     1
18   30  34     1
19   30  35     1
20   31  49     1
21   33  36     1
22   34  38     1
23   34  42     1
24   34  47     1
25   35  40     1
26   35  50     1
27   36  41     1
28   36  55     1
29   41  52     1
30   44  53     1
31   47  57     1
32   50  55     1
33   50  57     1
34   52  55     1
35   53  59     1
End
