P0	0 T0 6 
P-1	1 T1 15 
P1	2 T2 9 
P-1	2 T3 54 
P-1	3 T4 27 
P-1	3 T5 66 
P2	4 T6 11 
P-1	4 T7 17 
P-1	7 T8 66 
P-1	8 T9 14 
P0	9 T10 14 
P3	9 T11 18 
P1	10 T12 25 
P2	12 T13 35 
P-1	12 T14 52 
P4	14 T15 29 
P-1	25 T16 41 
P0	27 T17 40 
P-1	28 T18 46 
P1	30 T19 37 
P-1	31 T20 54 
P-1	32 T21 55 
P-1	33 T22 41 
P-1	34 T23 46 
P-1	35 T24 47 
P-1	36 T25 54 
P2	37 T26 42 
P1	39 T27 43 
P3	39 T28 50 
P4	40 T29 55 
P0	41 T30 53 
P1	51 T31 64 
P2	51 T32 68 
P0	57 T33 66 
P3	60 T34 70 
P4	64 T35 69 
NMec = 97827
Viable Sol. = 1438410360
Profit = 20
T = 36
P = 5
Profits ignored
Solution time = 1.091e+01
Task data
00    0   6     1
01    1  15     1
02    2   9     1
03    2  54     1
04    3  27     1
05    3  66     1
06    4  11     1
07    4  17     1
08    7  66     1
09    8  14     1
10    9  14     1
11    9  18     1
12   10  25     1
13   12  35     1
14   12  52     1
15   14  29     1
16   25  41     1
17   27  40     1
18   28  46     1
19   30  37     1
20   31  54     1
21   32  55     1
22   33  41     1
23   34  46     1
24   35  47     1
25   36  54     1
26   37  42     1
27   39  43     1
28   39  50     1
29   40  55     1
30   41  53     1
31   51  64     1
32   51  68     1
33   57  66     1
34   60  70     1
35   64  69     1
End
