P0	0 T0 3 
P1	2 T1 8 
P2	2 T2 13 
P0	4 T3 33 
P3	4 T4 36 
P-1	6 T5 30 
P4	7 T6 9 
P5	7 T7 16 
P6	7 T8 24 
P-1	10 T9 29 
P1	11 T10 16 
P4	12 T11 17 
P7	12 T12 38 
P-1	13 T13 27 
P8	13 T14 30 
P-1	13 T15 32 
P-1	14 T16 22 
P-1	15 T17 39 
P-1	16 T18 34 
P1	17 T19 22 
P2	18 T20 26 
P-1	18 T21 28 
P-1	18 T22 30 
P4	19 T23 27 
P-1	19 T24 30 
P5	19 T25 34 
P-1	20 T26 29 
P-1	22 T27 30 
P-1	22 T28 30 
P-1	24 T29 33 
P1	25 T30 37 
P6	26 T31 39 
P2	27 T32 38 
P-1	29 T33 33 
P-1	29 T34 34 
P4	29 T35 36 
NMec = 97827
Viable Sol. = 9383347648
Profit = 44448
T = 36
P = 9
Profits not ignored
Solution time = 1.233e+02
Task data
00    0   3  1029
01    2   8  1155
02    2  13  1466
03    4  33  3390
04    4  36  4963
05    6  30  2498
06    7   9   342
07    7  16  1243
08    7  24  3704
09   10  29  2082
10   11  16   520
11   12  17   573
12   12  38  7646
13   13  27  1176
14   13  30  3658
15   13  32  2166
16   14  22   822
17   15  39  2190
18   16  34  2135
19   17  22  1013
20   18  26   999
21   18  28  1756
22   18  30  2216
23   19  27  1864
24   19  30   991
25   19  34  3499
26   20  29   902
27   22  30  1217
28   22  30  1921
29   24  33   739
30   25  37  1734
31   26  39  2624
32   27  38  1708
33   29  33   321
34   29  34   946
35   29  36  1318
End
