P-1	0 T0 14 
P0	1 T1 8 
P-1	1 T2 26 
P-1	2 T3 17 
P-1	2 T4 20 
P1	3 T5 8 
P2	3 T6 10 
P3	3 T7 17 
P4	3 T8 25 
P5	4 T9 17 
P6	5 T10 17 
P-1	6 T11 29 
P0	9 T12 22 
P-1	9 T13 34 
P1	10 T14 20 
P2	11 T15 15 
P7	13 T16 24 
P2	16 T17 20 
P-1	17 T18 29 
P3	18 T19 27 
P-1	18 T20 29 
P5	19 T21 27 
P-1	19 T22 29 
P1	21 T23 27 
P2	22 T24 25 
P-1	22 T25 34 
P-1	23 T26 40 
P0	24 T27 32 
P2	26 T28 30 
P4	27 T29 29 
P6	27 T30 40 
P1	28 T31 30 
P3	28 T32 41 
P5	29 T33 40 
P7	29 T34 43 
P0	35 T35 42 
NMec = 97827
Viable Sol. = 28086525262
Profit = 25
T = 36
P = 8
Profits ignored
Solution time = 2.696e+02
Task data
00    0  14     1
01    1   8     1
02    1  26     1
03    2  17     1
04    2  20     1
05    3   8     1
06    3  10     1
07    3  17     1
08    3  25     1
09    4  17     1
10    5  17     1
11    6  29     1
12    9  22     1
13    9  34     1
14   10  20     1
15   11  15     1
16   13  24     1
17   16  20     1
18   17  29     1
19   18  27     1
20   18  29     1
21   19  27     1
22   19  29     1
23   21  27     1
24   22  25     1
25   22  34     1
26   23  40     1
27   24  32     1
28   26  30     1
29   27  29     1
30   27  40     1
31   28  30     1
32   28  41     1
33   29  40     1
34   29  43     1
35   35  42     1
End
