P0	0 T0 3 
P1	2 T1 8 
P2	2 T2 13 
P-1	4 T3 33 
P-1	4 T4 36 
P-1	6 T5 30 
P0	7 T6 9 
P3	7 T7 16 
P4	7 T8 24 
P-1	10 T9 29 
P0	11 T10 16 
P1	12 T11 17 
P-1	12 T12 38 
P5	13 T13 27 
P-1	13 T14 30 
P-1	13 T15 32 
P2	14 T16 22 
P-1	15 T17 39 
P-1	16 T18 34 
P0	17 T19 22 
P1	18 T20 26 
P3	18 T21 28 
P-1	18 T22 30 
P6	19 T23 27 
P-1	19 T24 30 
P-1	19 T25 34 
P-1	20 T26 29 
P7	22 T27 30 
P8	22 T28 30 
P0	24 T29 33 
P2	25 T30 37 
P4	26 T31 39 
P1	27 T32 38 
P3	29 T33 33 
P5	29 T34 34 
P6	29 T35 36 
NMec = 97827
Viable Sol. = 9383347648
Profit = 23
T = 36
P = 9
Profits ignored
Solution time = 1.124e+02
Task data
00    0   3     1
01    2   8     1
02    2  13     1
03    4  33     1
04    4  36     1
05    6  30     1
06    7   9     1
07    7  16     1
08    7  24     1
09   10  29     1
10   11  16     1
11   12  17     1
12   12  38     1
13   13  27     1
14   13  30     1
15   13  32     1
16   14  22     1
17   15  39     1
18   16  34     1
19   17  22     1
20   18  26     1
21   18  28     1
22   18  30     1
23   19  27     1
24   19  30     1
25   19  34     1
26   20  29     1
27   22  30     1
28   22  30     1
29   24  33     1
30   25  37     1
31   26  39     1
32   27  38     1
33   29  33     1
34   29  34     1
35   29  36     1
End
