P0	0 T0 7 
P-1	1 T1 34 
P1	2 T2 18 
P-1	2 T3 26 
P2	6 T4 16 
P3	6 T5 16 
P-1	6 T6 23 
P4	7 T7 16 
P-1	7 T8 23 
P-1	7 T9 29 
P0	9 T10 18 
P-1	9 T11 21 
P-1	9 T12 27 
P5	10 T13 22 
P-1	11 T14 23 
P-1	11 T15 26 
P-1	11 T16 34 
P-1	11 T17 35 
P6	12 T18 15 
P-1	13 T19 25 
P-1	13 T20 28 
P-1	14 T21 34 
P-1	15 T22 23 
P6	16 T23 20 
P7	16 T24 25 
P2	17 T25 21 
P3	17 T26 30 
P4	18 T27 34 
P0	19 T28 24 
P1	19 T29 24 
P8	19 T30 25 
P9	20 T31 35 
P6	21 T32 30 
P2	22 T33 29 
P5	23 T34 34 
P0	26 T35 30 
NMec = 97827
Viable Sol. = 8454739696
Profit = 21
T = 36
P = 10
Profits ignored
Solution time = 8.015e+01
Task data
00    0   7     1
01    1  34     1
02    2  18     1
03    2  26     1
04    6  16     1
05    6  16     1
06    6  23     1
07    7  16     1
08    7  23     1
09    7  29     1
10    9  18     1
11    9  21     1
12    9  27     1
13   10  22     1
14   11  23     1
15   11  26     1
16   11  34     1
17   11  35     1
18   12  15     1
19   13  25     1
20   13  28     1
21   14  34     1
22   15  23     1
23   16  20     1
24   16  25     1
25   17  21     1
26   17  30     1
27   18  34     1
28   19  24     1
29   19  24     1
30   19  25     1
31   20  35     1
32   21  30     1
33   22  29     1
34   23  34     1
35   26  30     1
End
