P-1	0 T0 16 
P0	1 T1 94 
P1	2 T2 107 
P-1	3 T3 10 
P-1	4 T4 17 
P-1	5 T5 13 
P-1	5 T6 23 
P2	7 T7 29 
P-1	8 T8 18 
P-1	8 T9 114 
P-1	11 T10 22 
P-1	13 T11 33 
P-1	14 T12 20 
P-1	17 T13 44 
P-1	20 T14 24 
P-1	22 T15 97 
P-1	23 T16 36 
P-1	28 T17 43 
P2	31 T18 43 
P-1	33 T19 37 
P-1	35 T20 53 
P-1	37 T21 109 
P-1	40 T22 44 
P-1	40 T23 51 
P-1	45 T24 62 
P-1	46 T25 59 
P2	47 T26 71 
P-1	52 T27 120 
P-1	59 T28 64 
P-1	59 T29 76 
P-1	65 T30 72 
P2	72 T31 89 
P-1	78 T32 84 
P0	98 T33 123 
P-1	101 T34 110 
P2	103 T35 118 
P1	111 T36 113 
NMec = 97827
Viable Sol. = 371279115
Profit = 65024
T = 37
P = 3
Profits not ignored
Solution time = 2.881e+00
Task data
00    0  16  1658
01    1  94 17744
02    2 107 26136
03    3  10  1168
04    4  17  2008
05    5  13   483
06    5  23  1706
07    7  29  4231
08    8  18  1455
09    8 114  6388
10   11  22  1120
11   13  33  3937
12   14  20   509
13   17  44  4127
14   20  24   747
15   22  97 10704
16   23  36  1356
17   28  43  2766
18   31  43  2917
19   33  37   580
20   35  53  1927
21   37 109  5599
22   40  44  1366
23   40  51  2379
24   45  62  2644
25   46  59  1593
26   47  71  3976
27   52 120  8661
28   59  64  1529
29   59  76  2739
30   65  72  1199
31   72  89  2060
32   78  84  1085
33   98 123  4406
34  101 110  2543
35  103 118  3229
36  111 113   325
End
