P-1	1 T0 79 
P-1	1 T1 91 
P-1	3 T2 24 
P0	4 T3 17 
P1	5 T4 11 
P2	8 T5 21 
P-1	8 T6 47 
P-1	11 T7 27 
P1	12 T8 22 
P-1	15 T9 39 
P-1	17 T10 31 
P0	18 T11 32 
P3	21 T12 41 
P1	24 T13 30 
P2	25 T14 32 
P-1	28 T15 49 
P-1	33 T16 57 
P0	37 T17 38 
P-1	37 T18 49 
P0	40 T19 41 
P1	41 T20 55 
P0	42 T21 47 
P2	42 T22 47 
P3	47 T23 57 
P0	49 T24 61 
P-1	52 T25 69 
P-1	52 T26 84 
P2	54 T27 68 
P-1	56 T28 73 
P-1	56 T29 75 
P1	59 T30 69 
P3	60 T31 64 
P-1	66 T32 83 
P0	67 T33 88 
P3	68 T34 89 
P2	69 T35 79 
P1	71 T36 89 
NMec = 97827
Viable Sol. = 3011639466
Profit = 22
T = 37
P = 4
Profits ignored
Solution time = 2.753e+01
Task data
00    1  79     1
01    1  91     1
02    3  24     1
03    4  17     1
04    5  11     1
05    8  21     1
06    8  47     1
07   11  27     1
08   12  22     1
09   15  39     1
10   17  31     1
11   18  32     1
12   21  41     1
13   24  30     1
14   25  32     1
15   28  49     1
16   33  57     1
17   37  38     1
18   37  49     1
19   40  41     1
20   41  55     1
21   42  47     1
22   42  47     1
23   47  57     1
24   49  61     1
25   52  69     1
26   52  84     1
27   54  68     1
28   56  73     1
29   56  75     1
30   59  69     1
31   60  64     1
32   66  83     1
33   67  88     1
34   68  89     1
35   69  79     1
36   71  89     1
End
