P0	0 T0 17 
P1	0 T1 40 
P-1	1 T2 12 
P2	2 T3 6 
P3	2 T4 14 
P-1	2 T5 17 
P4	2 T6 35 
P5	2 T7 47 
P6	4 T8 14 
P-1	6 T9 11 
P-1	6 T10 25 
P-1	8 T11 13 
P2	10 T12 28 
P-1	11 T13 29 
P-1	12 T14 18 
P-1	12 T15 27 
P-1	14 T16 32 
P3	15 T17 18 
P6	16 T18 22 
P-1	17 T19 32 
P0	18 T20 26 
P-1	19 T21 39 
P3	22 T22 39 
P-1	23 T23 33 
P-1	23 T24 34 
P-1	23 T25 38 
P-1	23 T26 41 
P6	24 T27 37 
P-1	25 T28 40 
P-1	25 T29 49 
P0	28 T30 48 
P-1	29 T31 43 
P2	31 T32 42 
P-1	35 T33 44 
P4	37 T34 51 
P6	38 T35 43 
P-1	38 T36 45 
NMec = 97827
Viable Sol. = 12717862812
Profit = 52444
T = 37
P = 7
Profits not ignored
Solution time = 1.194e+02
Task data
00    0  17  2630
01    0  40  8391
02    1  12   934
03    2   6   482
04    2  14  3256
05    2  17  2078
06    2  35  5055
07    2  47  8017
08    4  14  2266
09    6  11   993
10    6  25  3643
11    8  13  1009
12   10  28  4185
13   11  29  2919
14   12  18  1227
15   12  27  1509
16   14  32  2370
17   15  18   402
18   16  22   758
19   17  32  1956
20   18  26  1373
21   19  39  2579
22   22  39  3771
23   23  33  1098
24   23  34  1344
25   23  38  2239
26   23  41  1583
27   24  37  2737
28   25  40  2687
29   25  49  2311
30   28  48  2849
31   29  43  2028
32   31  42  2164
33   35  44  1996
34   37  51  2513
35   38  43  1595
36   38  45   966
End
