P-1	0 T0 22 
P0	1 T1 5 
P-1	1 T2 18 
P1	2 T3 13 
P-1	2 T4 29 
P-1	2 T5 69 
P-1	5 T6 18 
P-1	6 T7 17 
P-1	7 T8 36 
P0	8 T9 26 
P2	10 T10 20 
P3	11 T11 25 
P4	12 T12 29 
P1	14 T13 19 
P-1	17 T14 62 
P-1	18 T15 36 
P-1	18 T16 57 
P-1	18 T17 71 
P-1	21 T18 40 
P-1	22 T19 38 
P1	23 T20 34 
P2	26 T21 29 
P0	27 T22 39 
P2	30 T23 38 
P-1	31 T24 52 
P-1	31 T25 58 
P3	32 T26 34 
P4	34 T27 51 
P0	42 T28 50 
P1	43 T29 54 
P2	45 T30 60 
P3	50 T31 51 
P0	51 T32 62 
P3	53 T33 59 
P1	56 T34 62 
P4	56 T35 67 
P0	67 T36 68 
NMec = 97827
Viable Sol. = 3905891956
Profit = 22
T = 37
P = 5
Profits ignored
Solution time = 3.022e+01
Task data
00    0  22     1
01    1   5     1
02    1  18     1
03    2  13     1
04    2  29     1
05    2  69     1
06    5  18     1
07    6  17     1
08    7  36     1
09    8  26     1
10   10  20     1
11   11  25     1
12   12  29     1
13   14  19     1
14   17  62     1
15   18  36     1
16   18  57     1
17   18  71     1
18   21  40     1
19   22  38     1
20   23  34     1
21   26  29     1
22   27  39     1
23   30  38     1
24   31  52     1
25   31  58     1
26   32  34     1
27   34  51     1
28   42  50     1
29   43  54     1
30   45  60     1
31   50  51     1
32   51  62     1
33   53  59     1
34   56  62     1
35   56  67     1
36   67  68     1
End
