P0	0 T0 13 
P1	1 T1 4 
P2	1 T2 9 
P3	3 T3 5 
P4	3 T4 12 
P5	4 T5 7 
P6	4 T6 21 
P-1	4 T7 30 
P1	6 T8 13 
P3	6 T9 27 
P-1	6 T10 32 
P-1	10 T11 21 
P2	11 T12 23 
P5	11 T13 23 
P-1	12 T14 22 
P7	12 T15 35 
P4	13 T16 40 
P-1	15 T17 37 
P0	16 T18 32 
P-1	18 T19 30 
P-1	20 T20 34 
P1	21 T21 45 
P6	22 T22 26 
P-1	24 T23 31 
P-1	24 T24 31 
P-1	24 T25 34 
P-1	26 T26 33 
P2	26 T27 34 
P5	26 T28 36 
P-1	27 T29 29 
P-1	27 T30 30 
P3	28 T31 36 
P6	29 T32 43 
P0	34 T33 45 
P2	35 T34 46 
P7	36 T35 46 
P3	37 T36 44 
NMec = 97827
Viable Sol. = 35560293840
Profit = 52289
T = 37
P = 8
Profits not ignored
Solution time = 2.851e+02
Task data
00    0  13  2170
01    1   4   495
02    1   9  1857
03    3   5   550
04    3  12  1033
05    4   7   707
06    4  21  2992
07    4  30  2112
08    6  13  1088
09    6  27  3786
10    6  32  2922
11   10  21   768
12   11  23  3117
13   11  23  1479
14   12  22   873
15   12  35  3177
16   13  40  7064
17   15  37  1831
18   16  32  3077
19   18  30  1826
20   20  34  1104
21   21  45  5019
22   22  26   326
23   24  31  1686
24   24  31   608
25   24  34  1858
26   26  33  1344
27   26  34  2165
28   26  36  2073
29   27  29   296
30   27  30   690
31   28  36  2484
32   29  43  2991
33   34  45  1161
34   35  46   639
35   36  46  1754
36   37  44  1085
End
