P0	0 T0 22 
P1	1 T1 5 
P-1	1 T2 18 
P2	2 T3 13 
P3	2 T4 29 
P-1	2 T5 69 
P-1	5 T6 18 
P1	6 T7 17 
P-1	7 T8 36 
P-1	8 T9 26 
P-1	10 T10 20 
P-1	11 T11 25 
P4	12 T12 29 
P-1	14 T13 19 
P2	17 T14 62 
P-1	18 T15 36 
P-1	18 T16 57 
P1	18 T17 71 
P-1	21 T18 40 
P-1	22 T19 38 
P-1	23 T20 34 
P-1	26 T21 29 
P0	27 T22 39 
P-1	30 T23 38 
P3	31 T24 52 
P4	31 T25 58 
P-1	32 T26 34 
P-1	34 T27 51 
P0	42 T28 50 
P-1	43 T29 54 
P-1	45 T30 60 
P-1	50 T31 51 
P0	51 T32 62 
P3	53 T33 59 
P-1	56 T34 62 
P-1	56 T35 67 
P0	67 T36 68 
NMec = 97827
Viable Sol. = 3905891956
Profit = 57160
T = 37
P = 5
Profits not ignored
Solution time = 3.140e+01
Task data
00    0  22  4875
01    1   5   763
02    1  18  2447
03    2  13  1570
04    2  29  3266
05    2  69  4781
06    5  18  2062
07    6  17  1256
08    7  36  2416
09    8  26  2502
10   10  20  2049
11   11  25  1412
12   12  29  3856
13   14  19   668
14   17  62  9400
15   18  36  1359
16   18  57  3305
17   18  71 13705
18   21  40  1754
19   22  38  2385
20   23  34  1575
21   26  29   418
22   27  39  2791
23   30  38   828
24   31  52  5375
25   31  58  5502
26   32  34   437
27   34  51  1622
28   42  50   749
29   43  54   991
30   45  60  1880
31   50  51   158
32   51  62  2567
33   53  59  1237
34   56  62   525
35   56  67   910
36   67  68   248
End
