P0	0 T0 8 
P-1	0 T1 20 
P-1	0 T2 38 
P1	1 T3 17 
P2	3 T4 14 
P3	5 T5 12 
P4	5 T6 19 
P5	5 T7 25 
P6	7 T8 18 
P7	7 T9 25 
P-1	7 T10 37 
P-1	8 T11 28 
P0	9 T12 16 
P-1	10 T13 33 
P-1	12 T14 30 
P3	13 T15 20 
P8	14 T16 15 
P-1	15 T17 37 
P2	16 T18 23 
P-1	16 T19 28 
P-1	20 T20 35 
P0	21 T21 26 
P-1	21 T22 28 
P-1	21 T23 32 
P-1	21 T24 34 
P-1	22 T25 32 
P-1	22 T26 39 
P1	22 T27 39 
P3	23 T28 32 
P2	25 T29 37 
P4	25 T30 40 
P5	26 T31 34 
P6	26 T32 39 
P0	27 T33 29 
P7	27 T34 36 
P8	28 T35 35 
P0	31 T36 36 
NMec = 97827
Viable Sol. = 26883033958
Profit = 23
T = 37
P = 9
Profits ignored
Solution time = 2.802e+02
Task data
00    0   8     1
01    0  20     1
02    0  38     1
03    1  17     1
04    3  14     1
05    5  12     1
06    5  19     1
07    5  25     1
08    7  18     1
09    7  25     1
10    7  37     1
11    8  28     1
12    9  16     1
13   10  33     1
14   12  30     1
15   13  20     1
16   14  15     1
17   15  37     1
18   16  23     1
19   16  28     1
20   20  35     1
21   21  26     1
22   21  28     1
23   21  32     1
24   21  34     1
25   22  32     1
26   22  39     1
27   22  39     1
28   23  32     1
29   25  37     1
30   25  40     1
31   26  34     1
32   26  39     1
33   27  29     1
34   27  36     1
35   28  35     1
36   31  36     1
End
