P0	3 T0 10 
P0	38 T1 47 
P0	52 T2 65 
P0	73 T3 80 
P-1	70 T4 82 
P-1	75 T5 84 
P-1	71 T6 87 
P0	148 T7 156 
P0	160 T8 170 
P0	175 T9 177 
P-1	172 T10 180 
P-1	173 T11 187 
P-1	177 T12 191 
P0	178 T13 191 
P-1	187 T14 198 
P0	192 T15 212 
P0	233 T16 237 
P-1	53 T17 242 
P0	238 T18 243 
P-1	242 T19 250 
P-1	240 T20 260 
P-1	241 T21 262 
P0	253 T22 267 
P-1	255 T23 271 
P0	284 T24 293 
P-1	281 T25 297 
P0	310 T26 329 
P-1	324 T27 329 
P-1	313 T28 330 
P-1	319 T29 339 
P0	337 T30 343 
P0	351 T31 359 
P-1	353 T32 359 
P-1	343 T33 360 
P-1	357 T34 365 
P-1	357 T35 366 
P0	362 T36 368 
NMec = 97827
Viable Sol. = 0
Profit = 17
T = 37
P = 1
Profits ignored
Solution time = 6.308e-06
Task data
00    3  10     1
01   38  47     1
02   52  65     1
03   73  80     1
04   70  82     1
05   75  84     1
06   71  87     1
07  148 156     1
08  160 170     1
09  175 177     1
10  172 180     1
11  173 187     1
12  177 191     1
13  178 191     1
14  187 198     1
15  192 212     1
16  233 237     1
17   53 242     1
18  238 243     1
19  242 250     1
20  240 260     1
21  241 262     1
22  253 267     1
23  255 271     1
24  284 293     1
25  281 297     1
26  310 329     1
27  324 329     1
28  313 330     1
29  319 339     1
30  337 343     1
31  351 359     1
32  353 359     1
33  343 360     1
34  357 365     1
35  357 366     1
36  362 368     1
End
