P-1	0 T0 23 
P0	2 T1 8 
P1	3 T2 7 
P2	3 T3 21 
P-1	3 T4 52 
P3	6 T5 16 
P-1	6 T6 61 
P4	7 T7 10 
P5	7 T8 24 
P-1	11 T9 29 
P-1	11 T10 31 
P-1	12 T11 32 
P-1	12 T12 33 
P-1	13 T13 37 
P0	14 T14 19 
P-1	15 T15 55 
P0	20 T16 30 
P1	20 T17 39 
P2	22 T18 28 
P3	22 T19 36 
P-1	22 T20 56 
P4	24 T21 39 
P5	26 T22 31 
P-1	27 T23 46 
P0	31 T24 36 
P2	32 T25 40 
P-1	32 T26 52 
P5	33 T27 49 
P-1	33 T28 53 
P0	37 T29 44 
P1	42 T30 44 
P2	42 T31 56 
P3	43 T32 59 
P4	43 T33 59 
P0	46 T34 51 
P1	50 T35 57 
P5	51 T36 61 
NMec = 97827
Viable Sol. = 10521523196
Profit = 24
T = 37
P = 6
Profits ignored
Solution time = 9.647e+01
Task data
00    0  23     1
01    2   8     1
02    3   7     1
03    3  21     1
04    3  52     1
05    6  16     1
06    6  61     1
07    7  10     1
08    7  24     1
09   11  29     1
10   11  31     1
11   12  32     1
12   12  33     1
13   13  37     1
14   14  19     1
15   15  55     1
16   20  30     1
17   20  39     1
18   22  28     1
19   22  36     1
20   22  56     1
21   24  39     1
22   26  31     1
23   27  46     1
24   31  36     1
25   32  40     1
26   32  52     1
27   33  49     1
28   33  53     1
29   37  44     1
30   42  44     1
31   42  56     1
32   43  59     1
33   43  59     1
34   46  51     1
35   50  57     1
36   51  61     1
End
