P-1	0 T0 15 
P-1	0 T1 183 
P0	2 T2 21 
P-1	4 T3 21 
P-1	12 T4 24 
P1	12 T5 173 
P-1	14 T6 26 
P-1	14 T7 35 
P-1	18 T8 22 
P-1	21 T9 30 
P0	23 T10 32 
P-1	26 T11 46 
P-1	28 T12 46 
P-1	31 T13 37 
P-1	35 T14 48 
P-1	36 T15 56 
P-1	40 T16 66 
P0	41 T17 44 
P-1	41 T18 57 
P-1	46 T19 61 
P0	48 T20 72 
P-1	51 T21 70 
P-1	54 T22 60 
P-1	56 T23 66 
P-1	57 T24 69 
P-1	68 T25 81 
P-1	70 T26 90 
P-1	74 T27 84 
P0	76 T28 92 
P-1	85 T29 94 
P-1	89 T30 98 
P-1	91 T31 104 
P0	94 T32 100 
P0	106 T33 121 
P0	131 T34 143 
P-1	132 T35 145 
P0	144 T36 155 
NMec = 97827
Viable Sol. = 61846473
Profit = 48279
T = 37
P = 2
Profits not ignored
Solution time = 4.806e-01
Task data
00    0  15  1929
01    0 183 11550
02    2  21  4099
03    4  21  1666
04   12  24   816
05   12 173 24664
06   14  26  1092
07   14  35  2097
08   18  22   351
09   21  30  1534
10   23  32  2883
11   26  46  2499
12   28  46  1884
13   31  37  1955
14   35  48  1598
15   36  56  2684
16   40  66  5519
17   41  44   351
18   41  57  1878
19   46  61  2865
20   48  72  5550
21   51  70  1755
22   54  60   909
23   56  66  1753
24   57  69  1958
25   68  81  1315
26   70  90  2262
27   74  84  1816
28   76  92  3786
29   85  94  1506
30   89  98  2599
31   91 104  1459
32   94 100  1852
33  106 121  1398
34  131 143  1726
35  132 145   767
36  144 155  1970
End
