P0	0 T0 4 
P-1	0 T1 9 
P-1	1 T2 12 
P-1	1 T3 22 
P1	1 T4 23 
P2	2 T5 13 
P3	2 T6 15 
P4	3 T7 19 
P-1	3 T8 30 
P5	4 T9 12 
P0	5 T10 10 
P6	5 T11 15 
P7	6 T12 16 
P8	9 T13 10 
P0	11 T14 13 
P-1	11 T15 32 
P-1	14 T16 27 
P-1	14 T17 31 
P-1	14 T18 36 
P0	15 T19 23 
P2	15 T20 24 
P-1	16 T21 26 
P-1	16 T22 41 
P-1	17 T23 31 
P-1	18 T24 30 
P3	19 T25 36 
P4	20 T26 29 
P5	20 T27 34 
P6	20 T28 36 
P7	21 T29 38 
P0	25 T30 30 
P1	26 T31 28 
P2	26 T32 33 
P8	26 T33 34 
P1	29 T34 39 
P0	31 T35 39 
P4	32 T36 35 
P2	36 T37 41 
NMec = 97827
Viable Sol. = 126449711016
Profit = 26
T = 38
P = 9
Profits ignored
Solution time = 1.016e+03
Task data
00    0   4     1
01    0   9     1
02    1  12     1
03    1  22     1
04    1  23     1
05    2  13     1
06    2  15     1
07    3  19     1
08    3  30     1
09    4  12     1
10    5  10     1
11    5  15     1
12    6  16     1
13    9  10     1
14   11  13     1
15   11  32     1
16   14  27     1
17   14  31     1
18   14  36     1
19   15  23     1
20   15  24     1
21   16  26     1
22   16  41     1
23   17  31     1
24   18  30     1
25   19  36     1
26   20  29     1
27   20  34     1
28   20  36     1
29   21  38     1
30   25  30     1
31   26  28     1
32   26  33     1
33   26  34     1
34   29  39     1
35   31  39     1
36   32  35     1
37   36  41     1
End
