P0	1 T0 17 
P-1	1 T1 22 
P-1	1 T2 169 
P1	3 T3 16 
P-1	13 T4 165 
P0	18 T5 34 
P1	20 T6 42 
P-1	53 T7 136 
P-1	55 T8 63 
P-1	55 T9 72 
P0	60 T10 69 
P1	60 T11 75 
P-1	64 T12 83 
P-1	75 T13 83 
P-1	76 T14 96 
P-1	78 T15 171 
P0	79 T16 91 
P1	80 T17 90 
P1	91 T18 111 
P0	98 T19 106 
P0	109 T20 119 
P-1	114 T21 131 
P-1	122 T22 133 
P0	123 T23 127 
P1	125 T24 135 
P-1	126 T25 149 
P-1	137 T26 150 
P0	140 T27 147 
P1	141 T28 148 
P-1	147 T29 154 
P-1	147 T30 158 
P-1	150 T31 167 
P0	153 T32 156 
P1	154 T33 165 
P0	163 T34 166 
P-1	164 T35 186 
P0	171 T36 179 
P1	171 T37 182 
NMec = 97827
Viable Sol. = 392711244
Profit = 20
T = 38
P = 2
Profits ignored
Solution time = 3.511e+00
Task data
00    1  17     1
01    1  22     1
02    1 169     1
03    3  16     1
04   13 165     1
05   18  34     1
06   20  42     1
07   53 136     1
08   55  63     1
09   55  72     1
10   60  69     1
11   60  75     1
12   64  83     1
13   75  83     1
14   76  96     1
15   78 171     1
16   79  91     1
17   80  90     1
18   91 111     1
19   98 106     1
20  109 119     1
21  114 131     1
22  122 133     1
23  123 127     1
24  125 135     1
25  126 149     1
26  137 150     1
27  140 147     1
28  141 148     1
29  147 154     1
30  147 158     1
31  150 167     1
32  153 156     1
33  154 165     1
34  163 166     1
35  164 186     1
36  171 179     1
37  171 182     1
End
