P0	0 T0 8 
P-1	0 T1 22 
P1	1 T2 14 
P2	2 T3 8 
P3	7 T4 11 
P-1	10 T5 23 
P0	10 T6 32 
P2	10 T7 92 
P3	12 T8 84 
P-1	14 T9 25 
P1	17 T10 36 
P-1	20 T11 55 
P-1	21 T12 41 
P-1	22 T13 26 
P-1	27 T14 29 
P-1	27 T15 36 
P-1	31 T16 49 
P-1	32 T17 47 
P0	34 T18 42 
P-1	36 T19 45 
P-1	37 T20 44 
P1	37 T21 47 
P-1	37 T22 82 
P-1	40 T23 46 
P-1	43 T24 59 
P0	46 T25 66 
P-1	48 T26 51 
P1	49 T27 54 
P-1	49 T28 58 
P-1	57 T29 66 
P1	58 T30 79 
P-1	59 T31 69 
P-1	63 T32 74 
P-1	66 T33 78 
P-1	66 T34 80 
P0	69 T35 81 
P-1	73 T36 79 
P-1	74 T37 82 
NMec = 97827
Viable Sol. = 8147520487
Profit = 59234
T = 38
P = 4
Profits not ignored
Solution time = 7.387e+01
Task data
00    0   8  1146
01    0  22  3079
02    1  14  1629
03    2   8   802
04    7  11   592
05   10  23  2290
06   10  32  3367
07   10  92 13406
08   12  84 18403
09   14  25  1976
10   17  36  2654
11   20  55  5681
12   21  41  3595
13   22  26   869
14   27  29   250
15   27  36   667
16   31  49  2624
17   32  47  1917
18   34  42  1448
19   36  45   885
20   37  44   699
21   37  47  2023
22   37  82  6130
23   40  46   549
24   43  59  1503
25   46  66  5115
26   48  51   257
27   49  54  1367
28   49  58  1549
29   57  66  1550
30   58  79  4069
31   59  69   929
32   63  74  1214
33   66  78  1704
34   66  80  3381
35   69  81  3213
36   73  79   714
37   74  82  1085
End
