P0	1 T0 2 
P1	2 T1 13 
P0	3 T2 24 
P-1	3 T3 49 
P2	3 T4 59 
P-1	6 T5 59 
P3	7 T6 12 
P4	7 T7 25 
P-1	9 T8 31 
P5	12 T9 19 
P1	14 T10 28 
P-1	14 T11 38 
P-1	14 T12 38 
P3	16 T13 33 
P-1	23 T14 27 
P5	23 T15 29 
P-1	26 T16 32 
P-1	27 T17 32 
P-1	28 T18 43 
P0	28 T19 54 
P-1	29 T20 31 
P1	29 T21 52 
P-1	30 T22 33 
P-1	30 T23 36 
P4	30 T24 49 
P5	31 T25 43 
P3	34 T26 46 
P-1	41 T27 54 
P-1	43 T28 61 
P-1	44 T29 58 
P5	45 T30 54 
P-1	46 T31 54 
P-1	47 T32 54 
P3	47 T33 62 
P-1	49 T34 57 
P-1	49 T35 59 
P4	50 T36 60 
P1	54 T37 61 
NMec = 97827
Viable Sol. = 16002212910
Profit = 53492
T = 38
P = 6
Profits not ignored
Solution time = 1.561e+02
Task data
00    1   2   235
01    2  13  2160
02    3  24  2436
03    3  49  3833
04    3  59  8922
05    6  59  4330
06    7  12   882
07    7  25  3927
08    9  31  1462
09   12  19  1476
10   14  28  4007
11   14  38  3835
12   14  38  2267
13   16  33  3428
14   23  27   605
15   23  29   930
16   26  32   734
17   27  32   840
18   28  43  1541
19   28  54  5724
20   29  31   558
21   29  52  3651
22   30  33   753
23   30  36  1137
24   30  49  2794
25   31  43  2098
26   34  46  1986
27   41  54  2296
28   43  61  2248
29   44  58  1856
30   45  54  2847
31   46  54  2366
32   47  54  1406
33   47  62  2157
34   49  57   938
35   49  59  1223
36   50  60  2808
37   54  61  1024
End
