P0	1 T0 53 
P1	1 T1 63 
P2	3 T2 8 
P-1	4 T3 71 
P3	6 T4 27 
P-1	6 T5 50 
P4	7 T6 13 
P-1	11 T7 25 
P-1	13 T8 23 
P2	13 T9 32 
P-1	15 T10 37 
P4	16 T11 19 
P-1	16 T12 36 
P-1	18 T13 36 
P-1	19 T14 43 
P4	20 T15 32 
P-1	20 T16 75 
P-1	22 T17 31 
P-1	23 T18 29 
P-1	24 T19 29 
P-1	24 T20 31 
P-1	32 T21 49 
P2	33 T22 35 
P3	34 T23 48 
P4	34 T24 55 
P2	37 T25 72 
P-1	40 T26 44 
P-1	42 T27 63 
P-1	44 T28 60 
P-1	46 T29 61 
P-1	47 T30 60 
P-1	48 T31 56 
P3	49 T32 73 
P-1	57 T33 63 
P-1	58 T34 63 
P0	61 T35 71 
P4	62 T36 74 
P1	66 T37 69 
NMec = 97827
Viable Sol. = 4768855744
Profit = 47873
T = 38
P = 5
Profits not ignored
Solution time = 4.025e+01
Task data
00    1  53  6349
01    1  63  8743
02    3   8  1721
03    4  71  5907
04    6  27  4295
05    6  50  4631
06    7  13   975
07   11  25  1990
08   13  23  2552
09   13  32  4277
10   15  37  2915
11   16  19   319
12   16  36  1717
13   18  36  1452
14   19  43  2967
15   20  32  2520
16   20  75  6037
17   22  31  1882
18   23  29  1721
19   24  29   962
20   24  31   936
21   32  49  2071
22   33  35   497
23   34  48  1757
24   34  55  3447
25   37  72  5914
26   40  44   618
27   42  63  3198
28   44  60  2296
29   46  61  1960
30   47  60  1422
31   48  56   791
32   49  73  2808
33   57  63  1221
34   58  63  1070
35   61  71  1933
36   62  74  1627
37   66  69   691
End
