P-1	1 T0 53 
P-1	1 T1 63 
P0	3 T2 8 
P-1	4 T3 71 
P-1	6 T4 27 
P-1	6 T5 50 
P1	7 T6 13 
P-1	11 T7 25 
P0	13 T8 23 
P-1	13 T9 32 
P-1	15 T10 37 
P1	16 T11 19 
P-1	16 T12 36 
P-1	18 T13 36 
P-1	19 T14 43 
P1	20 T15 32 
P-1	20 T16 75 
P2	22 T17 31 
P3	23 T18 29 
P0	24 T19 29 
P4	24 T20 31 
P-1	32 T21 49 
P0	33 T22 35 
P1	34 T23 48 
P2	34 T24 55 
P-1	37 T25 72 
P0	40 T26 44 
P-1	42 T27 63 
P-1	44 T28 60 
P0	46 T29 61 
P3	47 T30 60 
P4	48 T31 56 
P1	49 T32 73 
P2	57 T33 63 
P4	58 T34 63 
P3	61 T35 71 
P0	62 T36 74 
P2	66 T37 69 
NMec = 97827
Viable Sol. = 4768855744
Profit = 22
T = 38
P = 5
Profits ignored
Solution time = 3.881e+01
Task data
00    1  53     1
01    1  63     1
02    3   8     1
03    4  71     1
04    6  27     1
05    6  50     1
06    7  13     1
07   11  25     1
08   13  23     1
09   13  32     1
10   15  37     1
11   16  19     1
12   16  36     1
13   18  36     1
14   19  43     1
15   20  32     1
16   20  75     1
17   22  31     1
18   23  29     1
19   24  29     1
20   24  31     1
21   32  49     1
22   33  35     1
23   34  48     1
24   34  55     1
25   37  72     1
26   40  44     1
27   42  63     1
28   44  60     1
29   46  61     1
30   47  60     1
31   48  56     1
32   49  73     1
33   57  63     1
34   58  63     1
35   61  71     1
36   62  74     1
37   66  69     1
End
