P0	1 T0 17 
P1	1 T1 22 
P-1	1 T2 169 
P-1	3 T3 16 
P-1	13 T4 165 
P-1	18 T5 34 
P0	20 T6 42 
P-1	53 T7 136 
P0	55 T8 63 
P1	55 T9 72 
P-1	60 T10 69 
P-1	60 T11 75 
P0	64 T12 83 
P-1	75 T13 83 
P-1	76 T14 96 
P1	78 T15 171 
P-1	79 T16 91 
P-1	80 T17 90 
P0	91 T18 111 
P-1	98 T19 106 
P-1	109 T20 119 
P-1	114 T21 131 
P-1	122 T22 133 
P-1	123 T23 127 
P0	125 T24 135 
P-1	126 T25 149 
P-1	137 T26 150 
P0	140 T27 147 
P-1	141 T28 148 
P-1	147 T29 154 
P-1	147 T30 158 
P0	150 T31 167 
P-1	153 T32 156 
P-1	154 T33 165 
P-1	163 T34 166 
P-1	164 T35 186 
P-1	171 T36 179 
P0	171 T37 182 
NMec = 97827
Viable Sol. = 392711244
Profit = 56596
T = 38
P = 2
Profits not ignored
Solution time = 3.284e+00
Task data
00    1  17  4056
01    1  22  4628
02    1 169 19155
03    3  16  2591
04   13 165 16154
05   18  34  1748
06   20  42  3242
07   53 136 11190
08   55  63  1227
09   55  72  3752
10   60  69   858
11   60  75  2934
12   64  83  3320
13   75  83   940
14   76  96  2932
15   78 171 19271
16   79  91  1295
17   80  90  1594
18   91 111  5750
19   98 106   686
20  109 119  2330
21  114 131  1221
22  122 133  1731
23  123 127   709
24  125 135  2985
25  126 149  2725
26  137 150  2565
27  140 147  1225
28  141 148  1140
29  147 154  1970
30  147 158  1126
31  150 167  3563
32  153 156   399
33  154 165  1242
34  163 166   533
35  164 186  4084
36  171 179   985
37  171 182  3577
End
