P0	16 T0 35 
P-1	30 T1 35 
P-1	7 T2 39 
P-1	24 T3 43 
P0	54 T4 64 
P0	95 T5 106 
P-1	101 T6 118 
P0	134 T7 145 
P-1	134 T8 146 
P-1	126 T9 149 
P0	155 T10 160 
P-1	155 T11 166 
P0	163 T12 168 
P-1	49 T13 183 
P0	177 T14 187 
P-1	180 T15 198 
P0	191 T16 200 
P-1	191 T17 200 
P-1	196 T18 214 
P0	222 T19 231 
P-1	214 T20 238 
P-1	28 T21 249 
P0	240 T22 251 
P-1	245 T23 251 
P0	278 T24 286 
P-1	282 T25 287 
P-1	280 T26 290 
P0	314 T27 319 
P-1	317 T28 321 
P-1	227 T29 327 
P-1	316 T30 331 
P0	320 T31 332 
P-1	9 T32 334 
P-1	326 T33 343 
P0	344 T34 352 
P-1	188 T35 367 
P0	369 T36 375 
P-1	361 T37 376 
NMec = 97827
Viable Sol. = 0
Profit = 15
T = 38
P = 1
Profits ignored
Solution time = 6.478e-06
Task data
00   16  35     1
01   30  35     1
02    7  39     1
03   24  43     1
04   54  64     1
05   95 106     1
06  101 118     1
07  134 145     1
08  134 146     1
09  126 149     1
10  155 160     1
11  155 166     1
12  163 168     1
13   49 183     1
14  177 187     1
15  180 198     1
16  191 200     1
17  191 200     1
18  196 214     1
19  222 231     1
20  214 238     1
21   28 249     1
22  240 251     1
23  245 251     1
24  278 286     1
25  282 287     1
26  280 290     1
27  314 319     1
28  317 321     1
29  227 327     1
30  316 331     1
31  320 332     1
32    9 334     1
33  326 343     1
34  344 352     1
35  188 367     1
36  369 375     1
37  361 376     1
End
