P0	0 T0 8 
P-1	0 T1 22 
P1	1 T2 14 
P2	2 T3 8 
P3	7 T4 11 
P-1	10 T5 23 
P0	10 T6 32 
P-1	10 T7 92 
P-1	12 T8 84 
P2	14 T9 25 
P1	17 T10 36 
P-1	20 T11 55 
P-1	21 T12 41 
P3	22 T13 26 
P2	27 T14 29 
P3	27 T15 36 
P-1	31 T16 49 
P-1	32 T17 47 
P-1	34 T18 42 
P0	36 T19 45 
P1	37 T20 44 
P2	37 T21 47 
P-1	37 T22 82 
P3	40 T23 46 
P-1	43 T24 59 
P0	46 T25 66 
P1	48 T26 51 
P2	49 T27 54 
P3	49 T28 58 
P1	57 T29 66 
P-1	58 T30 79 
P2	59 T31 69 
P-1	63 T32 74 
P-1	66 T33 78 
P3	66 T34 80 
P0	69 T35 81 
P1	73 T36 79 
P2	74 T37 82 
NMec = 97827
Viable Sol. = 8147520487
Profit = 24
T = 38
P = 4
Profits ignored
Solution time = 7.024e+01
Task data
00    0   8     1
01    0  22     1
02    1  14     1
03    2   8     1
04    7  11     1
05   10  23     1
06   10  32     1
07   10  92     1
08   12  84     1
09   14  25     1
10   17  36     1
11   20  55     1
12   21  41     1
13   22  26     1
14   27  29     1
15   27  36     1
16   31  49     1
17   32  47     1
18   34  42     1
19   36  45     1
20   37  44     1
21   37  47     1
22   37  82     1
23   40  46     1
24   43  59     1
25   46  66     1
26   48  51     1
27   49  54     1
28   49  58     1
29   57  66     1
30   58  79     1
31   59  69     1
32   63  74     1
33   66  78     1
34   66  80     1
35   69  81     1
36   73  79     1
37   74  82     1
End
