P0	0 T0 4 
P-1	0 T1 9 
P1	1 T2 12 
P2	1 T3 22 
P3	1 T4 23 
P4	2 T5 13 
P-1	2 T6 15 
P5	3 T7 19 
P6	3 T8 30 
P-1	4 T9 12 
P0	5 T10 10 
P7	5 T11 15 
P8	6 T12 16 
P-1	9 T13 10 
P0	11 T14 13 
P-1	11 T15 32 
P-1	14 T16 27 
P-1	14 T17 31 
P0	14 T18 36 
P-1	15 T19 23 
P-1	15 T20 24 
P-1	16 T21 26 
P1	16 T22 41 
P-1	17 T23 31 
P4	18 T24 30 
P7	19 T25 36 
P-1	20 T26 29 
P5	20 T27 34 
P8	20 T28 36 
P-1	21 T29 38 
P-1	25 T30 30 
P2	26 T31 28 
P-1	26 T32 33 
P3	26 T33 34 
P2	29 T34 39 
P4	31 T35 39 
P6	32 T36 35 
P3	36 T37 41 
NMec = 97827
Viable Sol. = 126449711016
Profit = 53090
T = 38
P = 9
Profits not ignored
Solution time = 1.061e+03
Task data
00    0   4  1304
01    0   9   936
02    1  12  2181
03    1  22  3250
04    1  23  5133
05    2  13  1375
06    2  15   966
07    3  19  2850
08    3  30  4021
09    4  12  1056
10    5  10  1325
11    5  15  1184
12    6  16  2959
13    9  10   412
14   11  13   241
15   11  32  1922
16   14  27  1502
17   14  31  1413
18   14  36  3129
19   15  23  1180
20   15  24  1589
21   16  26  1715
22   16  41  5012
23   17  31  2022
24   18  30  2783
25   19  36  2435
26   20  29  1293
27   20  34  2736
28   20  36  3984
29   21  38  1158
30   25  30   661
31   26  28   508
32   26  33   618
33   26  34  1483
34   29  39  2163
35   31  39  1622
36   32  35   536
37   36  41   876
End
