P0	1 T0 2 
P1	2 T1 13 
P0	3 T2 24 
P-1	3 T3 49 
P-1	3 T4 59 
P-1	6 T5 59 
P2	7 T6 12 
P3	7 T7 25 
P-1	9 T8 31 
P4	12 T9 19 
P1	14 T10 28 
P-1	14 T11 38 
P-1	14 T12 38 
P-1	16 T13 33 
P2	23 T14 27 
P4	23 T15 29 
P-1	26 T16 32 
P-1	27 T17 32 
P-1	28 T18 43 
P-1	28 T19 54 
P0	29 T20 31 
P1	29 T21 52 
P2	30 T22 33 
P3	30 T23 36 
P4	30 T24 49 
P5	31 T25 43 
P0	34 T26 46 
P-1	41 T27 54 
P-1	43 T28 61 
P-1	44 T29 58 
P-1	45 T30 54 
P-1	46 T31 54 
P0	47 T32 54 
P2	47 T33 62 
P3	49 T34 57 
P5	49 T35 59 
P4	50 T36 60 
P1	54 T37 61 
NMec = 97827
Viable Sol. = 16002212910
Profit = 22
T = 38
P = 6
Profits ignored
Solution time = 1.605e+02
Task data
00    1   2     1
01    2  13     1
02    3  24     1
03    3  49     1
04    3  59     1
05    6  59     1
06    7  12     1
07    7  25     1
08    9  31     1
09   12  19     1
10   14  28     1
11   14  38     1
12   14  38     1
13   16  33     1
14   23  27     1
15   23  29     1
16   26  32     1
17   27  32     1
18   28  43     1
19   28  54     1
20   29  31     1
21   29  52     1
22   30  33     1
23   30  36     1
24   30  49     1
25   31  43     1
26   34  46     1
27   41  54     1
28   43  61     1
29   44  58     1
30   45  54     1
31   46  54     1
32   47  54     1
33   47  62     1
34   49  57     1
35   49  59     1
36   50  60     1
37   54  61     1
End
