P0	0 T0 10 
P-1	1 T1 26 
P-1	1 T2 29 
P1	2 T3 19 
P-1	2 T4 26 
P2	3 T5 12 
P3	3 T6 16 
P-1	3 T7 22 
P-1	4 T8 20 
P-1	4 T9 28 
P-1	6 T10 21 
P-1	6 T11 30 
P-1	7 T12 24 
P4	8 T13 20 
P5	9 T14 16 
P-1	9 T15 28 
P-1	9 T16 31 
P-1	9 T17 31 
P0	11 T18 23 
P-1	13 T19 26 
P-1	13 T20 27 
P-1	13 T21 31 
P-1	13 T22 31 
P2	14 T23 18 
P-1	14 T24 29 
P-1	14 T25 33 
P-1	15 T26 30 
P6	15 T27 30 
P3	17 T28 25 
P5	18 T29 23 
P2	19 T30 29 
P7	19 T31 31 
P8	19 T32 33 
P9	19 T33 35 
P1	20 T34 35 
P4	22 T35 35 
P0	24 T36 31 
P5	25 T37 33 
NMec = 97827
Viable Sol. = 11510039419
Profit = 19
T = 38
P = 10
Profits ignored
Solution time = 1.207e+02
Task data
00    0  10     1
01    1  26     1
02    1  29     1
03    2  19     1
04    2  26     1
05    3  12     1
06    3  16     1
07    3  22     1
08    4  20     1
09    4  28     1
10    6  21     1
11    6  30     1
12    7  24     1
13    8  20     1
14    9  16     1
15    9  28     1
16    9  31     1
17    9  31     1
18   11  23     1
19   13  26     1
20   13  27     1
21   13  31     1
22   13  31     1
23   14  18     1
24   14  29     1
25   14  33     1
26   15  30     1
27   15  30     1
28   17  25     1
29   18  23     1
30   19  29     1
31   19  31     1
32   19  33     1
33   19  35     1
34   20  35     1
35   22  35     1
36   24  31     1
37   25  33     1
End
