P-1	2 T0 19 
P0	2 T1 353 
P-1	9 T2 17 
P-1	13 T3 17 
P-1	15 T4 20 
P-1	17 T5 24 
P-1	20 T6 44 
P-1	26 T7 30 
P-1	38 T8 44 
P-1	46 T9 66 
P-1	48 T10 73 
P-1	65 T11 72 
P-1	72 T12 85 
P-1	107 T13 120 
P-1	110 T14 116 
P-1	120 T15 135 
P-1	120 T16 138 
P-1	173 T17 180 
P-1	177 T18 199 
P-1	185 T19 195 
P-1	186 T20 194 
P-1	187 T21 195 
P-1	204 T22 374 
P-1	206 T23 214 
P-1	209 T24 235 
P-1	233 T25 241 
P-1	245 T26 270 
P-1	260 T27 283 
P-1	276 T28 298 
P-1	302 T29 312 
P-1	310 T30 320 
P-1	314 T31 320 
P-1	322 T32 333 
P-1	343 T33 357 
P-1	347 T34 359 
P-1	348 T35 367 
P0	356 T36 364 
P-1	357 T37 362 
P0	366 T38 389 
NMec = 97827
Viable Sol. = 29116590
Profit = 51931
T = 39
P = 1
Profits not ignored
Solution time = 2.720e-01
Task data
00    2  19  4199
01    2 353 46068
02    9  17  2058
03   13  17  1022
04   15  20  1205
05   17  24  1455
06   20  44  2305
07   26  30   503
08   38  44   951
09   46  66  3618
10   48  73  3101
11   65  72  1880
12   72  85  2350
13  107 120   960
14  110 116  1033
15  120 135  3668
16  120 138  4156
17  173 180   885
18  177 199  2713
19  185 195   975
20  186 194  1101
21  187 195  1934
22  204 374 22480
23  206 214  2164
24  209 235  3773
25  233 241  1316
26  245 270  1786
27  260 283  2514
28  276 298  3729
29  302 312  1594
30  310 320  1286
31  314 320  1365
32  322 333  1116
33  343 357  1205
34  347 359  1001
35  348 367  4437
36  356 364  2427
37  357 362  1067
38  366 389  3436
End
