P0	0 T0 10 
P1	0 T1 62 
P2	1 T2 18 
P-1	2 T3 18 
P3	6 T4 19 
P-1	10 T5 23 
P-1	12 T6 21 
P-1	14 T7 33 
P-1	14 T8 40 
P-1	16 T9 31 
P-1	17 T10 59 
P0	18 T11 30 
P2	21 T12 31 
P-1	23 T13 37 
P3	26 T14 34 
P-1	31 T15 47 
P-1	32 T16 35 
P0	33 T17 36 
P2	33 T18 52 
P-1	34 T19 43 
P3	35 T20 45 
P-1	35 T21 57 
P0	37 T22 43 
P0	44 T23 80 
P-1	46 T24 49 
P-1	46 T25 60 
P3	46 T26 68 
P-1	48 T27 93 
P-1	52 T28 66 
P2	59 T29 72 
P-1	60 T30 82 
P-1	61 T31 68 
P-1	64 T32 75 
P1	67 T33 74 
P3	69 T34 83 
P1	79 T35 92 
P2	80 T36 91 
P0	83 T37 97 
P3	89 T38 91 
NMec = 97827
Viable Sol. = 16234354440
Profit = 50955
T = 39
P = 4
Profits not ignored
Solution time = 1.156e+02
Task data
00    0  10  1264
01    0  62  7073
02    1  18  3343
03    2  18  1117
04    6  19  2132
05   10  23  1748
06   12  21  1307
07   14  33  1971
08   14  40  2352
09   16  31  1465
10   17  59  4936
11   18  30  2894
12   21  31  1744
13   23  37  1216
14   26  34   654
15   31  47  1752
16   32  35   430
17   33  36   478
18   33  52  4710
19   34  43  1015
20   35  45  1848
21   35  57  4035
22   37  43  1559
23   44  80  6396
24   46  49   275
25   46  60  1939
26   46  68  3765
27   48  93  5853
28   52  66  3268
29   59  72  2844
30   60  82  2023
31   61  68  1143
32   64  75   846
33   67  74  1666
34   69  83  2061
35   79  92   889
36   80  91  1640
37   83  97  3201
38   89  91   794
End
