P0	2 T0 188 
P1	12 T1 18 
P-1	15 T2 54 
P-1	18 T3 25 
P-1	18 T4 37 
P1	19 T5 39 
P-1	33 T6 45 
P-1	34 T7 35 
P-1	38 T8 45 
P1	40 T9 61 
P-1	46 T10 57 
P-1	52 T11 64 
P-1	52 T12 74 
P1	63 T13 92 
P-1	69 T14 84 
P-1	74 T15 84 
P-1	79 T16 92 
P-1	82 T17 174 
P-1	88 T18 94 
P-1	89 T19 98 
P-1	99 T20 105 
P1	100 T21 103 
P-1	105 T22 116 
P-1	105 T23 119 
P1	105 T24 126 
P-1	106 T25 115 
P-1	107 T26 148 
P-1	110 T27 122 
P-1	114 T28 127 
P-1	117 T29 174 
P1	129 T30 136 
P-1	132 T31 134 
P1	140 T32 161 
P-1	154 T33 162 
P-1	161 T34 167 
P1	167 T35 175 
P-1	169 T36 174 
P-1	180 T37 188 
P1	185 T38 192 
NMec = 97827
Viable Sol. = 1472574086
Profit = 46315
T = 39
P = 2
Profits not ignored
Solution time = 9.598e+00
Task data
00    2 188 23236
01   12  18  1434
02   15  54  4236
03   18  25  1828
04   18  37  2925
05   19  39  2771
06   33  45  1115
07   34  35   226
08   38  45   974
09   40  61  2717
10   46  57  1116
11   52  64  1199
12   52  74  3850
13   63  92  4270
14   69  84  2002
15   74  84   996
16   79  92  1648
17   82 174  6838
18   88  94   684
19   89  98  1030
20   99 105   860
21  100 103   716
22  105 116  2067
23  105 119  2505
24  105 126  3090
25  106 115  1665
26  107 148  2349
27  110 122  2354
28  114 127  1983
29  117 174  5002
30  129 136  1591
31  132 134   416
32  140 161  3806
33  154 162  2070
34  161 167   493
35  167 175   872
36  169 174   855
37  180 188   725
38  185 192  1812
End
