P0	9 T0 17 
P-1	13 T1 17 
P-1	2 T2 19 
P-1	15 T3 20 
P-1	17 T4 24 
P0	26 T5 30 
P-1	20 T6 44 
P0	38 T7 44 
P0	46 T8 66 
P-1	65 T9 72 
P-1	48 T10 73 
P0	72 T11 85 
P0	110 T12 116 
P-1	107 T13 120 
P0	120 T14 135 
P-1	120 T15 138 
P0	173 T16 180 
P0	186 T17 194 
P-1	185 T18 195 
P-1	187 T19 195 
P-1	177 T20 199 
P0	206 T21 214 
P-1	209 T22 235 
P0	233 T23 241 
P0	245 T24 270 
P-1	260 T25 283 
P0	276 T26 298 
P0	302 T27 312 
P-1	310 T28 320 
P0	314 T29 320 
P0	322 T30 333 
P-1	2 T31 353 
P0	343 T32 357 
P-1	347 T33 359 
P-1	357 T34 362 
P-1	356 T35 364 
P-1	348 T36 367 
P-1	204 T37 374 
P0	366 T38 389 
NMec = 97827
Viable Sol. = 0
Profit = 18
T = 39
P = 1
Profits ignored
Solution time = 9.516e-06
Task data
00    9  17     1
01   13  17     1
02    2  19     1
03   15  20     1
04   17  24     1
05   26  30     1
06   20  44     1
07   38  44     1
08   46  66     1
09   65  72     1
10   48  73     1
11   72  85     1
12  110 116     1
13  107 120     1
14  120 135     1
15  120 138     1
16  173 180     1
17  186 194     1
18  185 195     1
19  187 195     1
20  177 199     1
21  206 214     1
22  209 235     1
23  233 241     1
24  245 270     1
25  260 283     1
26  276 298     1
27  302 312     1
28  310 320     1
29  314 320     1
30  322 333     1
31    2 353     1
32  343 357     1
33  347 359     1
34  357 362     1
35  356 364     1
36  348 367     1
37  204 374     1
38  366 389     1
End
