P0	2 T0 9 
P1	2 T1 26 
P2	2 T2 55 
P3	4 T3 22 
P4	6 T4 23 
P5	8 T5 16 
P-1	9 T6 50 
P0	10 T7 29 
P-1	11 T8 32 
P-1	14 T9 20 
P-1	15 T10 18 
P-1	17 T11 32 
P-1	17 T12 41 
P-1	18 T13 26 
P5	18 T14 42 
P-1	21 T15 41 
P-1	21 T16 43 
P3	24 T17 41 
P-1	24 T18 43 
P4	25 T19 40 
P-1	25 T20 47 
P1	27 T21 36 
P-1	29 T22 38 
P0	31 T23 49 
P-1	36 T24 47 
P-1	36 T25 54 
P-1	37 T26 48 
P-1	37 T27 53 
P1	38 T28 45 
P-1	38 T29 52 
P-1	39 T30 46 
P4	41 T31 54 
P3	43 T32 52 
P5	45 T33 60 
P1	48 T34 64 
P-1	52 T35 59 
P0	52 T36 62 
P2	56 T37 64 
P3	61 T38 63 
NMec = 97827
Viable Sol. = 20680043572
Profit = 51541
T = 39
P = 6
Profits not ignored
Solution time = 1.406e+02
Task data
00    2   9  1384
01    2  26  2129
02    2  55  7426
03    4  22  3200
04    6  23  1597
05    8  16  1627
06    9  50  2327
07   10  29  3966
08   11  32  2431
09   14  20   840
10   15  18   859
11   17  32  1915
12   17  41  3430
13   18  26   946
14   18  42  5511
15   21  41  2135
16   21  43  1852
17   24  41  3244
18   24  43  1884
19   25  40  2579
20   25  47  2861
21   27  36  1610
22   29  38  1582
23   31  49  3593
24   36  47  1593
25   36  54  1376
26   37  48  1436
27   37  53   954
28   38  45  1639
29   38  52  1710
30   39  46   531
31   41  54  2170
32   43  52  2862
33   45  60  2078
34   48  64  1646
35   52  59  1130
36   52  62  1516
37   56  64  1357
38   61  63   407
End
