P-1	13 T0 34 
P0	17 T1 23 
P-1	17 T2 31 
P1	20 T3 31 
P-1	23 T4 39 
P0	26 T5 27 
P2	26 T6 34 
P-1	28 T7 48 
P-1	28 T8 59 
P0	31 T9 46 
P-1	32 T10 74 
P1	36 T11 45 
P2	39 T12 44 
P-1	45 T13 104 
P-1	57 T14 82 
P0	59 T15 76 
P1	60 T16 65 
P2	63 T17 79 
P1	67 T18 77 
P-1	73 T19 94 
P-1	77 T20 103 
P0	78 T21 88 
P1	80 T22 81 
P2	81 T23 85 
P-1	81 T24 109 
P1	87 T25 96 
P-1	90 T26 99 
P0	92 T27 97 
P2	93 T28 101 
P1	97 T29 102 
P-1	98 T30 119 
P-1	102 T31 127 
P0	103 T32 104 
P-1	103 T33 113 
P-1	105 T34 114 
P0	108 T35 114 
P1	110 T36 117 
P2	110 T37 126 
P0	116 T38 127 
NMec = 97827
Viable Sol. = 6842191416
Profit = 23
T = 39
P = 3
Profits ignored
Solution time = 5.502e+01
Task data
00   13  34     1
01   17  23     1
02   17  31     1
03   20  31     1
04   23  39     1
05   26  27     1
06   26  34     1
07   28  48     1
08   28  59     1
09   31  46     1
10   32  74     1
11   36  45     1
12   39  44     1
13   45 104     1
14   57  82     1
15   59  76     1
16   60  65     1
17   63  79     1
18   67  77     1
19   73  94     1
20   77 103     1
21   78  88     1
22   80  81     1
23   81  85     1
24   81 109     1
25   87  96     1
26   90  99     1
27   92  97     1
28   93 101     1
29   97 102     1
30   98 119     1
31  102 127     1
32  103 104     1
33  103 113     1
34  105 114     1
35  108 114     1
36  110 117     1
37  110 126     1
38  116 127     1
End
