P-1	0 T0 34 
P0	1 T1 22 
P1	2 T2 20 
P2	4 T3 16 
P3	4 T4 18 
P-1	5 T5 31 
P-1	6 T6 14 
P-1	6 T7 21 
P-1	7 T8 13 
P-1	7 T9 20 
P4	7 T10 24 
P5	7 T11 24 
P-1	7 T12 28 
P6	8 T13 46 
P-1	9 T14 25 
P7	9 T15 34 
P-1	10 T16 20 
P-1	10 T17 30 
P-1	11 T18 23 
P-1	13 T19 23 
P-1	14 T20 37 
P-1	16 T21 24 
P2	17 T22 24 
P-1	17 T23 42 
P-1	18 T24 39 
P-1	19 T25 38 
P3	20 T26 30 
P-1	20 T27 35 
P-1	22 T28 29 
P-1	22 T29 33 
P0	24 T30 35 
P1	24 T31 45 
P-1	26 T32 33 
P2	26 T33 47 
P4	26 T34 47 
P-1	27 T35 29 
P5	29 T36 46 
P0	40 T37 47 
P3	44 T38 47 
NMec = 97827
Viable Sol. = 17095010640
Profit = 53132
T = 39
P = 8
Profits not ignored
Solution time = 1.214e+02
Task data
00    0  34  3996
01    1  22  3226
02    2  20  2799
03    4  16  1988
04    4  18  2809
05    5  31  3696
06    6  14  1530
07    6  21  2404
08    7  13   905
09    7  20  1633
10    7  24  3870
11    7  24  3039
12    7  28  2727
13    8  46  8969
14    9  25  2000
15    9  34  5712
16   10  20  1532
17   10  30  4503
18   11  23  1792
19   13  23  1269
20   14  37  1794
21   16  24   852
22   17  24  1593
23   17  42  2841
24   18  39  1574
25   19  38  2021
26   20  30  3063
27   20  35  1467
28   22  29  1015
29   22  33   898
30   24  35  2157
31   24  45  2300
32   26  33   837
33   26  47  2906
34   26  47  3930
35   27  29   482
36   29  46  3321
37   40  47   875
38   44  47   575
End
