P0	1 T0 19 
P1	3 T1 10 
P-1	5 T2 49 
P2	6 T3 18 
P-1	9 T4 32 
P-1	10 T5 28 
P1	11 T6 13 
P3	12 T7 25 
P1	16 T8 23 
P-1	16 T9 31 
P4	17 T10 19 
P-1	17 T11 30 
P5	18 T12 29 
P6	18 T13 30 
P0	22 T14 33 
P2	23 T15 24 
P4	23 T16 32 
P-1	23 T17 47 
P-1	25 T18 36 
P1	26 T19 29 
P-1	27 T20 37 
P2	28 T21 31 
P3	28 T22 38 
P1	31 T23 35 
P-1	31 T24 47 
P2	32 T25 37 
P-1	32 T26 41 
P5	32 T27 42 
P4	33 T28 44 
P-1	33 T29 49 
P-1	33 T30 52 
P0	34 T31 55 
P1	36 T32 43 
P6	36 T33 48 
P2	39 T34 51 
P3	39 T35 55 
P5	43 T36 54 
P1	46 T37 49 
P4	46 T38 55 
NMec = 97827
Viable Sol. = 118370793560
Profit = 27
T = 39
P = 7
Profits ignored
Solution time = 1.075e+03
Task data
00    1  19     1
01    3  10     1
02    5  49     1
03    6  18     1
04    9  32     1
05   10  28     1
06   11  13     1
07   12  25     1
08   16  23     1
09   16  31     1
10   17  19     1
11   17  30     1
12   18  29     1
13   18  30     1
14   22  33     1
15   23  24     1
16   23  32     1
17   23  47     1
18   25  36     1
19   26  29     1
20   27  37     1
21   28  31     1
22   28  38     1
23   31  35     1
24   31  47     1
25   32  37     1
26   32  41     1
27   32  42     1
28   33  44     1
29   33  49     1
30   33  52     1
31   34  55     1
32   36  43     1
33   36  48     1
34   39  51     1
35   39  55     1
36   43  54     1
37   46  49     1
38   46  55     1
End
