P0	13 T0 34 
P1	17 T1 23 
P2	17 T2 31 
P-1	20 T3 31 
P-1	23 T4 39 
P1	26 T5 27 
P-1	26 T6 34 
P-1	28 T7 48 
P1	28 T8 59 
P-1	31 T9 46 
P2	32 T10 74 
P-1	36 T11 45 
P0	39 T12 44 
P0	45 T13 104 
P-1	57 T14 82 
P-1	59 T15 76 
P1	60 T16 65 
P-1	63 T17 79 
P-1	67 T18 77 
P1	73 T19 94 
P-1	77 T20 103 
P-1	78 T21 88 
P-1	80 T22 81 
P-1	81 T23 85 
P2	81 T24 109 
P-1	87 T25 96 
P-1	90 T26 99 
P-1	92 T27 97 
P-1	93 T28 101 
P-1	97 T29 102 
P-1	98 T30 119 
P1	102 T31 127 
P-1	103 T32 104 
P-1	103 T33 113 
P0	105 T34 114 
P-1	108 T35 114 
P-1	110 T36 117 
P2	110 T37 126 
P0	116 T38 127 
NMec = 97827
Viable Sol. = 6842191416
Profit = 56942
T = 39
P = 3
Profits not ignored
Solution time = 5.083e+01
Task data
00   13  34  2596
01   17  23  1078
02   17  31  2227
03   20  31  1509
04   23  39  2197
05   26  27   387
06   26  34  1193
07   28  48  1920
08   28  59  3459
09   31  46  3192
10   32  74  5184
11   36  45  2163
12   39  44   485
13   45 104 14923
14   57  82  4552
15   59  76  1582
16   60  65   901
17   63  79  2442
18   67  77  1133
19   73  94  5382
20   77 103  4527
21   78  88  1529
22   80  81   172
23   81  85   592
24   81 109  6084
25   87  96  1538
26   90  99   743
27   92  97   500
28   93 101  1088
29   97 102   590
30   98 119  2304
31  102 127  6653
32  103 104   346
33  103 113  1106
34  105 114  1475
35  108 114  1081
36  110 117  1275
37  110 126  4743
38  116 127  1365
End
