P0	0 T0 9 
P-1	0 T1 16 
P1	0 T2 23 
P2	1 T3 14 
P3	2 T4 8 
P4	2 T5 15 
P5	2 T6 16 
P6	2 T7 27 
P-1	2 T8 27 
P-1	3 T9 23 
P7	4 T10 15 
P8	4 T11 25 
P9	5 T12 29 
P-1	6 T13 22 
P-1	7 T14 34 
P3	9 T15 37 
P0	13 T16 28 
P-1	14 T17 24 
P-1	14 T18 29 
P-1	15 T19 27 
P2	15 T20 30 
P-1	15 T21 36 
P-1	16 T22 23 
P4	16 T23 25 
P-1	16 T24 30 
P7	16 T25 38 
P-1	18 T26 32 
P5	19 T27 30 
P-1	22 T28 31 
P-1	22 T29 32 
P-1	23 T30 33 
P-1	24 T31 32 
P1	24 T32 34 
P4	27 T33 34 
P6	28 T34 36 
P-1	29 T35 34 
P0	29 T36 36 
P8	29 T37 37 
P2	34 T38 37 
NMec = 97827
Viable Sol. = 120038920664
Profit = 52250
T = 39
P = 10
Profits not ignored
Solution time = 1.028e+03
Task data
00    0   9  1001
01    0  16  1377
02    0  23  2729
03    1  14  2130
04    2   8  1301
05    2  15  1372
06    2  16  2305
07    2  27  4980
08    2  27  2507
09    3  23  2670
10    4  15  2680
11    4  25  4224
12    5  29  5252
13    6  22  1700
14    7  34  3613
15    9  37  2968
16   13  28  3922
17   14  24  1006
18   14  29  2731
19   15  27  1104
20   15  30  2399
21   15  36  1743
22   16  23  1386
23   16  25  1630
24   16  30  1869
25   16  38  4259
26   18  32  2185
27   19  30  2379
28   22  31  1917
29   22  32  1217
30   23  33  1251
31   24  32   936
32   24  34  1278
33   27  34   989
34   28  36  1358
35   29  34   595
36   29  36  1654
37   29  37   783
38   34  37   657
End
