P0	6 T0 23 
P-1	9 T1 19 
P-1	16 T2 23 
P1	19 T3 33 
P0	25 T4 48 
P-1	26 T5 51 
P-1	27 T6 36 
P-1	36 T7 190 
P1	40 T8 44 
P1	47 T9 73 
P-1	48 T10 62 
P-1	49 T11 68 
P0	61 T12 75 
P-1	64 T13 81 
P-1	74 T14 98 
P-1	75 T15 77 
P-1	75 T16 86 
P0	76 T17 78 
P1	77 T18 131 
P0	79 T19 100 
P-1	95 T20 112 
P-1	95 T21 115 
P-1	96 T22 108 
P-1	101 T23 116 
P0	108 T24 128 
P-1	110 T25 120 
P-1	123 T26 126 
P-1	128 T27 130 
P0	129 T28 137 
P1	134 T29 147 
P-1	142 T30 167 
P0	145 T31 170 
P1	150 T32 173 
P-1	169 T33 177 
P0	176 T34 189 
P1	177 T35 185 
P-1	177 T36 186 
P1	186 T37 197 
P-1	189 T38 193 
P0	192 T39 199 
NMec = 97827
Viable Sol. = 4421586114
Profit = 56475
T = 40
P = 2
Profits not ignored
Solution time = 3.077e+01
Task data
00    6  23  1540
01    9  19   647
02   16  23   987
03   19  33  3467
04   25  48  4702
05   26  51  2879
06   27  36  1955
07   36 190 14123
08   40  44   892
09   47  73  5462
10   48  62  1454
11   49  68  2367
12   61  75  3383
13   64  81  2193
14   74  98  1881
15   75  77   524
16   75  86  1132
17   76  78   664
18   77 131  8596
19   79 100  5401
20   95 112  1776
21   95 115  4113
22   96 108  2494
23  101 116  1800
24  108 128  4112
25  110 120  1170
26  123 126   744
27  128 130   373
28  129 137  2045
29  134 147  2429
30  142 167  4201
31  145 170  4621
32  150 173  3072
33  169 177  1278
34  176 189  2780
35  177 185  1023
36  177 186   523
37  186 197  1061
38  189 193   783
39  192 199  1225
End
