P0	0 T0 46 
P-1	0 T1 47 
P1	1 T2 20 
P-1	1 T3 24 
P2	2 T4 16 
P3	3 T5 18 
P4	3 T6 47 
P5	4 T7 6 
P6	4 T8 13 
P7	4 T9 43 
P-1	5 T10 40 
P5	7 T11 41 
P-1	8 T12 23 
P-1	10 T13 31 
P-1	13 T14 31 
P-1	13 T15 32 
P6	14 T16 25 
P-1	14 T17 26 
P-1	15 T18 31 
P-1	15 T19 32 
P-1	16 T20 29 
P-1	16 T21 30 
P2	18 T22 26 
P-1	19 T23 34 
P-1	20 T24 31 
P3	20 T25 36 
P-1	21 T26 35 
P1	21 T27 40 
P-1	23 T28 24 
P-1	24 T29 33 
P-1	24 T30 36 
P-1	26 T31 40 
P-1	28 T32 43 
P-1	28 T33 45 
P-1	29 T34 30 
P-1	29 T35 36 
P2	29 T36 38 
P-1	29 T37 40 
P6	30 T38 42 
P2	39 T39 49 
NMec = 97827
Viable Sol. = 11227011552
Profit = 58805
T = 40
P = 8
Profits not ignored
Solution time = 1.074e+02
Task data
00    0  46  9344
01    0  47  4453
02    1  20  2488
03    1  24  2191
04    2  16  2612
05    3  18  3583
06    3  47  6180
07    4   6   594
08    4  13   963
09    4  43  9550
10    5  40  4812
11    7  41  6831
12    8  23  2765
13   10  31  2451
14   13  31  1950
15   13  32  2774
16   14  25  2576
17   14  26  2360
18   15  31  3213
19   15  32  2665
20   16  29  1882
21   16  30  2525
22   18  26  1638
23   19  34  1547
24   20  31  1326
25   20  36  4188
26   21  35  2013
27   21  40  2340
28   23  24   334
29   24  33   799
30   24  36  1309
31   26  40  1487
32   28  43  1450
33   28  45  1422
34   29  30   330
35   29  36   630
36   29  38  2408
37   29  40   724
38   30  42  2209
39   39  49  1301
End
