P0	0 T0 6 
P1	0 T1 13 
P2	0 T2 44 
P3	2 T3 12 
P4	3 T4 4 
P5	3 T5 22 
P6	3 T6 30 
P-1	6 T7 15 
P4	6 T8 16 
P7	6 T9 22 
P-1	6 T10 24 
P-1	7 T11 27 
P-1	8 T12 33 
P0	9 T13 12 
P-1	9 T14 27 
P8	9 T15 34 
P-1	10 T16 26 
P-1	13 T17 23 
P0	13 T18 24 
P-1	13 T19 31 
P3	13 T20 36 
P-1	14 T21 30 
P-1	14 T22 32 
P-1	14 T23 33 
P-1	16 T24 31 
P-1	16 T25 37 
P1	16 T26 39 
P-1	18 T27 27 
P-1	18 T28 28 
P4	22 T29 35 
P-1	22 T30 37 
P5	23 T31 24 
P7	23 T32 35 
P-1	24 T33 29 
P0	26 T34 44 
P-1	28 T35 34 
P5	28 T36 38 
P-1	28 T37 42 
P-1	30 T38 36 
P6	32 T39 37 
NMec = 97827
Viable Sol. = 88634121660
Profit = 58890
T = 40
P = 9
Profits not ignored
Solution time = 8.528e+02
Task data
00    0   6  1309
01    0  13  3152
02    0  44 10299
03    2  12  1113
04    3   4   413
05    3  22  3456
06    3  30  4829
07    6  15   973
08    6  16  1609
09    6  22  3408
10    6  24  2030
11    7  27  1799
12    8  33  3604
13    9  12   356
14    9  27  1957
15    9  34  5130
16   10  26  1688
17   13  23  2158
18   13  24  2605
19   13  31  2533
20   13  36  4753
21   14  30  2088
22   14  32  2396
23   14  33  2293
24   16  31  2188
25   16  37  2207
26   16  39  4214
27   18  27  1860
28   18  28  1478
29   22  35  3278
30   22  37  1445
31   23  24   344
32   23  35  1855
33   24  29   608
34   26  44  3717
35   28  34   737
36   28  38  1741
37   28  42  1332
38   30  36   867
39   32  37  1309
End
