P0	0 T0 99 
P-1	3 T1 94 
P1	4 T2 13 
P-1	4 T3 17 
P2	4 T4 19 
P-1	9 T5 19 
P-1	11 T6 21 
P3	13 T7 40 
P1	22 T8 25 
P2	25 T9 43 
P-1	32 T10 38 
P-1	32 T11 40 
P1	32 T12 44 
P-1	33 T13 82 
P-1	36 T14 47 
P-1	37 T15 45 
P-1	38 T16 41 
P3	43 T17 51 
P-1	43 T18 90 
P2	44 T19 50 
P-1	44 T20 57 
P1	45 T21 61 
P-1	47 T22 61 
P-1	48 T23 72 
P2	53 T24 75 
P3	54 T25 67 
P-1	56 T26 64 
P-1	57 T27 71 
P-1	57 T28 75 
P-1	58 T29 71 
P1	63 T30 74 
P-1	64 T31 76 
P-1	68 T32 76 
P3	70 T33 97 
P-1	74 T34 84 
P-1	75 T35 84 
P1	78 T36 95 
P2	79 T37 90 
P-1	83 T38 92 
P2	92 T39 96 
NMec = 97827
Viable Sol. = 13135026976
Profit = 56362
T = 40
P = 4
Profits not ignored
Solution time = 9.287e+01
Task data
00    0  99 13467
01    3  94 12099
02    4  13  2542
03    4  17  1630
04    4  19  3604
05    9  19   722
06   11  21  2342
07   13  40  6019
08   22  25   715
09   25  43  3772
10   32  38  1050
11   32  40   966
12   32  44  1906
13   33  82  4785
14   36  47   804
15   37  45  2137
16   38  41   914
17   43  51  1629
18   43  90  4893
19   44  50   904
20   44  57  1154
21   45  61  2398
22   47  61  1669
23   48  72  2218
24   53  75  4167
25   54  67  2117
26   56  64   737
27   57  71  1613
28   57  75  1475
29   58  71  1478
30   63  74  2232
31   64  76  1139
32   68  76   733
33   70  97  4160
34   74  84  1336
35   75  84  1302
36   78  95  3593
37   79  90  2331
38   83  92   929
39   92  96   806
End
