P-1	0 T0 101 
P-1	2 T1 88 
P0	3 T2 5 
P1	3 T3 12 
P0	8 T4 74 
P-1	10 T5 97 
P2	11 T6 23 
P-1	11 T7 102 
P3	12 T8 23 
P-1	18 T9 26 
P1	19 T10 41 
P-1	22 T11 37 
P2	26 T12 29 
P3	28 T13 35 
P-1	29 T14 43 
P-1	31 T15 51 
P2	34 T16 60 
P3	37 T17 38 
P-1	38 T18 46 
P3	39 T19 53 
P-1	40 T20 52 
P-1	42 T21 63 
P1	43 T22 95 
P-1	47 T23 66 
P-1	53 T24 64 
P-1	55 T25 73 
P-1	57 T26 67 
P-1	58 T27 61 
P3	60 T28 83 
P-1	62 T29 80 
P2	64 T30 74 
P-1	66 T31 88 
P-1	66 T32 89 
P-1	67 T33 75 
P-1	68 T34 77 
P-1	73 T35 82 
P0	76 T36 92 
P2	76 T37 96 
P-1	78 T38 86 
P-1	83 T39 90 
P3	84 T40 93 
NMec = 97827
Viable Sol. = 9890615098
Profit = 56270
T = 41
P = 4
Profits not ignored
Solution time = 8.889e+01
Task data
00    0 101  6937
01    2  88  7756
02    3   5   755
03    3  12  2251
04    8  74 11898
05   10  97  6264
06   11  23  1321
07   11 102  7880
08   12  23  2174
09   18  26  1066
10   19  41  3811
11   22  37  1909
12   26  29   810
13   28  35   464
14   29  43  1240
15   31  51  3008
16   34  60  6345
17   37  38   268
18   38  46   779
19   39  53  3078
20   40  52  1283
21   42  63  1680
22   43  95  7131
23   47  66  2131
24   53  64   825
25   55  73  2110
26   57  67  1252
27   58  61   535
28   60  83  3782
29   62  80  2462
30   64  74  1116
31   66  88  3617
32   66  89  2644
33   67  75   862
34   68  77  2049
35   73  82  1991
36   76  92  3485
37   76  96  5333
38   78  86  1155
39   83  90  1345
40   84  93  2248
End
