P-1	0 T0 3 
P0	0 T1 7 
P1	0 T2 72 
P2	0 T3 79 
P-1	1 T4 20 
P3	2 T5 14 
P-1	2 T6 22 
P4	3 T7 17 
P-1	7 T8 14 
P-1	8 T9 16 
P0	8 T10 34 
P-1	9 T11 16 
P-1	10 T12 14 
P-1	14 T13 21 
P3	17 T14 34 
P-1	18 T15 26 
P4	18 T16 40 
P-1	20 T17 31 
P-1	27 T18 32 
P-1	29 T19 48 
P-1	29 T20 62 
P-1	30 T21 36 
P-1	31 T22 55 
P-1	34 T23 40 
P0	37 T24 48 
P3	39 T25 59 
P4	43 T26 45 
P-1	46 T27 66 
P4	47 T28 67 
P-1	48 T29 57 
P0	49 T30 58 
P-1	49 T31 69 
P-1	51 T32 71 
P-1	53 T33 61 
P-1	57 T34 69 
P0	61 T35 75 
P3	61 T36 75 
P-1	62 T37 76 
P-1	64 T38 69 
P-1	64 T39 71 
P4	72 T40 80 
NMec = 97827
Viable Sol. = 137562575810
Profit = 76031
T = 41
P = 5
Profits not ignored
Solution time = 1.096e+03
Task data
00    0   3   556
01    0   7  1795
02    0  72 17842
03    0  79 16627
04    1  20  2145
05    2  14  2576
06    2  22  3683
07    3  17  2565
08    7  14  1296
09    8  16  1359
10    8  34  6573
11    9  16  1050
12   10  14   806
13   14  21   698
14   17  34  3399
15   18  26   966
16   18  40  5435
17   20  31  1956
18   27  32   773
19   29  48  4281
20   29  62  5495
21   30  36  1164
22   31  55  4505
23   34  40   481
24   37  48  3191
25   39  59  4185
26   43  45   501
27   46  66  1352
28   47  67  3511
29   48  57  1143
30   49  58  1365
31   49  69  2288
32   51  71  2757
33   53  61  1135
34   57  69  2456
35   61  75  2915
36   61  75  2276
37   62  76  1426
38   64  69   564
39   64  71  1339
40   72  80  1275
End
