P0	2 T0 4 
P1	4 T1 15 
P-1	11 T2 18 
P-1	15 T3 17 
P0	15 T4 35 
P1	16 T5 21 
P-1	24 T6 45 
P-1	25 T7 31 
P1	30 T8 40 
P0	36 T9 48 
P1	42 T10 57 
P-1	45 T11 60 
P-1	54 T12 77 
P-1	57 T13 75 
P0	59 T14 110 
P1	62 T15 79 
P-1	62 T16 89 
P-1	65 T17 75 
P-1	65 T18 83 
P1	84 T19 94 
P-1	88 T20 103 
P-1	94 T21 99 
P0	114 T22 121 
P1	114 T23 135 
P-1	117 T24 120 
P0	137 T25 147 
P-1	137 T26 148 
P-1	140 T27 150 
P1	147 T28 156 
P-1	148 T29 164 
P-1	149 T30 163 
P-1	152 T31 163 
P-1	155 T32 175 
P0	158 T33 169 
P1	159 T34 172 
P-1	168 T35 186 
P0	170 T36 182 
P-1	176 T37 187 
P-1	179 T38 192 
P1	182 T39 192 
P0	189 T40 199 
NMec = 97827
Viable Sol. = 8291750572
Profit = 49661
T = 41
P = 2
Profits not ignored
Solution time = 6.611e+01
Task data
00    2   4   373
01    4  15  3281
02   11  18  1490
03   15  17   597
04   15  35  5025
05   16  21  1596
06   24  45  3429
07   25  31  1054
08   30  40  1178
09   36  48  3133
10   42  57  3890
11   45  60  1805
12   54  77  2259
13   57  75  2332
14   59 110  6552
15   62  79  2664
16   62  89  3527
17   65  75  1473
18   65  83  1447
19   84  94  1786
20   88 103  1529
21   94  99   875
22  114 121  1585
23  114 135  1643
24  117 120   407
25  137 147  2929
26  137 148  1887
27  140 150   891
28  147 156  2743
29  148 164  1665
30  149 163  1143
31  152 163  1272
32  155 175  2374
33  158 169  3125
34  159 172  2392
35  168 186  2098
36  170 182  1923
37  176 187  1917
38  179 192  1140
39  182 192  2190
40  189 199  1653
End
