P0	6 T0 24 
P-1	10 T1 209 
P-1	22 T2 27 
P-1	22 T3 30 
P-1	28 T4 47 
P0	29 T5 49 
P-1	34 T6 44 
P0	66 T7 91 
P-1	83 T8 234 
P-1	84 T9 107 
P-1	85 T10 95 
P0	95 T11 114 
P-1	98 T12 101 
P-1	100 T13 109 
P-1	109 T14 117 
P0	115 T15 122 
P-1	127 T16 145 
P-1	131 T17 152 
P0	136 T18 306 
P-1	139 T19 145 
P-1	148 T20 158 
P-1	169 T21 177 
P-1	196 T22 205 
P-1	225 T23 242 
P-1	232 T24 251 
P-1	265 T25 275 
P-1	290 T26 291 
P-1	306 T27 325 
P0	309 T28 330 
P-1	326 T29 345 
P0	333 T30 350 
P-1	334 T31 387 
P-1	340 T32 353 
P-1	345 T33 356 
P-1	346 T34 370 
P0	352 T35 367 
P-1	359 T36 363 
P-1	364 T37 376 
P0	368 T38 374 
P-1	385 T39 389 
P0	388 T40 402 
NMec = 97827
Viable Sol. = 46920302
Profit = 60426
T = 41
P = 1
Profits not ignored
Solution time = 4.092e-01
Task data
00    6  24  3967
01   10 209 16580
02   22  27   872
03   22  30   665
04   28  47  1990
05   29  49  3146
06   34  44  1364
07   66  91  1759
08   83 234 16956
09   84 107  4459
10   85  95  2579
11   95 114  3844
12   98 101   795
13  100 109  1224
14  109 117  1185
15  115 122  1117
16  127 145  2043
17  131 152  4734
18  136 306 33662
19  139 145  1699
20  148 158  1302
21  169 177  1460
22  196 205   971
23  225 242  1545
24  232 251  2186
25  265 275  2359
26  290 291   225
27  306 325  3953
28  309 330  4218
29  326 345  4820
30  333 350  1662
31  334 387  4714
32  340 353  1747
33  345 356  2434
34  346 370  2764
35  352 367  3498
36  359 363   492
37  364 376  2122
38  368 374   709
39  385 389  1236
40  388 402  2844
End
