P0	0 T0 6 
P1	1 T1 19 
P2	2 T2 5 
P-1	2 T3 19 
P-1	2 T4 58 
P3	2 T5 59 
P-1	3 T6 21 
P4	3 T7 30 
P5	4 T8 53 
P-1	5 T9 23 
P-1	6 T10 15 
P-1	6 T11 20 
P-1	7 T12 15 
P0	8 T13 66 
P2	9 T14 31 
P-1	11 T15 20 
P-1	21 T16 24 
P-1	21 T17 39 
P-1	22 T18 35 
P1	22 T19 44 
P-1	22 T20 47 
P-1	25 T21 27 
P2	32 T22 41 
P-1	32 T23 51 
P-1	33 T24 40 
P-1	34 T25 41 
P-1	35 T26 47 
P-1	36 T27 40 
P4	36 T28 60 
P-1	37 T29 44 
P-1	37 T30 46 
P-1	37 T31 51 
P-1	38 T32 48 
P-1	39 T33 52 
P-1	42 T34 52 
P-1	42 T35 52 
P2	44 T36 62 
P1	45 T37 56 
P-1	59 T38 67 
P1	59 T39 68 
P5	59 T40 68 
NMec = 97827
Viable Sol. = 72969962926
Profit = 75937
T = 41
P = 6
Profits not ignored
Solution time = 5.281e+02
Task data
00    0   6   643
01    1  19  3967
02    2   5   319
03    2  19  1409
04    2  58  7167
05    2  59 15001
06    3  21  2194
07    3  30  6403
08    4  53 10626
09    5  23  5290
10    6  15  1825
11    6  20  2191
12    7  15   981
13    8  66 10823
14    9  31  5225
15   11  20  2465
16   21  24   504
17   21  39  3766
18   22  35  1481
19   22  44  5965
20   22  47  3122
21   25  27   220
22   32  41  2180
23   32  51  3303
24   33  40   843
25   34  41  1195
26   35  47  1919
27   36  40   457
28   36  60  5062
29   37  44  1443
30   37  46  1472
31   37  51  1536
32   38  48  1033
33   39  52  1553
34   42  52  1268
35   42  52  2196
36   44  62  4242
37   45  56  1389
38   59  67   958
39   59  68  1479
40   59  68  2613
End
