P0	1 T0 9 
P0	11 T1 25 
P-1	11 T2 344 
P-1	11 T3 419 
P-1	22 T4 34 
P0	30 T5 48 
P-1	34 T6 43 
P-1	43 T7 56 
P-1	50 T8 57 
P0	50 T9 63 
P0	65 T10 72 
P-1	68 T11 80 
P0	78 T12 96 
P-1	86 T13 100 
P-1	93 T14 108 
P-1	95 T15 106 
P0	99 T16 109 
P-1	105 T17 106 
P0	117 T18 359 
P-1	140 T19 145 
P-1	141 T20 144 
P-1	146 T21 164 
P-1	156 T22 159 
P-1	158 T23 178 
P-1	168 T24 170 
P-1	183 T25 204 
P-1	197 T26 336 
P-1	201 T27 223 
P-1	266 T28 283 
P-1	272 T29 290 
P-1	278 T30 292 
P-1	288 T31 295 
P-1	290 T32 330 
P-1	295 T33 308 
P-1	302 T34 305 
P-1	315 T35 328 
P-1	336 T36 351 
P-1	337 T37 348 
P0	361 T38 371 
P0	380 T39 397 
P-1	395 T40 412 
P0	410 T41 418 
NMec = 97827
Viable Sol. = 83838262
Profit = 69842
T = 42
P = 1
Profits not ignored
Solution time = 6.284e-01
Task data
00    1   9  1604
01   11  25  2512
02   11 344 19133
03   11 419 50360
04   22  34  1416
05   30  48  1267
06   34  43  1130
07   43  56  2815
08   50  57  1977
09   50  63  2333
10   65  72  1624
11   68  80  1423
12   78  96  1885
13   86 100  1354
14   93 108  2205
15   95 106  2139
16   99 109  2898
17  105 106   334
18  117 359 48875
19  140 145   574
20  141 144   662
21  146 164  2427
22  156 159   764
23  158 178  1992
24  168 170   419
25  183 204  4052
26  197 336 12566
27  201 223  1990
28  266 283  4009
29  272 290  3615
30  278 292  2433
31  288 295  1745
32  290 330  4387
33  295 308  2536
34  302 305   497
35  315 328  2814
36  336 351  2547
37  337 348  2476
38  361 371  1968
39  380 397  4007
40  395 412  2380
41  410 418   869
End
