P0	1 T0 11 
P1	4 T1 14 
P2	10 T2 16 
P3	10 T3 34 
P-1	16 T4 28 
P0	17 T5 34 
P1	19 T6 41 
P-1	22 T7 39 
P2	24 T8 32 
P-1	24 T9 39 
P-1	25 T10 86 
P-1	27 T11 44 
P-1	28 T12 45 
P-1	32 T13 50 
P2	33 T14 54 
P0	37 T15 48 
P-1	40 T16 42 
P3	40 T17 48 
P-1	40 T18 50 
P-1	40 T19 64 
P-1	43 T20 52 
P-1	45 T21 55 
P-1	46 T22 54 
P-1	48 T23 53 
P1	48 T24 67 
P0	49 T25 57 
P3	49 T26 86 
P2	55 T27 63 
P-1	59 T28 65 
P-1	60 T29 79 
P0	62 T30 71 
P2	65 T31 84 
P-1	67 T32 79 
P1	69 T33 76 
P-1	71 T34 82 
P-1	72 T35 82 
P0	72 T36 98 
P-1	74 T37 86 
P-1	76 T38 97 
P1	79 T39 103 
P2	86 T40 103 
P3	87 T41 97 
NMec = 97827
Viable Sol. = 50030630464
Profit = 57441
T = 42
P = 4
Profits not ignored
Solution time = 3.840e+02
Task data
00    1  11  1047
01    4  14  1191
02   10  16   890
03   10  34  3053
04   16  28  2380
05   17  34  3646
06   19  41  4330
07   22  39  2248
08   24  32  2409
09   24  39  2445
10   25  86  9285
11   27  44  1715
12   28  45  2964
13   32  50  1620
14   33  54  4450
15   37  48  2838
16   40  42   250
17   40  48  1931
18   40  50  1737
19   40  64  2904
20   43  52  1993
21   45  55  1062
22   46  54  1387
23   48  53   558
24   48  67  3824
25   49  57  1724
26   49  86  6436
27   55  63   888
28   59  65   870
29   60  79  4683
30   62  71  1474
31   65  84  4471
32   67  79  1650
33   69  76  1271
34   71  82  1190
35   72  82  2814
36   72  98  4613
37   74  86  3505
38   76  97  1930
39   79 103  3946
40   86 103  1364
41   87  97  1645
End
