P-1	1 T0 13 
P-1	5 T1 23 
P-1	6 T2 30 
P0	6 T3 138 
P1	7 T4 30 
P2	7 T5 118 
P-1	10 T6 24 
P-1	16 T7 84 
P-1	20 T8 32 
P-1	26 T9 30 
P-1	28 T10 56 
P-1	30 T11 36 
P-1	34 T12 49 
P-1	35 T13 49 
P1	38 T14 42 
P-1	39 T15 49 
P1	44 T16 61 
P-1	51 T17 52 
P-1	59 T18 65 
P1	63 T19 74 
P-1	68 T20 79 
P-1	72 T21 85 
P-1	74 T22 90 
P-1	75 T23 100 
P1	77 T24 87 
P-1	83 T25 110 
P-1	89 T26 101 
P1	91 T27 104 
P-1	93 T28 109 
P-1	95 T29 110 
P-1	96 T30 107 
P-1	97 T31 111 
P-1	98 T32 120 
P-1	102 T33 128 
P-1	103 T34 117 
P-1	105 T35 115 
P-1	106 T36 115 
P1	106 T37 125 
P-1	117 T38 135 
P-1	119 T39 126 
P2	119 T40 137 
P1	126 T41 131 
NMec = 97827
Viable Sol. = 13706246274
Profit = 75756
T = 42
P = 3
Profits not ignored
Solution time = 1.070e+02
Task data
00    1  13  1274
01    5  23  1322
02    6  30  1827
03    6 138 19514
04    7  30  4199
05    7 118 32238
06   10  24  3534
07   16  84  9936
08   20  32  2732
09   26  30   635
10   28  56  3538
11   30  36   645
12   34  49  1439
13   35  49  2129
14   38  42   740
15   39  49  1403
16   44  61  3783
17   51  52   280
18   59  65   634
19   63  74  2776
20   68  79  2525
21   72  85  1778
22   74  90  2399
23   75 100  3444
24   77  87  2264
25   83 110  3773
26   89 101  1552
27   91 104  1777
28   93 109  2551
29   95 110  3854
30   96 107   912
31   97 111  1403
32   98 120  1847
33  102 128  2662
34  103 117  1712
35  105 115  2310
36  106 115  1856
37  106 125  4865
38  117 135  1818
39  119 126  2183
40  119 137  2890
41  126 131   710
End
