P0	1 T0 5 
P1	3 T1 28 
P-1	17 T2 38 
P-1	24 T3 30 
P0	24 T4 34 
P-1	25 T5 37 
P-1	27 T6 39 
P-1	28 T7 43 
P0	35 T8 54 
P1	37 T9 49 
P-1	48 T10 58 
P1	52 T11 65 
P0	60 T12 67 
P-1	61 T13 75 
P-1	63 T14 70 
P-1	65 T15 91 
P0	68 T16 80 
P1	70 T17 87 
P-1	74 T18 99 
P0	81 T19 84 
P0	85 T20 96 
P-1	85 T21 139 
P-1	90 T22 108 
P1	95 T23 116 
P0	97 T24 106 
P0	112 T25 131 
P-1	114 T26 125 
P-1	114 T27 138 
P1	123 T28 137 
P-1	127 T29 136 
P0	132 T30 147 
P-1	133 T31 152 
P0	148 T32 164 
P1	151 T33 168 
P-1	155 T34 170 
P-1	163 T35 175 
P0	165 T36 173 
P1	169 T37 179 
P0	177 T38 189 
P1	180 T39 192 
P0	191 T40 206 
P1	194 T41 195 
NMec = 97827
Viable Sol. = 10183691744
Profit = 55125
T = 42
P = 2
Profits not ignored
Solution time = 6.778e+01
Task data
00    1   5   921
01    3  28  2061
02   17  38  1917
03   24  30   901
04   24  34  2027
05   25  37  2334
06   27  39  2556
07   28  43  2027
08   35  54  2035
09   37  49   913
10   48  58  1383
11   52  65  1963
12   60  67   889
13   61  75  1462
14   63  70  1954
15   65  91  4770
16   68  80  2024
17   70  87  3954
18   74  99  2846
19   81  84   759
20   85  96  2747
21   85 139  3619
22   90 108  3079
23   95 116  5556
24   97 106  1933
25  112 131  2264
26  114 125  1752
27  114 138  5055
28  123 137  3721
29  127 136  1266
30  132 147  3344
31  133 152  4131
32  148 164  4301
33  151 168  3888
34  155 170  4130
35  163 175  1311
36  165 173  2005
37  169 179  2479
38  177 189  2199
39  180 192  1793
40  191 206  1196
41  194 195   153
End
