P0	2 T0 10 
P1	3 T1 12 
P-1	4 T2 16 
P2	5 T3 9 
P-1	10 T4 49 
P-1	11 T5 14 
P-1	11 T6 25 
P-1	11 T7 35 
P-1	11 T8 45 
P0	12 T9 28 
P1	13 T10 16 
P2	14 T11 20 
P3	14 T12 22 
P4	14 T13 28 
P1	21 T14 35 
P-1	21 T15 43 
P-1	22 T16 36 
P-1	22 T17 39 
P2	22 T18 42 
P-1	22 T19 46 
P-1	28 T20 45 
P0	29 T21 48 
P3	30 T22 38 
P4	32 T23 39 
P1	36 T24 45 
P3	42 T25 50 
P2	44 T26 52 
P4	44 T27 57 
P1	46 T28 54 
NMec = 97880
Viable Sol. = 63123256
Profit = 18
T = 29
P = 5
Profits ignored
Solution time = 5.916e-01
Task data
00    2  10     1
01    3  12     1
02    4  16     1
03    5   9     1
04   10  49     1
05   11  14     1
06   11  25     1
07   11  35     1
08   11  45     1
09   12  28     1
10   13  16     1
11   14  20     1
12   14  22     1
13   14  28     1
14   21  35     1
15   21  43     1
16   22  36     1
17   22  39     1
18   22  42     1
19   22  46     1
20   28  45     1
21   29  48     1
22   30  38     1
23   32  39     1
24   36  45     1
25   42  50     1
26   44  52     1
27   44  57     1
28   46  54     1
End
