P0	0 T0 11 
P1	1 T1 22 
P-1	1 T2 27 
P2	4 T3 10 
P-1	6 T4 24 
P3	7 T5 16 
P-1	7 T6 28 
P4	8 T7 10 
P-1	8 T8 34 
P5	9 T9 25 
P6	10 T10 19 
P-1	11 T11 29 
P-1	11 T12 30 
P0	12 T13 20 
P-1	12 T14 37 
P2	14 T15 20 
P-1	14 T16 36 
P-1	16 T17 35 
P-1	18 T18 37 
P3	19 T19 26 
P4	20 T20 38 
P0	21 T21 28 
P2	22 T22 29 
P1	23 T23 32 
P6	23 T24 33 
P5	26 T25 36 
P3	27 T26 41 
P0	30 T27 38 
P2	31 T28 40 
NMec = 97880
Viable Sol. = 97276310
Profit = 19
T = 29
P = 7
Profits ignored
Solution time = 9.614e-01
Task data
00    0  11     1
01    1  22     1
02    1  27     1
03    4  10     1
04    6  24     1
05    7  16     1
06    7  28     1
07    8  10     1
08    8  34     1
09    9  25     1
10   10  19     1
11   11  29     1
12   11  30     1
13   12  20     1
14   12  37     1
15   14  20     1
16   14  36     1
17   16  35     1
18   18  37     1
19   19  26     1
20   20  38     1
21   21  28     1
22   22  29     1
23   23  32     1
24   23  33     1
25   26  36     1
26   27  41     1
27   30  38     1
28   31  40     1
End
