P0	8 T0 26 
P-1	11 T1 26 
P-1	19 T2 27 
P0	31 T3 37 
P-1	30 T4 41 
P-1	22 T5 47 
P0	39 T6 47 
P-1	34 T7 50 
P0	66 T8 68 
P0	75 T9 82 
P-1	69 T10 85 
P0	88 T11 111 
P-1	98 T12 111 
P-1	108 T13 113 
P0	115 T14 124 
P-1	119 T15 132 
P0	143 T16 147 
P-1	147 T17 162 
P0	162 T18 178 
P0	184 T19 193 
P-1	190 T20 195 
P-1	188 T21 212 
P0	213 T22 221 
P0	236 T23 257 
P-1	249 T24 269 
P-1	10 T25 275 
P0	268 T26 282 
P-1	273 T27 286 
P-1	0 T28 289 
NMec = 97880
Viable Sol. = 0
Profit = 13
T = 29
P = 1
Profits ignored
Solution time = 1.202e-05
Task data
00    8  26     1
01   11  26     1
02   19  27     1
03   31  37     1
04   30  41     1
05   22  47     1
06   39  47     1
07   34  50     1
08   66  68     1
09   75  82     1
10   69  85     1
11   88 111     1
12   98 111     1
13  108 113     1
14  115 124     1
15  119 132     1
16  143 147     1
17  147 162     1
18  162 178     1
19  184 193     1
20  190 195     1
21  188 212     1
22  213 221     1
23  236 257     1
24  249 269     1
25   10 275     1
26  268 282     1
27  273 286     1
28    0 289     1
End
