P-1	0 T0 29 
P-1	0 T1 30 
P-1	0 T2 32 
P0	1 T3 12 
P1	2 T4 10 
P2	3 T5 9 
P3	3 T6 15 
P-1	3 T7 17 
P4	4 T8 8 
P5	4 T9 12 
P6	4 T10 15 
P-1	7 T11 17 
P7	7 T12 20 
P-1	8 T13 23 
P-1	8 T14 23 
P-1	8 T15 27 
P-1	9 T16 25 
P2	10 T17 17 
P-1	11 T18 28 
P-1	14 T19 25 
P0	14 T20 28 
P1	15 T21 32 
P3	16 T22 27 
P4	16 T23 28 
P5	16 T24 32 
P6	17 T25 32 
P8	17 T26 32 
P2	21 T27 24 
P7	22 T28 32 
NMec = 97880
Viable Sol. = 182095081
Profit = 18
T = 29
P = 9
Profits ignored
Solution time = 2.214e+00
Task data
00    0  29     1
01    0  30     1
02    0  32     1
03    1  12     1
04    2  10     1
05    3   9     1
06    3  15     1
07    3  17     1
08    4   8     1
09    4  12     1
10    4  15     1
11    7  17     1
12    7  20     1
13    8  23     1
14    8  23     1
15    8  27     1
16    9  25     1
17   10  17     1
18   11  28     1
19   14  25     1
20   14  28     1
21   15  32     1
22   16  27     1
23   16  28     1
24   16  32     1
25   17  32     1
26   17  32     1
27   21  24     1
28   22  32     1
End
