P0	0 T0 9 
P-1	0 T1 19 
P-1	1 T2 37 
P1	2 T3 9 
P-1	2 T4 17 
P-1	2 T5 17 
P-1	2 T6 23 
P2	3 T7 16 
P-1	3 T8 25 
P-1	4 T9 20 
P3	5 T10 11 
P-1	6 T11 30 
P-1	6 T12 35 
P-1	7 T13 18 
P-1	9 T14 26 
P-1	10 T15 21 
P-1	11 T16 27 
P-1	11 T17 31 
P-1	12 T18 27 
P-1	12 T19 28 
P-1	12 T20 28 
P0	13 T21 22 
P1	13 T22 27 
P3	13 T23 34 
P4	14 T24 24 
P5	15 T25 20 
P6	15 T26 25 
P7	16 T27 30 
P2	18 T28 24 
P0	24 T29 33 
NMec = 97880
Viable Sol. = 51908386
Profit = 13
T = 30
P = 8
Profits ignored
Solution time = 6.722e-01
Task data
00    0   9     1
01    0  19     1
02    1  37     1
03    2   9     1
04    2  17     1
05    2  17     1
06    2  23     1
07    3  16     1
08    3  25     1
09    4  20     1
10    5  11     1
11    6  30     1
12    6  35     1
13    7  18     1
14    9  26     1
15   10  21     1
16   11  27     1
17   11  31     1
18   12  27     1
19   12  28     1
20   12  28     1
21   13  22     1
22   13  27     1
23   13  34     1
24   14  24     1
25   15  20     1
26   15  25     1
27   16  30     1
28   18  24     1
29   24  33     1
End
