P0	5 T0 10 
P-1	0 T1 12 
P0	19 T2 28 
P0	41 T3 50 
P-1	50 T4 71 
P0	63 T5 73 
P-1	71 T6 86 
P0	86 T7 91 
P-1	77 T8 93 
P-1	85 T9 95 
P0	96 T10 102 
P-1	98 T11 108 
P-1	95 T12 123 
P0	116 T13 132 
P-1	0 T14 145 
P0	143 T15 150 
P0	152 T16 156 
P0	176 T17 182 
P-1	170 T18 183 
P0	184 T19 187 
P-1	175 T20 189 
P0	210 T21 220 
P-1	218 T22 229 
P0	249 T23 258 
P-1	3 T24 265 
P0	267 T25 277 
P-1	271 T26 278 
P0	284 T27 287 
P-1	9 T28 291 
P-1	285 T29 296 
NMec = 97880
Viable Sol. = 0
Profit = 15
T = 30
P = 1
Profits ignored
Solution time = 6.853e-06
Task data
00    5  10     1
01    0  12     1
02   19  28     1
03   41  50     1
04   50  71     1
05   63  73     1
06   71  86     1
07   86  91     1
08   77  93     1
09   85  95     1
10   96 102     1
11   98 108     1
12   95 123     1
13  116 132     1
14    0 145     1
15  143 150     1
16  152 156     1
17  176 182     1
18  170 183     1
19  184 187     1
20  175 189     1
21  210 220     1
22  218 229     1
23  249 258     1
24    3 265     1
25  267 277     1
26  271 278     1
27  284 287     1
28    9 291     1
29  285 296     1
End
