P0	0 T0 11 
P1	0 T1 14 
P-1	0 T2 21 
P2	1 T3 7 
P-1	1 T4 19 
P3	2 T5 15 
P4	2 T6 16 
P-1	2 T7 33 
P5	3 T8 9 
P6	3 T9 16 
P-1	3 T10 27 
P-1	3 T11 30 
P7	5 T12 8 
P-1	5 T13 19 
P8	7 T14 10 
P-1	7 T15 23 
P-1	7 T16 24 
P-1	9 T17 20 
P-1	10 T18 20 
P0	13 T19 15 
P2	13 T20 24 
P1	15 T21 22 
P0	16 T22 24 
P3	17 T23 22 
P4	17 T24 29 
P5	18 T25 24 
P6	18 T26 25 
P7	18 T27 25 
P8	19 T28 22 
P0	27 T29 31 
NMec = 97880
Viable Sol. = 418295144
Profit = 20
T = 30
P = 9
Profits ignored
Solution time = 4.189e+00
Task data
00    0  11     1
01    0  14     1
02    0  21     1
03    1   7     1
04    1  19     1
05    2  15     1
06    2  16     1
07    2  33     1
08    3   9     1
09    3  16     1
10    3  27     1
11    3  30     1
12    5   8     1
13    5  19     1
14    7  10     1
15    7  23     1
16    7  24     1
17    9  20     1
18   10  20     1
19   13  15     1
20   13  24     1
21   15  22     1
22   16  24     1
23   17  22     1
24   17  29     1
25   18  24     1
26   18  25     1
27   18  25     1
28   19  22     1
29   27  31     1
End
