P0	2 T0 7 
P1	2 T1 19 
P-1	2 T2 26 
P2	3 T3 11 
P-1	3 T4 27 
P3	4 T5 8 
P4	4 T6 9 
P-1	4 T7 29 
P5	5 T8 15 
P6	6 T9 11 
P7	6 T10 12 
P-1	6 T11 29 
P8	7 T12 15 
P-1	7 T13 23 
P-1	7 T14 28 
P-1	8 T15 23 
P-1	9 T16 27 
P0	11 T17 16 
P-1	11 T18 24 
P2	12 T19 17 
P3	12 T20 23 
P4	12 T21 26 
P6	13 T22 22 
P7	13 T23 27 
P9	15 T24 25 
P0	17 T25 23 
P2	18 T26 28 
P5	18 T27 29 
P1	21 T28 27 
P8	22 T29 28 
NMec = 97880
Viable Sol. = 584529111
Profit = 21
T = 30
P = 10
Profits ignored
Solution time = 7.094e+00
Task data
00    2   7     1
01    2  19     1
02    2  26     1
03    3  11     1
04    3  27     1
05    4   8     1
06    4   9     1
07    4  29     1
08    5  15     1
09    6  11     1
10    6  12     1
11    6  29     1
12    7  15     1
13    7  23     1
14    7  28     1
15    8  23     1
16    9  27     1
17   11  16     1
18   11  24     1
19   12  17     1
20   12  23     1
21   12  26     1
22   13  22     1
23   13  27     1
24   15  25     1
25   17  23     1
26   18  28     1
27   18  29     1
28   21  27     1
29   22  28     1
End
