P0	1 T0 54 
P1	2 T1 20 
P2	2 T2 34 
P3	5 T3 8 
P-1	5 T4 28 
P-1	8 T5 14 
P-1	12 T6 21 
P-1	13 T7 25 
P3	13 T8 34 
P4	14 T9 32 
P-1	16 T10 21 
P-1	18 T11 26 
P-1	21 T12 25 
P-1	21 T13 26 
P1	21 T14 28 
P-1	21 T15 37 
P-1	24 T16 34 
P-1	26 T17 36 
P-1	28 T18 47 
P1	29 T19 53 
P-1	29 T20 54 
P-1	31 T21 36 
P-1	31 T22 47 
P-1	32 T23 39 
P-1	33 T24 38 
P-1	33 T25 46 
P4	34 T26 57 
P2	42 T27 49 
P3	45 T28 56 
P-1	46 T29 53 
P2	51 T30 54 
NMec = 97880
Viable Sol. = 120476155
Profit = 40390
T = 31
P = 5
Profits not ignored
Solution time = 1.194e+00
Task data
00    1  54  6281
01    2  20  1706
02    2  34  4080
03    5   8   741
04    5  28  2416
05    8  14   508
06   12  21  1271
07   13  25   858
08   13  34  4765
09   14  32  5424
10   16  21  1237
11   18  26  1167
12   21  25  1230
13   21  26   804
14   21  28  1426
15   21  37  2135
16   24  34   854
17   26  36  1077
18   28  47  2598
19   29  53  5394
20   29  54  2482
21   31  36   646
22   31  47  1365
23   32  39  1281
24   33  38   739
25   33  46  2992
26   34  57  4976
27   42  49  2052
28   45  56  2984
29   46  53   889
30   51  54   561
End
