P0	0 T0 14 
P1	0 T1 15 
P-1	0 T2 21 
P-1	2 T3 24 
P-1	3 T4 26 
P-1	4 T5 22 
P2	5 T6 8 
P-1	6 T7 18 
P-1	8 T8 25 
P-1	8 T9 30 
P-1	9 T10 20 
P-1	9 T11 23 
P2	11 T12 16 
P-1	11 T13 23 
P3	12 T14 16 
P-1	12 T15 33 
P-1	13 T16 20 
P-1	13 T17 29 
P-1	13 T18 31 
P4	14 T19 25 
P5	14 T20 29 
P0	15 T21 27 
P6	15 T22 28 
P1	16 T23 22 
P2	17 T24 19 
P3	17 T25 33 
P7	18 T26 28 
P8	18 T27 34 
P2	21 T28 34 
P1	24 T29 25 
P1	27 T30 30 
NMec = 97880
Viable Sol. = 342385730
Profit = 17
T = 31
P = 9
Profits ignored
Solution time = 3.211e+00
Task data
00    0  14     1
01    0  15     1
02    0  21     1
03    2  24     1
04    3  26     1
05    4  22     1
06    5   8     1
07    6  18     1
08    8  25     1
09    8  30     1
10    9  20     1
11    9  23     1
12   11  16     1
13   11  23     1
14   12  16     1
15   12  33     1
16   13  20     1
17   13  29     1
18   13  31     1
19   14  25     1
20   14  29     1
21   15  27     1
22   15  28     1
23   16  22     1
24   17  19     1
25   17  33     1
26   18  28     1
27   18  34     1
28   21  34     1
29   24  25     1
30   27  30     1
End
