P0	0 T0 5 
P-1	0 T1 39 
P1	1 T2 8 
P2	3 T3 13 
P-1	3 T4 42 
P-1	4 T5 18 
P-1	4 T6 25 
P-1	5 T7 29 
P0	6 T8 12 
P-1	7 T9 25 
P3	8 T10 16 
P1	9 T11 11 
P4	9 T12 22 
P5	10 T13 24 
P6	11 T14 17 
P-1	14 T15 29 
P0	15 T16 19 
P1	15 T17 28 
P2	16 T18 24 
P3	19 T19 27 
P-1	19 T20 43 
P0	21 T21 44 
P4	23 T22 34 
P6	23 T23 37 
P2	25 T24 34 
P5	25 T25 44 
P3	28 T26 38 
P1	33 T27 40 
P2	35 T28 44 
P4	38 T29 41 
P3	40 T30 44 
NMec = 97880
Viable Sol. = 781670154
Profit = 23
T = 31
P = 7
Profits ignored
Solution time = 6.899e+00
Task data
00    0   5     1
01    0  39     1
02    1   8     1
03    3  13     1
04    3  42     1
05    4  18     1
06    4  25     1
07    5  29     1
08    6  12     1
09    7  25     1
10    8  16     1
11    9  11     1
12    9  22     1
13   10  24     1
14   11  17     1
15   14  29     1
16   15  19     1
17   15  28     1
18   16  24     1
19   19  27     1
20   19  43     1
21   21  44     1
22   23  34     1
23   23  37     1
24   25  34     1
25   25  44     1
26   28  38     1
27   33  40     1
28   35  44     1
29   38  41     1
30   40  44     1
End
