P-1	1 T0 13 
P-1	1 T1 42 
P0	2 T2 13 
P1	2 T3 28 
P2	4 T4 21 
P3	4 T5 24 
P-1	5 T6 24 
P-1	6 T7 28 
P-1	8 T8 14 
P4	8 T9 24 
P5	10 T10 51 
P-1	12 T11 20 
P-1	12 T12 21 
P-1	16 T13 33 
P-1	18 T14 28 
P0	19 T15 35 
P-1	19 T16 41 
P-1	20 T17 34 
P-1	20 T18 39 
P-1	21 T19 51 
P2	23 T20 37 
P-1	24 T21 40 
P3	25 T22 31 
P4	26 T23 29 
P1	29 T24 42 
P4	30 T25 48 
P3	34 T26 41 
P-1	37 T27 40 
P0	37 T28 42 
P2	39 T29 49 
P0	45 T30 51 
NMec = 97880
Viable Sol. = 186871066
Profit = 43543
T = 31
P = 6
Profits not ignored
Solution time = 1.737e+00
Task data
00    1  13  1011
01    1  42  3849
02    2  13  2561
03    2  28  3548
04    4  21  2396
05    4  24  3681
06    5  24  3231
07    6  28  3482
08    8  14  1092
09    8  24  4201
10   10  51  7602
11   12  20  1023
12   12  21  1840
13   16  33  2399
14   18  28   672
15   19  35  3958
16   19  41  3932
17   20  34  1661
18   20  39  1680
19   21  51  3150
20   23  37  2116
21   24  40  1448
22   25  31   694
23   26  29   631
24   29  42  3118
25   30  48  3556
26   34  41   860
27   37  40   449
28   37  42   739
29   39  49  2691
30   45  51  1191
End
