P-1	5 T0 76 
P0	8 T1 11 
P-1	8 T2 29 
P-1	15 T3 37 
P0	16 T4 29 
P-1	16 T5 34 
P-1	18 T6 77 
P1	21 T7 24 
P2	21 T8 33 
P-1	22 T9 38 
P-1	23 T10 38 
P-1	23 T11 44 
P1	25 T12 35 
P3	25 T13 36 
P-1	26 T14 41 
P-1	27 T15 47 
P-1	31 T16 57 
P0	34 T17 52 
P2	34 T18 54 
P1	37 T19 46 
P-1	38 T20 65 
P3	40 T21 43 
P3	44 T22 58 
P-1	45 T23 71 
P-1	48 T24 64 
P-1	50 T25 63 
P0	56 T26 63 
P1	59 T27 69 
P2	63 T28 70 
P3	63 T29 72 
P0	65 T30 71 
NMec = 97880
Viable Sol. = 30948534
Profit = 16
T = 31
P = 4
Profits ignored
Solution time = 2.825e-01
Task data
00    5  76     1
01    8  11     1
02    8  29     1
03   15  37     1
04   16  29     1
05   16  34     1
06   18  77     1
07   21  24     1
08   21  33     1
09   22  38     1
10   23  38     1
11   23  44     1
12   25  35     1
13   25  36     1
14   26  41     1
15   27  47     1
16   31  57     1
17   34  52     1
18   34  54     1
19   37  46     1
20   38  65     1
21   40  43     1
22   44  58     1
23   45  71     1
24   48  64     1
25   50  63     1
26   56  63     1
27   59  69     1
28   63  70     1
29   63  72     1
30   65  71     1
End
