P0	1 T0 13 
P-1	11 T1 34 
P-1	12 T2 31 
P0	15 T3 33 
P-1	16 T4 52 
P1	23 T5 30 
P-1	23 T6 35 
P1	31 T7 42 
P-1	32 T8 56 
P0	34 T9 37 
P0	38 T10 45 
P0	46 T11 50 
P1	47 T12 57 
P0	56 T13 59 
P-1	59 T14 85 
P0	62 T15 82 
P-1	76 T16 93 
P1	78 T17 89 
P-1	80 T18 97 
P-1	81 T19 114 
P-1	85 T20 141 
P0	86 T21 100 
P1	94 T22 115 
P0	108 T23 114 
P-1	109 T24 121 
P-1	116 T25 129 
P-1	117 T26 126 
P0	120 T27 142 
P1	121 T28 126 
P1	133 T29 145 
P0	146 T30 153 
NMec = 97880
Viable Sol. = 18408456
Profit = 18
T = 31
P = 2
Profits ignored
Solution time = 1.615e-01
Task data
00    1  13     1
01   11  34     1
02   12  31     1
03   15  33     1
04   16  52     1
05   23  30     1
06   23  35     1
07   31  42     1
08   32  56     1
09   34  37     1
10   38  45     1
11   46  50     1
12   47  57     1
13   56  59     1
14   59  85     1
15   62  82     1
16   76  93     1
17   78  89     1
18   80  97     1
19   81 114     1
20   85 141     1
21   86 100     1
22   94 115     1
23  108 114     1
24  109 121     1
25  116 129     1
26  117 126     1
27  120 142     1
28  121 126     1
29  133 145     1
30  146 153     1
End
