P-1	9 T0 238 
P0	11 T1 286 
P-1	19 T2 24 
P-1	47 T3 62 
P-1	56 T4 73 
P-1	75 T5 94 
P-1	78 T6 85 
P-1	79 T7 97 
P-1	83 T8 90 
P-1	84 T9 103 
P-1	98 T10 111 
P-1	100 T11 101 
P-1	100 T12 108 
P-1	103 T13 104 
P-1	103 T14 116 
P-1	106 T15 168 
P-1	131 T16 142 
P-1	133 T17 156 
P-1	134 T18 140 
P-1	134 T19 154 
P-1	141 T20 162 
P-1	142 T21 157 
P-1	147 T22 160 
P-1	149 T23 217 
P-1	164 T24 176 
P-1	168 T25 177 
P-1	203 T26 213 
P-1	214 T27 305 
P-1	257 T28 265 
P-1	285 T29 307 
P0	292 T30 299 
NMec = 97880
Viable Sol. = 130184
Profit = 45010
T = 31
P = 1
Profits not ignored
Solution time = 1.308e-03
Task data
00    9 238 18238
01   11 286 43369
02   19  24  1350
03   47  62  2616
04   56  73  3179
05   75  94  2748
06   78  85  1314
07   79  97  1920
08   83  90   624
09   84 103  1941
10   98 111  3796
11  100 101   319
12  100 108  2376
13  103 104   302
14  103 116  3981
15  106 168 14611
16  131 142  1320
17  133 156  3548
18  134 140  1447
19  134 154  6083
20  141 162  6062
21  142 157  2391
22  147 160  1547
23  149 217 14762
24  164 176  2447
25  168 177  1689
26  203 213  1311
27  214 305  5258
28  257 265  1119
29  285 307  1727
30  292 299  1641
End
