P0	0 T0 19 
P1	0 T1 20 
P2	1 T2 4 
P3	3 T3 8 
P4	3 T4 15 
P-1	3 T5 19 
P-1	3 T6 23 
P5	4 T7 30 
P-1	6 T8 18 
P2	7 T9 15 
P6	7 T10 26 
P-1	7 T11 27 
P7	7 T12 29 
P-1	8 T13 23 
P8	8 T14 26 
P3	9 T15 13 
P-1	10 T16 18 
P9	10 T17 28 
P-1	12 T18 14 
P-1	12 T19 15 
P-1	13 T20 17 
P-1	14 T21 20 
P3	14 T22 27 
P-1	14 T23 30 
P-1	16 T24 29 
P2	17 T25 28 
P4	17 T26 28 
P-1	18 T27 30 
P0	20 T28 29 
P-1	23 T29 24 
P1	23 T30 30 
NMec = 97880
Viable Sol. = 870502836
Profit = 40287
T = 31
P = 10
Profits not ignored
Solution time = 7.596e+00
Task data
00    0  19  1814
01    0  20  3614
02    1   4   944
03    3   8   496
04    3  15  2377
05    3  19  1482
06    3  23  2537
07    4  30  5933
08    6  18  1497
09    7  15  1252
10    7  26  4013
11    7  27  2224
12    7  29  2842
13    8  23  1559
14    8  26  3401
15    9  13   520
16   10  18  1749
17   10  28  2739
18   12  14   378
19   12  15   844
20   13  17   769
21   14  20  1268
22   14  27  2309
23   14  30  1351
24   16  29  1076
25   17  28  2564
26   17  28  3031
27   18  30  1211
28   20  29  1779
29   23  24   244
30   23  30   659
End
