P0	1 T0 10 
P-1	1 T1 22 
P-1	2 T2 106 
P1	9 T3 16 
P-1	9 T4 25 
P-1	12 T5 32 
P0	13 T6 22 
P2	16 T7 23 
P-1	17 T8 30 
P-1	19 T9 28 
P-1	20 T10 33 
P-1	22 T11 32 
P1	22 T12 32 
P0	23 T13 36 
P2	25 T14 38 
P-1	29 T15 52 
P1	35 T16 47 
P0	37 T17 41 
P-1	37 T18 98 
P2	40 T19 50 
P0	53 T20 68 
P1	57 T21 80 
P-1	63 T22 89 
P-1	67 T23 84 
P-1	76 T24 83 
P0	77 T25 84 
P-1	79 T26 103 
P1	82 T27 89 
P2	83 T28 91 
P0	85 T29 104 
P1	92 T30 95 
P2	94 T31 103 
NMec = 97880
Viable Sol. = 53463602
Profit = 18
T = 32
P = 3
Profits ignored
Solution time = 5.062e-01
Task data
00    1  10     1
01    1  22     1
02    2 106     1
03    9  16     1
04    9  25     1
05   12  32     1
06   13  22     1
07   16  23     1
08   17  30     1
09   19  28     1
10   20  33     1
11   22  32     1
12   22  32     1
13   23  36     1
14   25  38     1
15   29  52     1
16   35  47     1
17   37  41     1
18   37  98     1
19   40  50     1
20   53  68     1
21   57  80     1
22   63  89     1
23   67  84     1
24   76  83     1
25   77  84     1
26   79 103     1
27   82  89     1
28   83  91     1
29   85 104     1
30   92  95     1
31   94 103     1
End
