P0	1 T0 19 
P-1	4 T1 11 
P-1	4 T2 15 
P-1	4 T3 23 
P1	4 T4 24 
P2	7 T5 11 
P3	9 T6 32 
P-1	10 T7 50 
P2	14 T8 17 
P-1	18 T9 35 
P-1	18 T10 37 
P-1	19 T11 31 
P0	20 T12 78 
P-1	22 T13 76 
P-1	23 T14 37 
P2	24 T15 44 
P-1	24 T16 46 
P1	25 T17 39 
P-1	29 T18 47 
P-1	36 T19 58 
P3	37 T20 51 
P-1	38 T21 48 
P-1	38 T22 49 
P-1	39 T23 48 
P-1	44 T24 55 
P1	44 T25 59 
P-1	49 T26 63 
P2	50 T27 58 
P-1	50 T28 59 
P-1	55 T29 60 
P3	57 T30 66 
P1	65 T31 72 
NMec = 97880
Viable Sol. = 103126022
Profit = 48580
T = 32
P = 4
Profits not ignored
Solution time = 9.943e-01
Task data
00    1  19  3186
01    4  11  1085
02    4  15  1035
03    4  23  1645
04    4  24  4281
05    7  11  1183
06    9  32  6647
07   10  50  6196
08   14  17   625
09   18  35  1786
10   18  37  2293
11   19  31  1592
12   20  78 12001
13   22  76  4435
14   23  37  2508
15   24  44  5163
16   24  46  4710
17   25  39  2991
18   29  47  3580
19   36  58  2781
20   37  51  2962
21   38  48  1302
22   38  49  1269
23   39  48  1693
24   44  55  2276
25   44  59  4036
26   49  63  1215
27   50  58  2002
28   50  59  1047
29   55  60   596
30   57  66  1873
31   65  72  1630
End
