P-1	0 T0 158 
P0	1 T1 21 
P1	7 T2 13 
P-1	10 T3 26 
P-1	13 T4 39 
P1	15 T5 153 
P-1	19 T6 25 
P-1	21 T7 37 
P0	29 T8 50 
P-1	42 T9 54 
P-1	44 T10 52 
P-1	51 T11 71 
P0	51 T12 71 
P-1	52 T13 64 
P-1	68 T14 81 
P-1	74 T15 94 
P0	81 T16 86 
P-1	81 T17 106 
P-1	87 T18 95 
P0	87 T19 98 
P-1	89 T20 93 
P-1	90 T21 99 
P-1	96 T22 115 
P-1	98 T23 114 
P0	99 T24 109 
P-1	105 T25 117 
P0	112 T26 119 
P-1	119 T27 157 
P0	137 T28 150 
P-1	140 T29 154 
P-1	141 T30 152 
P0	151 T31 156 
NMec = 97880
Viable Sol. = 18025757
Profit = 46362
T = 32
P = 2
Profits not ignored
Solution time = 1.809e-01
Task data
00    0 158 11026
01    1  21  2608
02    7  13   680
03   10  26  2241
04   13  39  5606
05   15 153 24666
06   19  25  1308
07   21  37  3220
08   29  50  5115
09   42  54  1831
10   44  52   828
11   51  71  1591
12   51  71  3700
13   52  64  3188
14   68  81  1337
15   74  94  2541
16   81  86   849
17   81 106  3438
18   87  95  1510
19   87  98  2456
20   89  93   633
21   90  99   904
22   96 115  1698
23   98 114  1963
24   99 109  1058
25  105 117  1201
26  112 119  1507
27  119 157  2588
28  137 150  2922
29  140 154  1716
30  141 152  2461
31  151 156   801
End
