P-1	1 T0 49 
P-1	4 T1 26 
P-1	4 T2 48 
P-1	7 T3 38 
P-1	9 T4 35 
P0	12 T5 18 
P-1	12 T6 26 
P-1	12 T7 31 
P-1	12 T8 32 
P-1	12 T9 48 
P-1	13 T10 25 
P1	15 T11 22 
P-1	15 T12 36 
P-1	16 T13 34 
P-1	17 T14 26 
P-1	17 T15 29 
P-1	20 T16 50 
P0	21 T17 34 
P2	21 T18 34 
P3	22 T19 33 
P4	22 T20 35 
P1	25 T21 30 
P5	25 T22 32 
P-1	29 T23 48 
P-1	30 T24 45 
P-1	31 T25 45 
P1	34 T26 43 
P0	38 T27 51 
P2	38 T28 53 
P3	40 T29 48 
P4	40 T30 49 
P5	42 T31 46 
NMec = 97880
Viable Sol. = 79603916
Profit = 14
T = 32
P = 6
Profits ignored
Solution time = 8.182e-01
Task data
00    1  49     1
01    4  26     1
02    4  48     1
03    7  38     1
04    9  35     1
05   12  18     1
06   12  26     1
07   12  31     1
08   12  32     1
09   12  48     1
10   13  25     1
11   15  22     1
12   15  36     1
13   16  34     1
14   17  26     1
15   17  29     1
16   20  50     1
17   21  34     1
18   21  34     1
19   22  33     1
20   22  35     1
21   25  30     1
22   25  32     1
23   29  48     1
24   30  45     1
25   31  45     1
26   34  43     1
27   38  51     1
28   38  53     1
29   40  48     1
30   40  49     1
31   42  46     1
End
