P0	0 T0 7 
P1	0 T1 16 
P2	0 T2 18 
P3	1 T3 4 
P4	2 T4 9 
P5	2 T5 23 
P6	4 T6 10 
P-1	5 T7 28 
P3	6 T8 22 
P7	6 T9 28 
P-1	7 T10 18 
P0	9 T11 17 
P-1	9 T12 29 
P-1	9 T13 30 
P-1	11 T14 20 
P-1	12 T15 19 
P-1	12 T16 25 
P4	14 T17 23 
P-1	15 T18 28 
P6	15 T19 28 
P-1	16 T20 31 
P0	18 T21 30 
P1	19 T22 39 
P-1	20 T23 33 
P2	20 T24 38 
P-1	21 T25 28 
P-1	22 T26 31 
P3	23 T27 33 
P4	24 T28 35 
P5	24 T29 39 
P-1	27 T30 35 
P0	34 T31 39 
NMec = 97880
Viable Sol. = 1125388884
Profit = 43221
T = 32
P = 8
Profits not ignored
Solution time = 1.134e+01
Task data
00    0   7  1379
01    0  16  3073
02    0  18  4644
03    1   4   760
04    2   9  1296
05    2  23  2353
06    4  10   754
07    5  28  2826
08    6  22  3643
09    6  28  3998
10    7  18  1819
11    9  17  1572
12    9  29  1263
13    9  30  2132
14   11  20  1752
15   12  19   739
16   12  25  2208
17   14  23  2328
18   15  28  1988
19   15  28  3313
20   16  31  1287
21   18  30  3142
22   19  39  2356
23   20  33  1219
24   20  38  2025
25   21  28  1061
26   22  31  1026
27   23  33  1481
28   24  35  2039
29   24  39  2427
30   27  35   661
31   34  39   638
End
