P-1	1 T0 13 
P-1	1 T1 22 
P0	2 T2 16 
P-1	3 T3 19 
P-1	3 T4 45 
P-1	4 T5 26 
P-1	4 T6 27 
P-1	5 T7 21 
P1	7 T8 14 
P-1	7 T9 19 
P-1	7 T10 31 
P-1	8 T11 25 
P-1	8 T12 33 
P2	9 T13 17 
P3	9 T14 22 
P4	10 T15 21 
P5	12 T16 23 
P6	13 T17 15 
P-1	14 T18 40 
P1	16 T19 21 
P6	16 T20 22 
P0	17 T21 26 
P2	19 T22 32 
P-1	19 T23 35 
P-1	20 T24 41 
P1	25 T25 34 
P0	28 T26 42 
P2	33 T27 36 
P3	33 T28 39 
P4	33 T29 43 
P5	34 T30 38 
P6	34 T31 45 
NMec = 97880
Viable Sol. = 391839076
Profit = 18
T = 32
P = 7
Profits ignored
Solution time = 3.817e+00
Task data
00    1  13     1
01    1  22     1
02    2  16     1
03    3  19     1
04    3  45     1
05    4  26     1
06    4  27     1
07    5  21     1
08    7  14     1
09    7  19     1
10    7  31     1
11    8  25     1
12    8  33     1
13    9  17     1
14    9  22     1
15   10  21     1
16   12  23     1
17   13  15     1
18   14  40     1
19   16  21     1
20   16  22     1
21   17  26     1
22   19  32     1
23   19  35     1
24   20  41     1
25   25  34     1
26   28  42     1
27   33  36     1
28   33  39     1
29   33  43     1
30   34  38     1
31   34  45     1
End
