P-1	1 T0 77 
P0	3 T1 10 
P1	3 T2 21 
P-1	11 T3 60 
P-1	12 T4 39 
P-1	13 T5 33 
P0	16 T6 20 
P2	19 T7 22 
P-1	20 T8 42 
P0	23 T9 35 
P1	26 T10 33 
P2	27 T11 38 
P3	29 T12 32 
P-1	32 T13 42 
P-1	35 T14 42 
P-1	35 T15 53 
P-1	36 T16 50 
P0	36 T17 50 
P1	37 T18 43 
P2	39 T19 50 
P3	40 T20 43 
P-1	42 T21 58 
P-1	46 T22 64 
P1	48 T23 65 
P3	50 T24 57 
P0	53 T25 62 
P2	56 T26 68 
P-1	58 T27 73 
P-1	61 T28 69 
P0	64 T29 76 
P1	66 T30 69 
P3	66 T31 79 
P2	69 T32 81 
NMec = 97880
Viable Sol. = 411668598
Profit = 20
T = 33
P = 4
Profits ignored
Solution time = 3.836e+00
Task data
00    1  77     1
01    3  10     1
02    3  21     1
03   11  60     1
04   12  39     1
05   13  33     1
06   16  20     1
07   19  22     1
08   20  42     1
09   23  35     1
10   26  33     1
11   27  38     1
12   29  32     1
13   32  42     1
14   35  42     1
15   35  53     1
16   36  50     1
17   36  50     1
18   37  43     1
19   39  50     1
20   40  43     1
21   42  58     1
22   46  64     1
23   48  65     1
24   50  57     1
25   53  62     1
26   56  68     1
27   58  73     1
28   61  69     1
29   64  76     1
30   66  69     1
31   66  79     1
32   69  81     1
End
