P0	12 T0 16 
P-1	6 T1 18 
P-1	14 T2 20 
P0	17 T3 26 
P0	41 T4 59 
P-1	58 T5 81 
P0	67 T6 85 
P0	93 T7 98 
P-1	87 T8 105 
P0	118 T9 137 
P-1	108 T10 152 
P-1	128 T11 152 
P-1	17 T12 178 
P0	183 T13 197 
P-1	188 T14 198 
P-1	188 T15 199 
P-1	175 T16 202 
P0	203 T17 207 
P-1	197 T18 212 
P0	211 T19 214 
P-1	213 T20 223 
P0	224 T21 242 
P-1	240 T22 243 
P-1	239 T23 256 
P0	252 T24 270 
P-1	250 T25 272 
P0	280 T26 281 
P-1	272 T27 292 
P0	283 T28 294 
P-1	290 T29 301 
P-1	292 T30 306 
P-1	123 T31 319 
P-1	14 T32 329 
NMec = 97880
Viable Sol. = 0
Profit = 13
T = 33
P = 1
Profits ignored
Solution time = 1.832e-05
Task data
00   12  16     1
01    6  18     1
02   14  20     1
03   17  26     1
04   41  59     1
05   58  81     1
06   67  85     1
07   93  98     1
08   87 105     1
09  118 137     1
10  108 152     1
11  128 152     1
12   17 178     1
13  183 197     1
14  188 198     1
15  188 199     1
16  175 202     1
17  203 207     1
18  197 212     1
19  211 214     1
20  213 223     1
21  224 242     1
22  240 243     1
23  239 256     1
24  252 270     1
25  250 272     1
26  280 281     1
27  272 292     1
28  283 294     1
29  290 301     1
30  292 306     1
31  123 319     1
32   14 329     1
End
