P-1	0 T0 45 
P0	2 T1 10 
P1	2 T2 14 
P-1	3 T3 42 
P-1	4 T4 27 
P-1	5 T5 19 
P2	8 T6 15 
P-1	9 T7 22 
P3	9 T8 23 
P0	11 T9 26 
P4	14 T10 20 
P5	14 T11 23 
P-1	14 T12 39 
P-1	16 T13 35 
P1	17 T14 24 
P2	18 T15 19 
P6	19 T16 28 
P2	20 T17 26 
P-1	20 T18 32 
P-1	21 T19 37 
P-1	22 T20 38 
P-1	23 T21 35 
P3	24 T22 38 
P4	24 T23 42 
P1	26 T24 38 
P0	27 T25 34 
P2	28 T26 47 
P5	29 T27 31 
P6	30 T28 44 
P5	33 T29 43 
P0	36 T30 41 
P1	39 T31 46 
P0	45 T32 46 
NMec = 97880
Viable Sol. = 1930919356
Profit = 22
T = 33
P = 7
Profits ignored
Solution time = 1.778e+01
Task data
00    0  45     1
01    2  10     1
02    2  14     1
03    3  42     1
04    4  27     1
05    5  19     1
06    8  15     1
07    9  22     1
08    9  23     1
09   11  26     1
10   14  20     1
11   14  23     1
12   14  39     1
13   16  35     1
14   17  24     1
15   18  19     1
16   19  28     1
17   20  26     1
18   20  32     1
19   21  37     1
20   22  38     1
21   23  35     1
22   24  38     1
23   24  42     1
24   26  38     1
25   27  34     1
26   28  47     1
27   29  31     1
28   30  44     1
29   33  43     1
30   36  41     1
31   39  46     1
32   45  46     1
End
