P0	0 T0 7 
P1	0 T1 9 
P-1	0 T2 11 
P2	0 T3 11 
P-1	0 T4 41 
P3	2 T5 23 
P-1	4 T6 11 
P4	4 T7 14 
P-1	5 T8 17 
P5	5 T9 19 
P6	6 T10 7 
P-1	6 T11 22 
P7	7 T12 16 
P0	8 T13 32 
P-1	9 T14 29 
P6	9 T15 37 
P-1	10 T16 27 
P1	12 T17 28 
P-1	13 T18 18 
P-1	14 T19 22 
P-1	15 T20 21 
P2	15 T21 27 
P4	15 T22 34 
P7	17 T23 36 
P-1	18 T24 31 
P-1	19 T25 29 
P5	22 T26 36 
P3	24 T27 33 
P1	32 T28 41 
P0	33 T29 41 
P2	34 T30 38 
P3	34 T31 39 
P4	38 T32 41 
NMec = 97880
Viable Sol. = 3480440856
Profit = 50243
T = 33
P = 8
Profits not ignored
Solution time = 3.297e+01
Task data
00    0   7   883
01    0   9  2668
02    0  11  1141
03    0  11  2198
04    0  41  3871
05    2  23  4532
06    4  11  1268
07    4  14  2860
08    5  17  1642
09    5  19  3506
10    6   7   188
11    6  22  3236
12    7  16  2101
13    8  32  3689
14    9  29  3361
15    9  37  4582
16   10  27  1175
17   12  28  4254
18   13  18   813
19   14  22  1126
20   15  21   644
21   15  27  2455
22   15  34  2365
23   17  36  4544
24   18  31  1353
25   19  29   904
26   22  36  1525
27   24  33  1523
28   32  41  1571
29   33  41  2137
30   34  38  1068
31   34  39  1099
32   38  41   495
End
