P-1	0 T0 17 
P-1	0 T1 20 
P0	1 T2 9 
P1	1 T3 17 
P-1	1 T4 28 
P-1	3 T5 28 
P-1	4 T6 20 
P-1	4 T7 23 
P2	5 T8 14 
P3	5 T9 15 
P4	5 T10 20 
P-1	7 T11 25 
P-1	7 T12 28 
P-1	8 T13 23 
P-1	8 T14 23 
P-1	8 T15 27 
P-1	9 T16 21 
P-1	10 T17 21 
P-1	10 T18 33 
P-1	11 T19 22 
P-1	12 T20 25 
P0	16 T21 21 
P2	16 T22 25 
P3	16 T23 30 
P5	16 T24 34 
P6	17 T25 23 
P7	17 T26 30 
P8	17 T27 30 
P1	20 T28 35 
P4	21 T29 26 
P0	24 T30 29 
P6	24 T31 35 
P2	29 T32 34 
NMec = 97880
Viable Sol. = 810876108
Profit = 17
T = 33
P = 9
Profits ignored
Solution time = 7.287e+00
Task data
00    0  17     1
01    0  20     1
02    1   9     1
03    1  17     1
04    1  28     1
05    3  28     1
06    4  20     1
07    4  23     1
08    5  14     1
09    5  15     1
10    5  20     1
11    7  25     1
12    7  28     1
13    8  23     1
14    8  23     1
15    8  27     1
16    9  21     1
17   10  21     1
18   10  33     1
19   11  22     1
20   12  25     1
21   16  21     1
22   16  25     1
23   16  30     1
24   16  34     1
25   17  23     1
26   17  30     1
27   17  30     1
28   20  35     1
29   21  26     1
30   24  29     1
31   24  35     1
32   29  34     1
End
