P0	0 T0 45 
P1	2 T1 10 
P2	2 T2 14 
P3	3 T3 42 
P4	4 T4 27 
P-1	5 T5 19 
P5	8 T6 15 
P-1	9 T7 22 
P6	9 T8 23 
P1	11 T9 26 
P-1	14 T10 20 
P-1	14 T11 23 
P-1	14 T12 39 
P-1	16 T13 35 
P2	17 T14 24 
P-1	18 T15 19 
P5	19 T16 28 
P-1	20 T17 26 
P-1	20 T18 32 
P-1	21 T19 37 
P-1	22 T20 38 
P-1	23 T21 35 
P-1	24 T22 38 
P6	24 T23 42 
P2	26 T24 38 
P1	27 T25 34 
P4	28 T26 47 
P5	29 T27 31 
P-1	30 T28 44 
P5	33 T29 43 
P1	36 T30 41 
P2	39 T31 46 
P1	45 T32 46 
NMec = 97880
Viable Sol. = 1930919356
Profit = 46375
T = 33
P = 7
Profits not ignored
Solution time = 1.898e+01
Task data
00    0  45  7045
01    2  10  1334
02    2  14  1369
03    3  42  6922
04    4  27  3646
05    5  19  1673
06    8  15  1627
07    9  22  1436
08    9  23  3274
09   11  26  1910
10   14  20   796
11   14  23  1025
12   14  39  4392
13   16  35  1683
14   17  24  1450
15   18  19   307
16   19  28  1344
17   20  26   755
18   20  32   919
19   21  37  1643
20   22  38  1669
21   23  35  1856
22   24  38  2176
23   24  42  4308
24   26  38  1921
25   27  34  1434
26   28  47  2803
27   29  31   575
28   30  44  2225
29   33  43  2597
30   36  41  1496
31   39  46  1167
32   45  46   153
End
