P-1	0 T0 27 
P0	2 T1 19 
P1	2 T2 28 
P2	3 T3 27 
P-1	3 T4 56 
P-1	3 T5 57 
P-1	5 T6 16 
P3	7 T7 16 
P-1	8 T8 18 
P-1	9 T9 14 
P4	10 T10 16 
P-1	14 T11 38 
P-1	16 T12 51 
P3	17 T13 56 
P4	18 T14 41 
P-1	19 T15 24 
P0	20 T16 28 
P-1	21 T17 31 
P-1	21 T18 32 
P-1	23 T19 34 
P-1	24 T20 38 
P-1	26 T21 29 
P-1	34 T22 40 
P0	36 T23 51 
P-1	36 T24 54 
P1	36 T25 65 
P-1	40 T26 56 
P2	40 T27 56 
P4	44 T28 50 
P-1	45 T29 53 
P-1	48 T30 51 
P0	53 T31 58 
P4	53 T32 62 
NMec = 97880
Viable Sol. = 369377071
Profit = 43082
T = 33
P = 5
Profits not ignored
Solution time = 3.646e+00
Task data
00    0  27  2391
01    2  19  1736
02    2  28  4671
03    3  27  5370
04    3  56  5084
05    3  57  5423
06    5  16   746
07    7  16  2015
08    8  18   999
09    9  14   739
10   10  16   875
11   14  38  2806
12   16  51  4786
13   17  56  7793
14   18  41  5005
15   19  24   778
16   20  28  2087
17   21  31   826
18   21  32   986
19   23  34   857
20   24  38  2081
21   26  29   376
22   34  40   677
23   36  51  3009
24   36  54  1955
25   36  65  2897
26   40  56  2827
27   40  56  4383
28   44  50  1016
29   45  53  1704
30   48  51   319
31   53  58   714
32   53  62  1511
End
