P0	0 T0 4 
P1	0 T1 12 
P-1	0 T2 14 
P-1	0 T3 32 
P-1	1 T4 25 
P2	2 T5 15 
P-1	2 T6 19 
P3	3 T7 14 
P4	4 T8 15 
P-1	5 T9 20 
P-1	5 T10 21 
P0	6 T11 15 
P-1	6 T12 19 
P-1	7 T13 18 
P5	8 T14 17 
P6	9 T15 13 
P7	9 T16 20 
P-1	9 T17 29 
P-1	10 T18 27 
P-1	12 T19 24 
P-1	12 T20 28 
P-1	13 T21 26 
P1	13 T22 32 
P6	14 T23 18 
P8	14 T24 24 
P9	14 T25 28 
P0	16 T26 25 
P2	18 T27 25 
P3	18 T28 27 
P4	18 T29 28 
P5	18 T30 29 
P6	20 T31 28 
P7	23 T32 31 
NMec = 97880
Viable Sol. = 2143552314
Profit = 20
T = 33
P = 10
Profits ignored
Solution time = 2.038e+01
Task data
00    0   4     1
01    0  12     1
02    0  14     1
03    0  32     1
04    1  25     1
05    2  15     1
06    2  19     1
07    3  14     1
08    4  15     1
09    5  20     1
10    5  21     1
11    6  15     1
12    6  19     1
13    7  18     1
14    8  17     1
15    9  13     1
16    9  20     1
17    9  29     1
18   10  27     1
19   12  24     1
20   12  28     1
21   13  26     1
22   13  32     1
23   14  18     1
24   14  24     1
25   14  28     1
26   16  25     1
27   18  25     1
28   18  27     1
29   18  28     1
30   18  29     1
31   20  28     1
32   23  31     1
End
