P-1	2 T0 14 
P-1	3 T1 81 
P-1	4 T2 88 
P-1	5 T3 15 
P-1	6 T4 26 
P-1	7 T5 18 
P0	7 T6 22 
P-1	10 T7 113 
P1	11 T8 24 
P2	13 T9 18 
P-1	17 T10 38 
P-1	20 T11 109 
P2	21 T12 26 
P0	25 T13 33 
P1	26 T14 30 
P-1	30 T15 54 
P0	36 T16 45 
P1	37 T17 56 
P2	39 T18 44 
P-1	39 T19 95 
P0	47 T20 58 
P-1	55 T21 73 
P2	56 T22 62 
P-1	67 T23 73 
P0	68 T24 89 
P1	70 T25 79 
P2	73 T26 77 
P1	83 T27 90 
P-1	85 T28 113 
P-1	88 T29 101 
P-1	89 T30 103 
P0	95 T31 106 
P1	97 T32 105 
P2	101 T33 112 
NMec = 97880
Viable Sol. = 146029093
Profit = 18
T = 34
P = 3
Profits ignored
Solution time = 1.384e+00
Task data
00    2  14     1
01    3  81     1
02    4  88     1
03    5  15     1
04    6  26     1
05    7  18     1
06    7  22     1
07   10 113     1
08   11  24     1
09   13  18     1
10   17  38     1
11   20 109     1
12   21  26     1
13   25  33     1
14   26  30     1
15   30  54     1
16   36  45     1
17   37  56     1
18   39  44     1
19   39  95     1
20   47  58     1
21   55  73     1
22   56  62     1
23   67  73     1
24   68  89     1
25   70  79     1
26   73  77     1
27   83  90     1
28   85 113     1
29   88 101     1
30   89 103     1
31   95 106     1
32   97 105     1
33  101 112     1
End
