P-1	2 T0 14 
P0	3 T1 81 
P-1	4 T2 88 
P1	5 T3 15 
P-1	6 T4 26 
P-1	7 T5 18 
P2	7 T6 22 
P-1	10 T7 113 
P-1	11 T8 24 
P-1	13 T9 18 
P-1	17 T10 38 
P1	20 T11 109 
P-1	21 T12 26 
P-1	25 T13 33 
P2	26 T14 30 
P-1	30 T15 54 
P-1	36 T16 45 
P2	37 T17 56 
P-1	39 T18 44 
P-1	39 T19 95 
P-1	47 T20 58 
P-1	55 T21 73 
P-1	56 T22 62 
P-1	67 T23 73 
P2	68 T24 89 
P-1	70 T25 79 
P-1	73 T26 77 
P-1	83 T27 90 
P0	85 T28 113 
P-1	88 T29 101 
P-1	89 T30 103 
P2	95 T31 106 
P-1	97 T32 105 
P-1	101 T33 112 
NMec = 97880
Viable Sol. = 146029093
Profit = 48901
T = 34
P = 3
Profits not ignored
Solution time = 1.553e+00
Task data
00    2  14  1613
01    3  81 11713
02    4  88  5306
03    5  15  1886
04    6  26  3240
05    7  18  1465
06    7  22  3753
07   10 113 12961
08   11  24  1241
09   13  18   520
10   17  38  3126
11   20 109 12844
12   21  26  1106
13   25  33   749
14   26  30  1372
15   30  54  2246
16   36  45  2204
17   37  56  4572
18   39  44   868
19   39  95  6784
20   47  58  1729
21   55  73  2428
22   56  62   969
23   67  73  1223
24   68  89  4703
25   70  79  1992
26   73  77   581
27   83  90  1437
28   85 113  6298
29   88 101  1482
30   89 103  2345
31   95 106  1760
32   97 105   905
33  101 112  1288
End
