P0	0 T0 7 
P1	1 T1 32 
P2	3 T2 11 
P3	4 T3 9 
P4	4 T4 21 
P5	4 T5 32 
P-1	6 T6 14 
P0	10 T7 18 
P3	10 T8 20 
P-1	12 T9 22 
P-1	12 T10 24 
P2	14 T11 27 
P-1	16 T12 25 
P-1	20 T13 29 
P-1	20 T14 35 
P-1	20 T15 39 
P0	20 T16 43 
P3	21 T17 39 
P4	26 T18 36 
P-1	28 T19 44 
P-1	28 T20 52 
P-1	30 T21 42 
P-1	31 T22 42 
P2	32 T23 40 
P1	33 T24 53 
P-1	35 T25 47 
P5	35 T26 53 
P-1	35 T27 56 
P4	39 T28 51 
P3	40 T29 51 
P2	41 T30 55 
P-1	43 T31 54 
P0	47 T32 56 
P3	52 T33 56 
NMec = 97880
Viable Sol. = 3348299963
Profit = 49082
T = 34
P = 6
Profits not ignored
Solution time = 3.546e+01
Task data
00    0   7   912
01    1  32  4144
02    3  11  1104
03    4   9   818
04    4  21  4490
05    4  32  5540
06    6  14   555
07   10  18  1063
08   10  20   689
09   12  22   729
10   12  24  2519
11   14  27  3793
12   16  25  1106
13   20  29  2103
14   20  35  1555
15   20  39  3966
16   20  43  4338
17   21  39  4121
18   26  36  1999
19   28  44  1776
20   28  52  2785
21   30  42  1712
22   31  42  1555
23   32  40  1500
24   33  53  3783
25   35  47  1274
26   35  53  2297
27   35  56  2106
28   39  51  2331
29   40  51  1582
30   41  55  1947
31   43  54  1095
32   47  56  1910
33   52  56   721
End
