P-1	0 T0 19 
P-1	0 T1 47 
P-1	1 T2 13 
P-1	2 T3 33 
P0	4 T4 12 
P1	4 T5 14 
P2	4 T6 15 
P-1	4 T7 19 
P3	6 T8 14 
P-1	6 T9 24 
P-1	8 T10 19 
P-1	10 T11 21 
P4	11 T12 25 
P5	11 T13 35 
P6	12 T14 26 
P0	14 T15 26 
P-1	14 T16 46 
P1	15 T17 20 
P2	16 T18 31 
P3	19 T19 31 
P-1	22 T20 44 
P-1	23 T21 44 
P1	24 T22 30 
P-1	25 T23 41 
P0	28 T24 33 
P-1	28 T25 47 
P4	30 T26 42 
P1	32 T27 39 
P2	32 T28 48 
P3	33 T29 41 
P0	35 T30 38 
P5	38 T31 39 
P6	38 T32 47 
P0	39 T33 47 
NMec = 97880
Viable Sol. = 3568487437
Profit = 21
T = 34
P = 7
Profits ignored
Solution time = 3.761e+01
Task data
00    0  19     1
01    0  47     1
02    1  13     1
03    2  33     1
04    4  12     1
05    4  14     1
06    4  15     1
07    4  19     1
08    6  14     1
09    6  24     1
10    8  19     1
11   10  21     1
12   11  25     1
13   11  35     1
14   12  26     1
15   14  26     1
16   14  46     1
17   15  20     1
18   16  31     1
19   19  31     1
20   22  44     1
21   23  44     1
22   24  30     1
23   25  41     1
24   28  33     1
25   28  47     1
26   30  42     1
27   32  39     1
28   32  48     1
29   33  41     1
30   35  38     1
31   38  39     1
32   38  47     1
33   39  47     1
End
