P-1	1 T0 8 
P-1	3 T1 18 
P0	5 T2 15 
P1	7 T3 13 
P-1	13 T4 40 
P-1	22 T5 160 
P-1	30 T6 44 
P0	32 T7 50 
P1	39 T8 46 
P-1	45 T9 70 
P-1	46 T10 169 
P-1	50 T11 75 
P-1	53 T12 64 
P0	56 T13 63 
P-1	56 T14 69 
P-1	59 T15 72 
P1	62 T16 68 
P0	67 T17 76 
P1	74 T18 83 
P-1	74 T19 92 
P-1	77 T20 90 
P-1	79 T21 105 
P-1	80 T22 97 
P0	81 T23 90 
P1	88 T24 100 
P0	93 T25 102 
P-1	98 T26 121 
P-1	110 T27 127 
P0	114 T28 138 
P1	115 T29 133 
P1	138 T30 142 
P0	145 T31 154 
P1	150 T32 155 
P0	155 T33 162 
NMec = 97880
Viable Sol. = 48956187
Profit = 17
T = 34
P = 2
Profits ignored
Solution time = 4.084e-01
Task data
00    1   8     1
01    3  18     1
02    5  15     1
03    7  13     1
04   13  40     1
05   22 160     1
06   30  44     1
07   32  50     1
08   39  46     1
09   45  70     1
10   46 169     1
11   50  75     1
12   53  64     1
13   56  63     1
14   56  69     1
15   59  72     1
16   62  68     1
17   67  76     1
18   74  83     1
19   74  92     1
20   77  90     1
21   79 105     1
22   80  97     1
23   81  90     1
24   88 100     1
25   93 102     1
26   98 121     1
27  110 127     1
28  114 138     1
29  115 133     1
30  138 142     1
31  145 154     1
32  150 155     1
33  155 162     1
End
