P-1	0 T0 174 
P0	12 T1 17 
P1	12 T2 28 
P0	18 T3 20 
P0	24 T4 46 
P-1	34 T5 53 
P-1	36 T6 50 
P-1	38 T7 49 
P-1	38 T8 49 
P-1	38 T9 53 
P-1	44 T10 50 
P-1	44 T11 51 
P1	45 T12 52 
P0	47 T13 62 
P-1	50 T14 128 
P1	59 T15 73 
P0	71 T16 82 
P-1	83 T17 93 
P0	85 T18 88 
P1	86 T19 87 
P1	88 T20 94 
P0	100 T21 128 
P-1	115 T22 131 
P-1	115 T23 161 
P-1	122 T24 141 
P-1	123 T25 138 
P-1	124 T26 131 
P-1	125 T27 139 
P1	126 T28 131 
P0	130 T29 141 
P-1	130 T30 144 
P-1	136 T31 148 
P-1	138 T32 152 
P0	142 T33 152 
P1	143 T34 156 
NMec = 97880
Viable Sol. = 14156213
Profit = 16
T = 35
P = 2
Profits ignored
Solution time = 1.735e-01
Task data
00    0 174     1
01   12  17     1
02   12  28     1
03   18  20     1
04   24  46     1
05   34  53     1
06   36  50     1
07   38  49     1
08   38  49     1
09   38  53     1
10   44  50     1
11   44  51     1
12   45  52     1
13   47  62     1
14   50 128     1
15   59  73     1
16   71  82     1
17   83  93     1
18   85  88     1
19   86  87     1
20   88  94     1
21  100 128     1
22  115 131     1
23  115 161     1
24  122 141     1
25  123 138     1
26  124 131     1
27  125 139     1
28  126 131     1
29  130 141     1
30  130 144     1
31  136 148     1
32  138 152     1
33  142 152     1
34  143 156     1
End
