P0	0 T0 14 
P1	4 T1 10 
P-1	4 T2 27 
P2	6 T3 14 
P-1	6 T4 37 
P-1	7 T5 23 
P3	9 T6 19 
P4	10 T7 12 
P5	10 T8 20 
P-1	10 T9 23 
P1	11 T10 15 
P-1	12 T11 23 
P-1	12 T12 32 
P4	13 T13 21 
P-1	13 T14 31 
P6	14 T15 24 
P0	16 T16 20 
P-1	16 T17 25 
P-1	16 T18 35 
P1	17 T19 23 
P-1	17 T20 31 
P-1	18 T21 30 
P-1	18 T22 31 
P-1	18 T23 31 
P2	19 T24 27 
P7	19 T25 36 
P3	20 T26 29 
P8	20 T27 34 
P0	21 T28 26 
P4	22 T29 33 
P5	23 T30 34 
P1	25 T31 31 
P6	25 T32 35 
P0	27 T33 29 
P0	32 T34 37 
NMec = 97880
Viable Sol. = 5829556534
Profit = 22
T = 35
P = 9
Profits ignored
Solution time = 5.107e+01
Task data
00    0  14     1
01    4  10     1
02    4  27     1
03    6  14     1
04    6  37     1
05    7  23     1
06    9  19     1
07   10  12     1
08   10  20     1
09   10  23     1
10   11  15     1
11   12  23     1
12   12  32     1
13   13  21     1
14   13  31     1
15   14  24     1
16   16  20     1
17   16  25     1
18   16  35     1
19   17  23     1
20   17  31     1
21   18  30     1
22   18  31     1
23   18  31     1
24   19  27     1
25   19  36     1
26   20  29     1
27   20  34     1
28   21  26     1
29   22  33     1
30   23  34     1
31   25  31     1
32   25  35     1
33   27  29     1
34   32  37     1
End
