P0	0 T0 7 
P1	0 T1 10 
P2	0 T2 17 
P-1	0 T3 31 
P-1	1 T4 41 
P3	2 T5 9 
P4	2 T6 16 
P-1	2 T7 23 
P-1	3 T8 41 
P5	4 T9 15 
P-1	4 T10 29 
P-1	4 T11 37 
P-1	6 T12 22 
P-1	6 T13 24 
P0	8 T14 14 
P-1	9 T15 19 
P-1	9 T16 32 
P3	10 T17 15 
P-1	10 T18 26 
P1	14 T19 19 
P-1	14 T20 31 
P-1	15 T21 30 
P0	16 T22 25 
P-1	16 T23 33 
P3	17 T24 25 
P4	17 T25 31 
P5	17 T26 37 
P2	18 T27 40 
P6	19 T28 24 
P7	19 T29 32 
P1	21 T30 36 
P6	25 T31 39 
P0	26 T32 42 
P3	30 T33 42 
P1	37 T34 42 
NMec = 97880
Viable Sol. = 3139199834
Profit = 21
T = 35
P = 8
Profits ignored
Solution time = 2.990e+01
Task data
00    0   7     1
01    0  10     1
02    0  17     1
03    0  31     1
04    1  41     1
05    2   9     1
06    2  16     1
07    2  23     1
08    3  41     1
09    4  15     1
10    4  29     1
11    4  37     1
12    6  22     1
13    6  24     1
14    8  14     1
15    9  19     1
16    9  32     1
17   10  15     1
18   10  26     1
19   14  19     1
20   14  31     1
21   15  30     1
22   16  25     1
23   16  33     1
24   17  25     1
25   17  31     1
26   17  37     1
27   18  40     1
28   19  24     1
29   19  32     1
30   21  36     1
31   25  39     1
32   26  42     1
33   30  42     1
34   37  42     1
End
