P-1	2 T0 349 
P0	7 T1 16 
P-1	8 T2 18 
P0	19 T3 35 
P-1	30 T4 37 
P-1	34 T5 56 
P-1	40 T6 57 
P-1	41 T7 57 
P0	44 T8 241 
P-1	46 T9 60 
P-1	46 T10 68 
P-1	48 T11 55 
P-1	52 T12 65 
P-1	53 T13 62 
P-1	87 T14 109 
P-1	105 T15 201 
P-1	122 T16 138 
P-1	143 T17 161 
P-1	153 T18 157 
P-1	168 T19 176 
P-1	168 T20 180 
P-1	169 T21 180 
P-1	170 T22 185 
P-1	177 T23 186 
P-1	180 T24 296 
P-1	196 T25 215 
P-1	198 T26 208 
P-1	199 T27 207 
P-1	228 T28 244 
P-1	232 T29 252 
P0	258 T30 267 
P0	280 T31 296 
P-1	329 T32 339 
P-1	330 T33 340 
P0	338 T34 345 
NMec = 97880
Viable Sol. = 1220545
Profit = 62521
T = 35
P = 1
Profits not ignored
Solution time = 1.405e-02
Task data
00    2 349 33915
01    7  16  2428
02    8  18  2280
03   19  35  3603
04   30  37   981
05   34  56  3305
06   40  57  2391
07   41  57  2614
08   44 241 51123
09   46  60  3506
10   46  68  3933
11   48  55  1504
12   52  65  3990
13   53  62   931
14   87 109  2062
15  105 201  9451
16  122 138  3484
17  143 161  3093
18  153 157   893
19  168 176   770
20  168 180  2278
21  169 180  1164
22  170 185  1607
23  177 186  1769
24  180 296 26212
25  196 215  3436
26  198 208  1827
27  199 207  1400
28  228 244   919
29  232 252  3228
30  258 267  2253
31  280 296  1374
32  329 339  1518
33  330 340   872
34  338 345  1740
End
