P0	0 T0 58 
P1	1 T1 7 
P2	1 T2 57 
P3	2 T3 15 
P4	5 T4 23 
P-1	6 T5 54 
P-1	7 T6 21 
P1	8 T7 10 
P-1	8 T8 32 
P-1	9 T9 21 
P-1	11 T10 24 
P-1	13 T11 22 
P-1	13 T12 30 
P1	14 T13 20 
P5	14 T14 36 
P-1	15 T15 28 
P-1	15 T16 31 
P3	16 T17 40 
P-1	17 T18 22 
P-1	18 T19 35 
P-1	19 T20 33 
P-1	20 T21 28 
P-1	20 T22 32 
P-1	20 T23 42 
P1	21 T24 33 
P4	25 T25 38 
P-1	28 T26 32 
P-1	31 T27 41 
P1	34 T28 46 
P-1	35 T29 48 
P5	37 T30 53 
P-1	41 T31 50 
P3	41 T32 57 
P1	48 T33 57 
P4	49 T34 55 
NMec = 97880
Viable Sol. = 828221963
Profit = 48453
T = 35
P = 6
Profits not ignored
Solution time = 8.136e+00
Task data
00    0  58  9007
01    1   7   760
02    1  57  7069
03    2  15  1310
04    5  23  4636
05    6  54  5528
06    7  21  1596
07    8  10   627
08    8  32  2832
09    9  21  2215
10   11  24  2223
11   13  22  1440
12   13  30  2562
13   14  20   879
14   14  36  6141
15   15  28  1393
16   15  31  2229
17   16  40  5222
18   17  22   590
19   18  35  3787
20   19  33  1943
21   20  28  2413
22   20  32  1306
23   20  42  2248
24   21  33  2699
25   25  38  2303
26   28  32   467
27   31  41  1135
28   34  46  2065
29   35  48  1642
30   37  53  2620
31   41  50   655
32   41  57  1091
33   48  57   918
34   49  55  1106
End
