P0	0 T0 15 
P1	1 T1 3 
P1	5 T2 19 
P-1	7 T3 21 
P-1	9 T4 23 
P-1	10 T5 19 
P-1	10 T6 34 
P2	11 T7 33 
P-1	13 T8 17 
P3	15 T9 62 
P-1	18 T10 27 
P-1	19 T11 31 
P0	19 T12 37 
P1	20 T13 74 
P-1	23 T14 44 
P-1	24 T15 38 
P-1	35 T16 37 
P2	36 T17 55 
P0	40 T18 48 
P-1	43 T19 53 
P-1	44 T20 51 
P-1	45 T21 52 
P-1	45 T22 71 
P0	49 T23 51 
P-1	51 T24 58 
P-1	51 T25 73 
P0	52 T26 54 
P0	55 T27 75 
P2	60 T28 79 
P-1	62 T29 82 
P-1	64 T30 66 
P3	64 T31 71 
P-1	66 T32 71 
P0	76 T33 86 
P1	78 T34 87 
NMec = 97880
Viable Sol. = 2069562936
Profit = 53333
T = 35
P = 4
Profits not ignored
Solution time = 1.970e+01
Task data
00    0  15  1562
01    1   3   310
02    5  19  3071
03    7  21  2662
04    9  23  1490
05   10  19   971
06   10  34  3919
07   11  33  4251
08   13  17   742
09   15  62 12199
10   18  27  1257
11   19  31  1970
12   19  37  3904
13   20  74  9801
14   23  44  3625
15   24  38  2476
16   35  37   569
17   36  55  3798
18   40  48  1417
19   43  53   759
20   44  51   770
21   45  52  1121
22   45  71  2244
23   49  51   864
24   51  58   828
25   51  73  4313
26   52  54   463
27   55  75  3119
28   60  79  4662
29   62  82  2122
30   64  66   329
31   64  71  1192
32   66  71   562
33   76  86  1897
34   78  87   823
End
