P0	0 T0 9 
P-1	0 T1 11 
P-1	0 T2 12 
P-1	2 T3 10 
P-1	4 T4 25 
P-1	4 T5 28 
P-1	5 T6 18 
P1	5 T7 56 
P2	7 T8 26 
P-1	8 T9 15 
P-1	8 T10 17 
P3	8 T11 22 
P4	8 T12 69 
P-1	9 T13 17 
P0	10 T14 27 
P-1	12 T15 30 
P-1	22 T16 32 
P-1	25 T17 55 
P3	26 T18 38 
P0	29 T19 36 
P2	29 T20 46 
P-1	33 T21 46 
P-1	37 T22 48 
P-1	37 T23 63 
P-1	38 T24 53 
P0	40 T25 47 
P3	40 T26 53 
P-1	40 T27 64 
P-1	43 T28 61 
P-1	48 T29 66 
P-1	50 T30 54 
P0	50 T31 63 
P2	51 T32 63 
P-1	54 T33 65 
P3	55 T34 62 
NMec = 97880
Viable Sol. = 1567277602
Profit = 52257
T = 35
P = 5
Profits not ignored
Solution time = 1.929e+01
Task data
00    0   9  1598
01    0  11   910
02    0  12  1341
03    2  10  2023
04    4  25  1651
05    4  28  1401
06    5  18  1627
07    5  56 10035
08    7  26  3544
09    8  15   602
10    8  17  1069
11    8  22  2260
12    8  69 11900
13    9  17  1827
14   10  27  3406
15   12  30  1266
16   22  32  1182
17   25  55  2907
18   26  38  3298
19   29  36  1197
20   29  46  3328
21   33  46  1357
22   37  48  1309
23   37  63  3758
24   38  53  2448
25   40  47  1580
26   40  53  2851
27   40  64  3034
28   43  61  2502
29   48  66  2037
30   50  54  1062
31   50  63  2985
32   51  63  3134
33   54  65   903
34   55  62  1141
End
