P0	0 T0 7 
P1	0 T1 10 
P2	0 T2 17 
P-1	0 T3 31 
P-1	1 T4 41 
P3	2 T5 9 
P4	2 T6 16 
P5	2 T7 23 
P6	3 T8 41 
P7	4 T9 15 
P-1	4 T10 29 
P-1	4 T11 37 
P-1	6 T12 22 
P-1	6 T13 24 
P-1	8 T14 14 
P-1	9 T15 19 
P0	9 T16 32 
P-1	10 T17 15 
P3	10 T18 26 
P-1	14 T19 19 
P-1	14 T20 31 
P1	15 T21 30 
P7	16 T22 25 
P-1	16 T23 33 
P-1	17 T24 25 
P4	17 T25 31 
P-1	17 T26 37 
P2	18 T27 40 
P-1	19 T28 24 
P-1	19 T29 32 
P-1	21 T30 36 
P5	25 T31 39 
P7	26 T32 42 
P3	30 T33 42 
P0	37 T34 42 
NMec = 97880
Viable Sol. = 3139199834
Profit = 52373
T = 35
P = 8
Profits not ignored
Solution time = 3.312e+01
Task data
00    0   7   854
01    0  10  1615
02    0  17  3028
03    0  31  4259
04    1  41  4129
05    2   9  1392
06    2  16  2333
07    2  23  2479
08    3  41  7632
09    4  15  1690
10    4  29  2737
11    4  37  3335
12    6  22  2372
13    6  24  1698
14    8  14   547
15    9  19   822
16    9  32  6459
17   10  15  1168
18   10  26  3631
19   14  19   763
20   14  31  1921
21   15  30  3496
22   16  25  1510
23   16  33  2522
24   17  25   901
25   17  31  4014
26   17  37  2812
27   18  40  4353
28   19  24   984
29   19  32  2145
30   21  36  2324
31   25  39  3328
32   26  42  2677
33   30  42  1051
34   37  42   831
End
