P0	0 T0 10 
P1	0 T1 15 
P2	1 T2 15 
P-1	1 T3 20 
P-1	2 T4 17 
P3	2 T5 36 
P4	3 T6 20 
P-1	4 T7 10 
P-1	5 T8 29 
P5	6 T9 26 
P6	8 T10 41 
P-1	10 T11 15 
P-1	12 T12 41 
P-1	13 T13 49 
P0	14 T14 49 
P-1	15 T15 24 
P1	16 T16 18 
P2	17 T17 42 
P-1	18 T18 41 
P1	20 T19 31 
P4	24 T20 41 
P-1	25 T21 31 
P-1	25 T22 42 
P-1	27 T23 33 
P-1	28 T24 37 
P-1	28 T25 39 
P-1	29 T26 35 
P-1	29 T27 35 
P5	30 T28 48 
P-1	32 T29 35 
P1	32 T30 40 
P-1	33 T31 40 
P-1	34 T32 36 
P-1	34 T33 47 
P3	38 T34 44 
NMec = 97880
Viable Sol. = 3330064006
Profit = 52443
T = 35
P = 7
Profits not ignored
Solution time = 4.379e+01
Task data
00    0  10  1063
01    0  15  2076
02    1  15  2555
03    1  20  2127
04    2  17  1747
05    2  36  5870
06    3  20  2960
07    4  10   961
08    5  29  2582
09    6  26  4451
10    8  41  7098
11   10  15   646
12   12  41  3177
13   13  49  4488
14   14  49 10122
15   15  24  1120
16   16  18   463
17   17  42  5998
18   18  41  3222
19   20  31  2166
20   24  41  2855
21   25  31   763
22   25  42  1861
23   27  33   953
24   28  37  1749
25   28  39  1398
26   29  35  1970
27   29  35  1010
28   30  48  2679
29   32  35   772
30   32  40  1471
31   33  40   866
32   34  36   399
33   34  47  1280
34   38  44   616
End
