P0	0 T0 9 
P-1	0 T1 11 
P-1	0 T2 12 
P1	2 T3 10 
P-1	4 T4 25 
P-1	4 T5 28 
P-1	5 T6 18 
P-1	5 T7 56 
P-1	7 T8 26 
P-1	8 T9 15 
P2	8 T10 17 
P3	8 T11 22 
P-1	8 T12 69 
P4	9 T13 17 
P0	10 T14 27 
P1	12 T15 30 
P2	22 T16 32 
P-1	25 T17 55 
P3	26 T18 38 
P0	29 T19 36 
P4	29 T20 46 
P1	33 T21 46 
P0	37 T22 48 
P-1	37 T23 63 
P-1	38 T24 53 
P2	40 T25 47 
P3	40 T26 53 
P-1	40 T27 64 
P-1	43 T28 61 
P1	48 T29 66 
P0	50 T30 54 
P2	50 T31 63 
P4	51 T32 63 
P3	54 T33 65 
P0	55 T34 62 
NMec = 97880
Viable Sol. = 1567277602
Profit = 21
T = 35
P = 5
Profits ignored
Solution time = 1.667e+01
Task data
00    0   9     1
01    0  11     1
02    0  12     1
03    2  10     1
04    4  25     1
05    4  28     1
06    5  18     1
07    5  56     1
08    7  26     1
09    8  15     1
10    8  17     1
11    8  22     1
12    8  69     1
13    9  17     1
14   10  27     1
15   12  30     1
16   22  32     1
17   25  55     1
18   26  38     1
19   29  36     1
20   29  46     1
21   33  46     1
22   37  48     1
23   37  63     1
24   38  53     1
25   40  47     1
26   40  53     1
27   40  64     1
28   43  61     1
29   48  66     1
30   50  54     1
31   50  63     1
32   51  63     1
33   54  65     1
34   55  62     1
End
