P0	7 T0 16 
P-1	8 T1 18 
P0	19 T2 35 
P-1	30 T3 37 
P0	48 T4 55 
P-1	34 T5 56 
P-1	40 T6 57 
P-1	41 T7 57 
P-1	46 T8 60 
P-1	53 T9 62 
P-1	52 T10 65 
P-1	46 T11 68 
P0	87 T12 109 
P0	122 T13 138 
P0	153 T14 157 
P-1	143 T15 161 
P0	168 T16 176 
P-1	168 T17 180 
P-1	169 T18 180 
P-1	170 T19 185 
P0	177 T20 186 
P-1	105 T21 201 
P0	199 T22 207 
P-1	198 T23 208 
P-1	196 T24 215 
P-1	44 T25 241 
P0	228 T26 244 
P-1	232 T27 252 
P0	258 T28 267 
P-1	180 T29 296 
P0	280 T30 296 
P0	329 T31 339 
P-1	330 T32 340 
P-1	338 T33 345 
P-1	2 T34 349 
NMec = 97880
Viable Sol. = 0
Profit = 13
T = 35
P = 1
Profits ignored
Solution time = 7.408e-06
Task data
00    7  16     1
01    8  18     1
02   19  35     1
03   30  37     1
04   48  55     1
05   34  56     1
06   40  57     1
07   41  57     1
08   46  60     1
09   53  62     1
10   52  65     1
11   46  68     1
12   87 109     1
13  122 138     1
14  153 157     1
15  143 161     1
16  168 176     1
17  168 180     1
18  169 180     1
19  170 185     1
20  177 186     1
21  105 201     1
22  199 207     1
23  198 208     1
24  196 215     1
25   44 241     1
26  228 244     1
27  232 252     1
28  258 267     1
29  180 296     1
30  280 296     1
31  329 339     1
32  330 340     1
33  338 345     1
34    2 349     1
End
