P0	0 T0 5 
P1	2 T1 16 
P2	2 T2 34 
P3	3 T3 16 
P4	3 T4 19 
P-1	3 T5 25 
P5	4 T6 13 
P6	4 T7 23 
P0	7 T8 8 
P-1	7 T9 19 
P-1	7 T10 19 
P7	7 T11 22 
P-1	7 T12 24 
P-1	8 T13 19 
P-1	8 T14 30 
P-1	9 T15 27 
P-1	10 T16 22 
P-1	11 T17 19 
P0	11 T18 20 
P8	12 T19 31 
P-1	13 T20 29 
P9	13 T21 29 
P-1	13 T22 33 
P5	15 T23 33 
P-1	16 T24 27 
P-1	16 T25 29 
P-1	17 T26 21 
P1	17 T27 29 
P3	17 T28 32 
P4	20 T29 32 
P0	21 T30 27 
P7	23 T31 28 
P6	25 T32 29 
P0	28 T33 34 
P1	30 T34 31 
NMec = 97880
Viable Sol. = 7662118128
Profit = 40461
T = 35
P = 10
Profits not ignored
Solution time = 6.363e+01
Task data
00    0   5  1290
01    2  16   894
02    2  34  5036
03    3  16  1589
04    3  19  2466
05    3  25  2183
06    4  13  1857
07    4  23  3249
08    7   8   225
09    7  19  1520
10    7  19  1607
11    7  22  2493
12    7  24  2512
13    8  19  1165
14    8  30  2320
15    9  27  2289
16   10  22  1088
17   11  19   860
18   11  20  2059
19   12  31  3543
20   13  29  2140
21   13  29  2771
22   13  33  1410
23   15  33  1999
24   16  27  1086
25   16  29  1111
26   17  21   962
27   17  29  2165
28   17  32  2076
29   20  32  1835
30   21  27  2049
31   23  28  1203
32   25  29   510
33   28  34   875
34   30  31   277
End
