P-1	0 T0 7 
P0	0 T1 21 
P1	1 T2 14 
P-1	1 T3 24 
P-1	1 T4 54 
P-1	1 T5 67 
P2	2 T6 9 
P3	3 T7 9 
P-1	3 T8 56 
P4	7 T9 16 
P-1	8 T10 27 
P2	12 T11 23 
P-1	12 T12 33 
P3	13 T13 24 
P-1	14 T14 66 
P-1	15 T15 34 
P-1	16 T16 48 
P-1	17 T17 43 
P1	19 T18 35 
P4	21 T19 43 
P0	22 T20 34 
P-1	24 T21 54 
P2	30 T22 41 
P-1	30 T23 56 
P3	31 T24 39 
P0	36 T25 59 
P1	37 T26 47 
P3	40 T27 44 
P2	44 T28 56 
P3	46 T29 61 
P-1	46 T30 66 
P4	47 T31 65 
P1	57 T32 65 
P2	57 T33 67 
P0	60 T34 69 
P3	63 T35 65 
NMec = 97880
Viable Sol. = 1990265386
Profit = 22
T = 36
P = 5
Profits ignored
Solution time = 1.636e+01
Task data
00    0   7     1
01    0  21     1
02    1  14     1
03    1  24     1
04    1  54     1
05    1  67     1
06    2   9     1
07    3   9     1
08    3  56     1
09    7  16     1
10    8  27     1
11   12  23     1
12   12  33     1
13   13  24     1
14   14  66     1
15   15  34     1
16   16  48     1
17   17  43     1
18   19  35     1
19   21  43     1
20   22  34     1
21   24  54     1
22   30  41     1
23   30  56     1
24   31  39     1
25   36  59     1
26   37  47     1
27   40  44     1
28   44  56     1
29   46  61     1
30   46  66     1
31   47  65     1
32   57  65     1
33   57  67     1
34   60  69     1
35   63  65     1
End
