P-1	0 T0 15 
P-1	1 T1 13 
P-1	1 T2 21 
P-1	1 T3 36 
P-1	2 T4 12 
P-1	2 T5 19 
P-1	3 T6 13 
P-1	3 T7 27 
P-1	3 T8 29 
P-1	4 T9 15 
P-1	5 T10 12 
P-1	5 T11 14 
P-1	5 T12 14 
P-1	5 T13 17 
P-1	5 T14 20 
P0	6 T15 20 
P-1	7 T16 31 
P-1	8 T17 34 
P1	9 T18 22 
P-1	9 T19 27 
P2	10 T20 18 
P3	10 T21 19 
P4	10 T22 23 
P5	10 T23 26 
P6	10 T24 37 
P7	11 T25 15 
P8	11 T26 33 
P7	18 T27 28 
P2	20 T28 24 
P3	20 T29 30 
P0	23 T30 37 
P1	24 T31 38 
P4	24 T32 38 
P2	25 T33 35 
P5	29 T34 37 
P3	32 T35 38 
NMec = 97880
Viable Sol. = 4091059367
Profit = 18
T = 36
P = 9
Profits ignored
Solution time = 3.196e+01
Task data
00    0  15     1
01    1  13     1
02    1  21     1
03    1  36     1
04    2  12     1
05    2  19     1
06    3  13     1
07    3  27     1
08    3  29     1
09    4  15     1
10    5  12     1
11    5  14     1
12    5  14     1
13    5  17     1
14    5  20     1
15    6  20     1
16    7  31     1
17    8  34     1
18    9  22     1
19    9  27     1
20   10  18     1
21   10  19     1
22   10  23     1
23   10  26     1
24   10  37     1
25   11  15     1
26   11  33     1
27   18  28     1
28   20  24     1
29   20  30     1
30   23  37     1
31   24  38     1
32   24  38     1
33   25  35     1
34   29  37     1
35   32  38     1
End
