P0	0 T0 7 
P-1	0 T1 21 
P-1	1 T2 14 
P-1	1 T3 24 
P1	1 T4 54 
P-1	1 T5 67 
P2	2 T6 9 
P-1	3 T7 9 
P3	3 T8 56 
P4	7 T9 16 
P0	8 T10 27 
P-1	12 T11 23 
P-1	12 T12 33 
P-1	13 T13 24 
P2	14 T14 66 
P-1	15 T15 34 
P-1	16 T16 48 
P-1	17 T17 43 
P4	19 T18 35 
P-1	21 T19 43 
P-1	22 T20 34 
P-1	24 T21 54 
P-1	30 T22 41 
P0	30 T23 56 
P-1	31 T24 39 
P4	36 T25 59 
P-1	37 T26 47 
P-1	40 T27 44 
P-1	44 T28 56 
P-1	46 T29 61 
P-1	46 T30 66 
P-1	47 T31 65 
P0	57 T32 65 
P1	57 T33 67 
P3	60 T34 69 
P4	63 T35 65 
NMec = 97880
Viable Sol. = 1990265386
Profit = 67455
T = 36
P = 5
Profits not ignored
Solution time = 1.975e+01
Task data
00    0   7   761
01    0  21  3898
02    1  14  1088
03    1  24  4212
04    1  54 15827
05    1  67  8669
06    2   9  1568
07    3   9  1155
08    3  56 10843
09    7  16  2867
10    8  27  3630
11   12  23  1037
12   12  33  1336
13   13  24  1176
14   14  66 12112
15   15  34  3016
16   16  48  7325
17   17  43  4318
18   19  35  2687
19   21  43  2812
20   22  34  1322
21   24  54  3972
22   30  41  1684
23   30  56  6362
24   31  39   831
25   36  59  5837
26   37  47  2383
27   40  44  1233
28   44  56  2971
29   46  61  1867
30   46  66  2515
31   47  65  1295
32   57  65  2054
33   57  67  1541
34   60  69   985
35   63  65   381
End
