P-1	0 T0 37 
P0	1 T1 22 
P1	3 T2 14 
P-1	4 T3 9 
P-1	4 T4 9 
P2	4 T5 20 
P3	4 T6 23 
P-1	4 T7 25 
P-1	5 T8 13 
P4	5 T9 20 
P5	5 T10 23 
P-1	6 T11 43 
P6	8 T12 16 
P7	9 T13 18 
P-1	9 T14 25 
P-1	14 T15 30 
P-1	14 T16 30 
P-1	15 T17 29 
P1	16 T18 25 
P-1	16 T19 27 
P6	17 T20 38 
P-1	18 T21 24 
P-1	18 T22 25 
P-1	18 T23 39 
P-1	20 T24 32 
P7	20 T25 41 
P2	21 T26 35 
P4	22 T27 40 
P0	24 T28 38 
P-1	25 T29 38 
P1	26 T30 43 
P3	27 T31 32 
P5	28 T32 38 
P-1	32 T33 42 
P3	35 T34 43 
P2	36 T35 40 
NMec = 97880
Viable Sol. = 9419233545
Profit = 53809
T = 36
P = 8
Profits not ignored
Solution time = 1.057e+02
Task data
00    0  37  4182
01    1  22  4456
02    3  14  1712
03    4   9   615
04    4   9  1066
05    4  20  2924
06    4  23  3194
07    4  25  1432
08    5  13   689
09    5  20  3358
10    5  23  4824
11    6  43  4475
12    8  16  1362
13    9  18  1129
14    9  25  1909
15   14  30  1335
16   14  30  1040
17   15  29  2140
18   16  25  2625
19   16  27  1173
20   17  38  5493
21   18  24   595
22   18  25  1010
23   18  39  2475
24   20  32  2362
25   20  41  4226
26   21  35  2134
27   22  40  3081
28   24  38  2970
29   25  38  1431
30   26  43  4422
31   27  32  1554
32   28  38  1728
33   32  42   668
34   35  43  2096
35   36  40   521
End
