P-1	0 T0 37 
P-1	1 T1 22 
P0	3 T2 14 
P1	4 T3 9 
P2	4 T4 9 
P-1	4 T5 20 
P-1	4 T6 23 
P-1	4 T7 25 
P3	5 T8 13 
P4	5 T9 20 
P5	5 T10 23 
P-1	6 T11 43 
P6	8 T12 16 
P7	9 T13 18 
P-1	9 T14 25 
P-1	14 T15 30 
P-1	14 T16 30 
P0	15 T17 29 
P1	16 T18 25 
P2	16 T19 27 
P-1	17 T20 38 
P3	18 T21 24 
P6	18 T22 25 
P-1	18 T23 39 
P-1	20 T24 32 
P-1	20 T25 41 
P4	21 T26 35 
P7	22 T27 40 
P5	24 T28 38 
P3	25 T29 38 
P1	26 T30 43 
P6	27 T31 32 
P2	28 T32 38 
P0	32 T33 42 
P6	35 T34 43 
P4	36 T35 40 
NMec = 97880
Viable Sol. = 9419233545
Profit = 23
T = 36
P = 8
Profits ignored
Solution time = 8.521e+01
Task data
00    0  37     1
01    1  22     1
02    3  14     1
03    4   9     1
04    4   9     1
05    4  20     1
06    4  23     1
07    4  25     1
08    5  13     1
09    5  20     1
10    5  23     1
11    6  43     1
12    8  16     1
13    9  18     1
14    9  25     1
15   14  30     1
16   14  30     1
17   15  29     1
18   16  25     1
19   16  27     1
20   17  38     1
21   18  24     1
22   18  25     1
23   18  39     1
24   20  32     1
25   20  41     1
26   21  35     1
27   22  40     1
28   24  38     1
29   25  38     1
30   26  43     1
31   27  32     1
32   28  38     1
33   32  42     1
34   35  43     1
35   36  40     1
End
