P0	1 T0 5 
P1	1 T1 8 
P2	2 T2 53 
P0	6 T3 18 
P3	6 T4 50 
P4	7 T5 14 
P-1	12 T6 33 
P1	13 T7 25 
P5	14 T8 25 
P-1	16 T9 24 
P-1	16 T10 27 
P4	17 T11 23 
P-1	17 T12 27 
P-1	17 T13 37 
P-1	18 T14 25 
P-1	18 T15 35 
P0	19 T16 33 
P-1	21 T17 24 
P-1	22 T18 34 
P4	24 T19 49 
P-1	25 T20 40 
P-1	26 T21 39 
P1	27 T22 40 
P-1	29 T23 41 
P5	30 T24 45 
P-1	32 T25 44 
P-1	36 T26 48 
P-1	37 T27 41 
P-1	37 T28 54 
P0	38 T29 50 
P-1	38 T30 51 
P-1	39 T31 47 
P-1	42 T32 52 
P1	42 T33 54 
P5	46 T34 52 
P0	53 T35 56 
NMec = 97880
Viable Sol. = 5261707928
Profit = 45820
T = 36
P = 6
Profits not ignored
Solution time = 5.536e+01
Task data
00    1   5   476
01    1   8   911
02    2  53  8492
03    6  18  1901
04    6  50  6569
05    7  14  1737
06   12  33  3164
07   13  25  2533
08   14  25  3331
09   16  24   989
10   16  27  1181
11   17  23  1217
12   17  27   721
13   17  37  2448
14   18  25  1650
15   18  35  2027
16   19  33  2535
17   21  24   391
18   22  34  1302
19   24  49  3938
20   25  40  1574
21   26  39  1902
22   27  40  2354
23   29  41  1757
24   30  45  2511
25   32  44  2024
26   36  48  2330
27   37  41   592
28   37  54  1926
29   38  50  3698
30   38  51  1187
31   39  47  1746
32   42  52   779
33   42  54  1451
34   46  52  1227
35   53  56   939
End
