P0	0 T0 15 
P1	4 T1 166 
P-1	13 T2 19 
P-1	17 T3 23 
P0	18 T4 35 
P-1	27 T5 40 
P-1	29 T6 55 
P0	36 T7 63 
P-1	39 T8 52 
P-1	49 T9 53 
P-1	49 T10 71 
P-1	57 T11 75 
P-1	59 T12 79 
P-1	61 T13 79 
P0	73 T14 84 
P-1	74 T15 100 
P-1	77 T16 80 
P-1	80 T17 85 
P-1	82 T18 92 
P-1	82 T19 123 
P0	85 T20 92 
P-1	85 T21 102 
P-1	85 T22 111 
P-1	97 T23 105 
P0	97 T24 111 
P0	121 T25 131 
P-1	127 T26 132 
P-1	130 T27 137 
P-1	134 T28 151 
P0	135 T29 170 
P-1	153 T30 164 
P-1	153 T31 169 
P-1	154 T32 167 
P-1	161 T33 177 
P-1	162 T34 176 
P1	169 T35 174 
NMec = 97880
Viable Sol. = 204175286
Profit = 53914
T = 36
P = 2
Profits not ignored
Solution time = 2.360e+00
Task data
00    0  15  3980
01    4 166 23265
02   13  19   775
03   17  23  1444
04   18  35  2317
05   27  40  1806
06   29  55  3395
07   36  63  6179
08   39  52  2529
09   49  53  1025
10   49  71  3635
11   57  75  2454
12   59  79  5406
13   61  79  1281
14   73  84  2981
15   74 100  5197
16   77  80   832
17   80  85   810
18   82  92  1214
19   82 123  6184
20   85  92  1208
21   85 102  2248
22   85 111  2260
23   97 105  1881
24   97 111  3692
25  121 131  1560
26  127 132  1014
27  130 137  1835
28  134 151  2692
29  135 170  7571
30  153 164  2074
31  153 169  1404
32  154 167  1661
33  161 177  3647
34  162 176  1597
35  169 174  1161
End
