P0	0 T0 8 
P1	0 T1 10 
P2	0 T2 16 
P3	0 T3 30 
P4	0 T4 35 
P5	1 T5 4 
P6	1 T6 21 
P-1	1 T7 33 
P7	2 T8 10 
P-1	2 T9 15 
P8	3 T10 10 
P-1	3 T11 17 
P-1	5 T12 18 
P5	6 T13 12 
P9	6 T14 28 
P-1	8 T15 33 
P0	9 T16 18 
P-1	10 T17 29 
P1	11 T18 24 
P-1	12 T19 20 
P-1	12 T20 23 
P7	12 T21 28 
P-1	12 T22 34 
P5	13 T23 22 
P8	14 T24 25 
P-1	15 T25 19 
P-1	17 T26 35 
P-1	18 T27 25 
P2	18 T28 35 
P0	19 T29 27 
P-1	23 T30 29 
P5	23 T31 33 
P-1	26 T32 27 
P1	26 T33 30 
P6	26 T34 33 
P8	26 T35 35 
NMec = 97880
Viable Sol. = 30383529367
Profit = 52759
T = 36
P = 10
Profits not ignored
Solution time = 3.480e+02
Task data
00    0   8  1569
01    0  10  1841
02    0  16  2045
03    0  30  3893
04    0  35  8910
05    1   4   381
06    1  21  3449
07    1  33  2365
08    2  10  1967
09    2  15  1384
10    3  10  1050
11    3  17  1119
12    5  18  1686
13    6  12   853
14    6  28  4140
15    8  33  2740
16    9  18  2304
17   10  29  2474
18   11  24  2891
19   12  20  1404
20   12  23  2439
21   12  28  3552
22   12  34  2368
23   13  22  2857
24   14  25  2574
25   15  19   424
26   17  35  1566
27   18  25  1099
28   18  35  2231
29   19  27  1268
30   23  29   742
31   23  33  1430
32   26  27   364
33   26  30   775
34   26  33  1153
35   26  35  1626
End
