P0	3 T0 31 
P-1	8 T1 15 
P-1	8 T2 25 
P1	8 T3 61 
P2	9 T4 43 
P-1	10 T5 25 
P-1	10 T6 56 
P3	11 T7 19 
P4	12 T8 71 
P-1	14 T9 19 
P-1	16 T10 39 
P-1	19 T11 28 
P-1	20 T12 33 
P-1	20 T13 33 
P3	21 T14 64 
P-1	23 T15 31 
P-1	23 T16 46 
P-1	24 T17 43 
P-1	25 T18 34 
P-1	26 T19 45 
P-1	30 T20 41 
P0	33 T21 43 
P-1	34 T22 52 
P-1	35 T23 51 
P-1	39 T24 46 
P-1	41 T25 47 
P-1	44 T26 55 
P0	45 T27 67 
P2	49 T28 59 
P-1	50 T29 61 
P-1	51 T30 53 
P-1	51 T31 58 
P-1	54 T32 63 
P-1	59 T33 68 
P2	60 T34 66 
P1	63 T35 73 
P2	67 T36 73 
NMec = 97880
Viable Sol. = 3643516598
Profit = 52651
T = 37
P = 5
Profits not ignored
Solution time = 3.406e+01
Task data
00    3  31  6779
01    8  15   673
02    8  25  1747
03    8  61  8262
04    9  43  6331
05   10  25  2827
06   10  56  6859
07   11  19   759
08   12  71 12090
09   14  19   749
10   16  39  2656
11   19  28   882
12   20  33  2094
13   20  33  1179
14   21  64  8796
15   23  31   900
16   23  46  2886
17   24  43  1811
18   25  34  1486
19   26  45  3275
20   30  41  1068
21   33  43  1912
22   34  52  2365
23   35  51  2489
24   39  46   689
25   41  47  1537
26   44  55  1308
27   45  67  2787
28   49  59  1633
29   50  61  1784
30   51  53   309
31   51  58  1140
32   54  63  1698
33   59  68  1074
34   60  66  1150
35   63  73  1197
36   67  73   955
End
