P0	2 T0 17 
P-1	2 T1 19 
P1	8 T2 12 
P-1	12 T3 32 
P1	14 T4 32 
P0	18 T5 38 
P-1	22 T6 142 
P-1	25 T7 42 
P-1	31 T8 45 
P1	35 T9 46 
P-1	36 T10 51 
P-1	41 T11 48 
P0	46 T12 52 
P-1	47 T13 51 
P1	48 T14 151 
P-1	49 T15 65 
P0	55 T16 67 
P-1	58 T17 69 
P-1	62 T18 85 
P-1	64 T19 77 
P0	69 T20 124 
P-1	71 T21 81 
P-1	78 T22 170 
P-1	82 T23 92 
P-1	84 T24 99 
P-1	85 T25 106 
P-1	91 T26 101 
P-1	94 T27 100 
P-1	94 T28 106 
P-1	95 T29 104 
P-1	112 T30 130 
P-1	118 T31 126 
P-1	122 T32 132 
P0	128 T33 132 
P-1	133 T34 138 
P-1	134 T35 138 
P0	134 T36 140 
NMec = 97880
Viable Sol. = 140220149
Profit = 49436
T = 37
P = 2
Profits not ignored
Solution time = 1.477e+00
Task data
00    2  17  2984
01    2  19  2761
02    8  12   569
03   12  32  1443
04   14  32  2958
05   18  38  3120
06   22 142 17278
07   25  42  1606
08   31  45  1579
09   35  46  2650
10   36  51  3006
11   41  48   600
12   46  52  1951
13   47  51  1216
14   48 151 20058
15   49  65  2349
16   55  67  2672
17   58  69  1502
18   62  85  1403
19   64  77  1764
20   69 124  9898
21   71  81  1129
22   78 170 10414
23   82  92  1585
24   84  99  1609
25   85 106  3579
26   91 101   973
27   94 100  1575
28   94 106  3347
29   95 104   978
30  112 130  2719
31  118 126   717
32  122 132  1139
33  128 132   969
34  133 138  1069
35  134 138   678
36  134 140  1607
End
