P-1	2 T0 17 
P0	2 T1 19 
P1	8 T2 12 
P-1	12 T3 32 
P1	14 T4 32 
P-1	18 T5 38 
P-1	22 T6 142 
P-1	25 T7 42 
P0	31 T8 45 
P1	35 T9 46 
P-1	36 T10 51 
P-1	41 T11 48 
P0	46 T12 52 
P1	47 T13 51 
P-1	48 T14 151 
P-1	49 T15 65 
P-1	55 T16 67 
P0	58 T17 69 
P-1	62 T18 85 
P1	64 T19 77 
P-1	69 T20 124 
P0	71 T21 81 
P-1	78 T22 170 
P0	82 T23 92 
P-1	84 T24 99 
P-1	85 T25 106 
P-1	91 T26 101 
P-1	94 T27 100 
P0	94 T28 106 
P1	95 T29 104 
P-1	112 T30 130 
P0	118 T31 126 
P1	122 T32 132 
P0	128 T33 132 
P-1	133 T34 138 
P0	134 T35 138 
P1	134 T36 140 
NMec = 97880
Viable Sol. = 140220149
Profit = 18
T = 37
P = 2
Profits ignored
Solution time = 1.159e+00
Task data
00    2  17     1
01    2  19     1
02    8  12     1
03   12  32     1
04   14  32     1
05   18  38     1
06   22 142     1
07   25  42     1
08   31  45     1
09   35  46     1
10   36  51     1
11   41  48     1
12   46  52     1
13   47  51     1
14   48 151     1
15   49  65     1
16   55  67     1
17   58  69     1
18   62  85     1
19   64  77     1
20   69 124     1
21   71  81     1
22   78 170     1
23   82  92     1
24   84  99     1
25   85 106     1
26   91 101     1
27   94 100     1
28   94 106     1
29   95 104     1
30  112 130     1
31  118 126     1
32  122 132     1
33  128 132     1
34  133 138     1
35  134 138     1
36  134 140     1
End
