P0	3 T0 11 
P1	4 T1 13 
P2	4 T2 16 
P3	7 T3 8 
P-1	7 T4 56 
P-1	8 T5 88 
P3	10 T6 19 
P-1	14 T7 29 
P0	18 T8 23 
P-1	19 T9 34 
P1	21 T10 29 
P2	22 T11 33 
P0	25 T12 39 
P-1	26 T13 57 
P3	28 T14 36 
P1	33 T15 47 
P-1	38 T16 62 
P0	44 T17 49 
P2	44 T18 55 
P3	45 T19 52 
P-1	46 T20 70 
P-1	48 T21 61 
P-1	56 T22 68 
P-1	56 T23 79 
P0	57 T24 63 
P1	58 T25 61 
P2	58 T26 68 
P3	61 T27 68 
P1	62 T28 72 
P-1	62 T29 79 
P-1	64 T30 78 
P-1	73 T31 80 
P-1	73 T32 83 
P0	73 T33 84 
P1	75 T34 83 
P2	77 T35 81 
P3	77 T36 90 
NMec = 97880
Viable Sol. = 6939005800
Profit = 23
T = 37
P = 4
Profits ignored
Solution time = 6.606e+01
Task data
00    3  11     1
01    4  13     1
02    4  16     1
03    7   8     1
04    7  56     1
05    8  88     1
06   10  19     1
07   14  29     1
08   18  23     1
09   19  34     1
10   21  29     1
11   22  33     1
12   25  39     1
13   26  57     1
14   28  36     1
15   33  47     1
16   38  62     1
17   44  49     1
18   44  55     1
19   45  52     1
20   46  70     1
21   48  61     1
22   56  68     1
23   56  79     1
24   57  63     1
25   58  61     1
26   58  68     1
27   61  68     1
28   62  72     1
29   62  79     1
30   64  78     1
31   73  80     1
32   73  83     1
33   73  84     1
34   75  83     1
35   77  81     1
36   77  90     1
End
