P-1	0 T0 111 
P-1	5 T1 18 
P0	7 T2 19 
P-1	11 T3 98 
P1	13 T4 31 
P2	14 T5 25 
P-1	15 T6 34 
P0	20 T7 24 
P0	26 T8 30 
P2	30 T9 34 
P0	32 T10 44 
P1	33 T11 37 
P-1	33 T12 53 
P-1	34 T13 48 
P-1	37 T14 55 
P1	39 T15 48 
P-1	41 T16 60 
P2	44 T17 50 
P0	45 T18 50 
P1	50 T19 55 
P-1	52 T20 76 
P-1	53 T21 60 
P0	54 T22 58 
P1	56 T23 66 
P2	58 T24 73 
P-1	60 T25 115 
P0	62 T26 68 
P-1	65 T27 75 
P1	67 T28 78 
P0	69 T29 74 
P2	74 T30 81 
P0	79 T31 83 
P1	83 T32 89 
P0	89 T33 95 
P1	90 T34 100 
P0	98 T35 112 
P1	105 T36 122 
NMec = 97880
Viable Sol. = 3039681854
Profit = 25
T = 37
P = 3
Profits ignored
Solution time = 2.172e+01
Task data
00    0 111     1
01    5  18     1
02    7  19     1
03   11  98     1
04   13  31     1
05   14  25     1
06   15  34     1
07   20  24     1
08   26  30     1
09   30  34     1
10   32  44     1
11   33  37     1
12   33  53     1
13   34  48     1
14   37  55     1
15   39  48     1
16   41  60     1
17   44  50     1
18   45  50     1
19   50  55     1
20   52  76     1
21   53  60     1
22   54  58     1
23   56  66     1
24   58  73     1
25   60 115     1
26   62  68     1
27   65  75     1
28   67  78     1
29   69  74     1
30   74  81     1
31   79  83     1
32   83  89     1
33   89  95     1
34   90 100     1
35   98 112     1
36  105 122     1
End
