P-1	0 T0 111 
P0	5 T1 18 
P-1	7 T2 19 
P-1	11 T3 98 
P1	13 T4 31 
P-1	14 T5 25 
P2	15 T6 34 
P0	20 T7 24 
P0	26 T8 30 
P-1	30 T9 34 
P-1	32 T10 44 
P-1	33 T11 37 
P0	33 T12 53 
P1	34 T13 48 
P2	37 T14 55 
P-1	39 T15 48 
P-1	41 T16 60 
P-1	44 T17 50 
P-1	45 T18 50 
P1	50 T19 55 
P-1	52 T20 76 
P-1	53 T21 60 
P0	54 T22 58 
P1	56 T23 66 
P2	58 T24 73 
P0	60 T25 115 
P-1	62 T26 68 
P-1	65 T27 75 
P1	67 T28 78 
P-1	69 T29 74 
P2	74 T30 81 
P1	79 T31 83 
P2	83 T32 89 
P1	89 T33 95 
P2	90 T34 100 
P1	98 T35 112 
P2	105 T36 122 
NMec = 97880
Viable Sol. = 3039681854
Profit = 51026
T = 37
P = 3
Profits not ignored
Solution time = 2.707e+01
Task data
00    0 111 10075
01    5  18  1996
02    7  19  1709
03   11  98  6942
04   13  31  3326
05   14  25  1773
06   15  34  2745
07   20  24   425
08   26  30   650
09   30  34   466
10   32  44   952
11   33  37   979
12   33  53  2966
13   34  48  2288
14   37  55  2331
15   39  48  1075
16   41  60  2567
17   44  50   948
18   45  50   899
19   50  55   901
20   52  76  1664
21   53  60  1376
22   54  58   811
23   56  66  2000
24   58  73  4175
25   60 115  7364
26   62  68  1210
27   65  75  1810
28   67  78  3239
29   69  74   714
30   74  81  2191
31   79  83  1423
32   83  89  1658
33   89  95   842
34   90 100  2681
35   98 112  1966
36  105 122  5048
End
