P-1	3 T0 31 
P0	8 T1 15 
P-1	8 T2 25 
P-1	8 T3 61 
P-1	9 T4 43 
P1	10 T5 25 
P-1	10 T6 56 
P2	11 T7 19 
P-1	12 T8 71 
P3	14 T9 19 
P-1	16 T10 39 
P0	19 T11 28 
P-1	20 T12 33 
P2	20 T13 33 
P-1	21 T14 64 
P3	23 T15 31 
P-1	23 T16 46 
P-1	24 T17 43 
P4	25 T18 34 
P1	26 T19 45 
P0	30 T20 41 
P3	33 T21 43 
P-1	34 T22 52 
P-1	35 T23 51 
P2	39 T24 46 
P4	41 T25 47 
P-1	44 T26 55 
P0	45 T27 67 
P1	49 T28 59 
P2	50 T29 61 
P3	51 T30 53 
P4	51 T31 58 
P3	54 T32 63 
P4	59 T33 68 
P1	60 T34 66 
P2	63 T35 73 
P1	67 T36 73 
NMec = 97880
Viable Sol. = 3643516598
Profit = 23
T = 37
P = 5
Profits ignored
Solution time = 2.896e+01
Task data
00    3  31     1
01    8  15     1
02    8  25     1
03    8  61     1
04    9  43     1
05   10  25     1
06   10  56     1
07   11  19     1
08   12  71     1
09   14  19     1
10   16  39     1
11   19  28     1
12   20  33     1
13   20  33     1
14   21  64     1
15   23  31     1
16   23  46     1
17   24  43     1
18   25  34     1
19   26  45     1
20   30  41     1
21   33  43     1
22   34  52     1
23   35  51     1
24   39  46     1
25   41  47     1
26   44  55     1
27   45  67     1
28   49  59     1
29   50  61     1
30   51  53     1
31   51  58     1
32   54  63     1
33   59  68     1
34   60  66     1
35   63  73     1
36   67  73     1
End
