P0	0 T0 17 
P1	0 T1 20 
P-1	0 T2 22 
P2	2 T3 5 
P3	2 T4 19 
P4	3 T5 11 
P-1	4 T6 21 
P-1	4 T7 27 
P5	5 T8 17 
P-1	5 T9 22 
P2	6 T10 23 
P6	8 T11 17 
P7	9 T12 14 
P-1	9 T13 25 
P-1	9 T14 30 
P-1	10 T15 31 
P-1	11 T16 30 
P4	12 T17 17 
P8	14 T18 24 
P7	15 T19 22 
P-1	15 T20 27 
P-1	15 T21 40 
P-1	16 T22 30 
P-1	16 T23 31 
P-1	17 T24 27 
P0	18 T25 25 
P-1	18 T26 40 
P4	19 T27 31 
P5	19 T28 39 
P3	20 T29 33 
P6	20 T30 35 
P1	21 T31 39 
P2	24 T32 41 
P7	25 T33 34 
P8	25 T34 41 
P0	28 T35 33 
P0	37 T36 39 
NMec = 97880
Viable Sol. = 15144303364
Profit = 23
T = 37
P = 9
Profits ignored
Solution time = 1.194e+02
Task data
00    0  17     1
01    0  20     1
02    0  22     1
03    2   5     1
04    2  19     1
05    3  11     1
06    4  21     1
07    4  27     1
08    5  17     1
09    5  22     1
10    6  23     1
11    8  17     1
12    9  14     1
13    9  25     1
14    9  30     1
15   10  31     1
16   11  30     1
17   12  17     1
18   14  24     1
19   15  22     1
20   15  27     1
21   15  40     1
22   16  30     1
23   16  31     1
24   17  27     1
25   18  25     1
26   18  40     1
27   19  31     1
28   19  39     1
29   20  33     1
30   20  35     1
31   21  39     1
32   24  41     1
33   25  34     1
34   25  41     1
35   28  33     1
36   37  39     1
End
