P0	3 T0 11 
P-1	4 T1 13 
P1	4 T2 16 
P-1	7 T3 8 
P2	7 T4 56 
P3	8 T5 88 
P-1	10 T6 19 
P-1	14 T7 29 
P0	18 T8 23 
P-1	19 T9 34 
P-1	21 T10 29 
P-1	22 T11 33 
P0	25 T12 39 
P1	26 T13 57 
P-1	28 T14 36 
P-1	33 T15 47 
P-1	38 T16 62 
P-1	44 T17 49 
P-1	44 T18 55 
P0	45 T19 52 
P-1	46 T20 70 
P-1	48 T21 61 
P0	56 T22 68 
P-1	56 T23 79 
P2	57 T24 63 
P1	58 T25 61 
P-1	58 T26 68 
P-1	61 T27 68 
P1	62 T28 72 
P-1	62 T29 79 
P2	64 T30 78 
P0	73 T31 80 
P-1	73 T32 83 
P-1	73 T33 84 
P-1	75 T34 83 
P-1	77 T35 81 
P1	77 T36 90 
NMec = 97880
Viable Sol. = 6939005800
Profit = 55701
T = 37
P = 4
Profits not ignored
Solution time = 7.782e+01
Task data
00    3  11  1265
01    4  13   825
02    4  16  2350
03    7   8   183
04    7  56  9973
05    8  88 20752
06   10  19  1052
07   14  29  1440
08   18  23   593
09   19  34  1851
10   21  29   657
11   22  33  1356
12   25  39  2134
13   26  57  5102
14   28  36  1886
15   33  47  1100
16   38  62  1932
17   44  49   561
18   44  55   843
19   45  52  1460
20   46  70  3284
21   48  61  1009
22   56  68  2286
23   56  79  1624
24   57  63  1405
25   58  61   430
26   58  68   997
27   61  68  1002
28   62  72   908
29   62  79  2675
30   64  78  2546
31   73  80  1790
32   73  83   864
33   73  84   821
34   75  83   862
35   77  81   484
36   77  90  2707
End
