P0	0 T0 18 
P1	1 T1 7 
P2	3 T2 12 
P3	3 T3 48 
P4	4 T4 6 
P5	4 T5 20 
P6	5 T6 25 
P-1	8 T7 16 
P-1	9 T8 30 
P-1	9 T9 46 
P1	10 T10 24 
P4	10 T11 31 
P-1	12 T12 21 
P2	14 T13 19 
P-1	15 T14 22 
P-1	16 T15 31 
P-1	17 T16 25 
P-1	18 T17 29 
P-1	18 T18 52 
P-1	21 T19 25 
P0	21 T20 33 
P2	22 T21 36 
P5	22 T22 41 
P-1	23 T23 38 
P-1	24 T24 28 
P-1	24 T25 35 
P1	25 T26 41 
P-1	26 T27 36 
P-1	28 T28 37 
P-1	28 T29 42 
P-1	29 T30 40 
P6	30 T31 36 
P-1	31 T32 41 
P4	33 T33 50 
P0	35 T34 47 
P2	39 T35 45 
P6	39 T36 48 
NMec = 97880
Viable Sol. = 13899051564
Profit = 44668
T = 37
P = 7
Profits not ignored
Solution time = 1.532e+02
Task data
00    0  18  3354
01    1   7  1315
02    3  12  1498
03    3  48  6994
04    4   6   436
05    4  20  1528
06    5  25  2325
07    8  16   588
08    9  30  2077
09    9  46  2466
10   10  24  2034
11   10  31  2394
12   12  21  1167
13   14  19   602
14   15  22   607
15   16  31  1090
16   17  25   811
17   18  29  1288
18   18  52  3021
19   21  25   684
20   21  33  1459
21   22  36  3805
22   22  41  4446
23   23  38  1757
24   24  28   832
25   24  35  2168
26   25  41  3976
27   26  36  1381
28   28  37   921
29   28  42  1683
30   29  40  1864
31   30  36  1539
32   31  41  1514
33   33  50  1620
34   35  47  1850
35   39  45  1725
36   39  48  1768
End
