P-1	0 T0 18 
P0	1 T1 7 
P1	3 T2 12 
P-1	3 T3 48 
P2	4 T4 6 
P3	4 T5 20 
P-1	5 T6 25 
P0	8 T7 16 
P-1	9 T8 30 
P-1	9 T9 46 
P-1	10 T10 24 
P-1	10 T11 31 
P2	12 T12 21 
P1	14 T13 19 
P4	15 T14 22 
P5	16 T15 31 
P0	17 T16 25 
P6	18 T17 29 
P-1	18 T18 52 
P1	21 T19 25 
P3	21 T20 33 
P-1	22 T21 36 
P-1	22 T22 41 
P-1	23 T23 38 
P2	24 T24 28 
P-1	24 T25 35 
P-1	25 T26 41 
P-1	26 T27 36 
P0	28 T28 37 
P1	28 T29 42 
P2	29 T30 40 
P4	30 T31 36 
P6	31 T32 41 
P5	33 T33 50 
P3	35 T34 47 
P0	39 T35 45 
P4	39 T36 48 
NMec = 97880
Viable Sol. = 13899051564
Profit = 23
T = 37
P = 7
Profits ignored
Solution time = 1.232e+02
Task data
00    0  18     1
01    1   7     1
02    3  12     1
03    3  48     1
04    4   6     1
05    4  20     1
06    5  25     1
07    8  16     1
08    9  30     1
09    9  46     1
10   10  24     1
11   10  31     1
12   12  21     1
13   14  19     1
14   15  22     1
15   16  31     1
16   17  25     1
17   18  29     1
18   18  52     1
19   21  25     1
20   21  33     1
21   22  36     1
22   22  41     1
23   23  38     1
24   24  28     1
25   24  35     1
26   25  41     1
27   26  36     1
28   28  37     1
29   28  42     1
30   29  40     1
31   30  36     1
32   31  41     1
33   33  50     1
34   35  47     1
35   39  45     1
36   39  48     1
End
