P0	9 T0 37 
P0	58 T1 69 
P-1	67 T2 72 
P-1	59 T3 79 
P-1	67 T4 82 
P0	86 T5 90 
P-1	77 T6 94 
P0	91 T7 102 
P0	124 T8 136 
P-1	124 T9 142 
P0	148 T10 159 
P-1	157 T11 162 
P0	166 T12 167 
P0	190 T13 198 
P-1	177 T14 200 
P0	205 T15 213 
P0	235 T16 246 
P-1	245 T17 258 
P0	251 T18 259 
P-1	255 T19 271 
P0	272 T20 280 
P-1	277 T21 285 
P-1	274 T22 288 
P-1	264 T23 292 
P0	288 T24 299 
P-1	293 T25 301 
P-1	282 T26 303 
P0	302 T27 311 
P-1	56 T28 312 
P-1	310 T29 319 
P0	320 T30 333 
P-1	327 T31 336 
P-1	330 T32 338 
P-1	24 T33 340 
P-1	327 T34 349 
P0	340 T35 352 
P0	357 T36 367 
NMec = 97880
Viable Sol. = 0
Profit = 17
T = 37
P = 1
Profits ignored
Solution time = 6.713e-06
Task data
00    9  37     1
01   58  69     1
02   67  72     1
03   59  79     1
04   67  82     1
05   86  90     1
06   77  94     1
07   91 102     1
08  124 136     1
09  124 142     1
10  148 159     1
11  157 162     1
12  166 167     1
13  190 198     1
14  177 200     1
15  205 213     1
16  235 246     1
17  245 258     1
18  251 259     1
19  255 271     1
20  272 280     1
21  277 285     1
22  274 288     1
23  264 292     1
24  288 299     1
25  293 301     1
26  282 303     1
27  302 311     1
28   56 312     1
29  310 319     1
30  320 333     1
31  327 336     1
32  330 338     1
33   24 340     1
34  327 349     1
35  340 352     1
36  357 367     1
End
