P0	0 T0 16 
P-1	1 T1 58 
P1	3 T2 5 
P-1	3 T3 58 
P-1	4 T4 36 
P-1	4 T5 60 
P-1	5 T6 21 
P1	8 T7 13 
P-1	8 T8 20 
P-1	8 T9 22 
P2	8 T10 23 
P3	10 T11 22 
P4	11 T12 17 
P1	14 T13 26 
P-1	15 T14 57 
P5	16 T15 27 
P-1	16 T16 60 
P0	17 T17 23 
P-1	17 T18 38 
P-1	19 T19 30 
P-1	20 T20 32 
P-1	21 T21 33 
P4	22 T22 38 
P3	23 T23 36 
P0	24 T24 45 
P1	27 T25 35 
P-1	27 T26 59 
P2	29 T27 35 
P5	30 T28 36 
P-1	34 T29 53 
P1	37 T30 49 
P2	38 T31 59 
P3	41 T32 56 
P4	42 T33 49 
P5	45 T34 60 
P0	48 T35 55 
P1	50 T36 57 
NMec = 97880
Viable Sol. = 4878309121
Profit = 22
T = 37
P = 6
Profits ignored
Solution time = 4.342e+01
Task data
00    0  16     1
01    1  58     1
02    3   5     1
03    3  58     1
04    4  36     1
05    4  60     1
06    5  21     1
07    8  13     1
08    8  20     1
09    8  22     1
10    8  23     1
11   10  22     1
12   11  17     1
13   14  26     1
14   15  57     1
15   16  27     1
16   16  60     1
17   17  23     1
18   17  38     1
19   19  30     1
20   20  32     1
21   21  33     1
22   22  38     1
23   23  36     1
24   24  45     1
25   27  35     1
26   27  59     1
27   29  35     1
28   30  36     1
29   34  53     1
30   37  49     1
31   38  59     1
32   41  56     1
33   42  49     1
34   45  60     1
35   48  55     1
36   50  57     1
End
