P0	1 T0 13 
P-1	1 T1 20 
P-1	1 T2 24 
P1	2 T3 14 
P-1	2 T4 16 
P-1	2 T5 21 
P2	3 T6 12 
P-1	3 T7 19 
P-1	3 T8 21 
P3	4 T9 14 
P4	5 T10 12 
P-1	5 T11 16 
P-1	5 T12 20 
P-1	5 T13 26 
P-1	6 T14 26 
P-1	7 T15 17 
P-1	7 T16 23 
P-1	8 T17 29 
P5	9 T18 11 
P6	9 T19 18 
P-1	9 T20 22 
P-1	10 T21 24 
P-1	12 T22 35 
P2	13 T23 29 
P0	14 T24 18 
P4	14 T25 19 
P5	14 T26 25 
P7	14 T27 25 
P1	15 T28 18 
P3	15 T29 22 
P8	15 T30 23 
P9	16 T31 25 
P0	19 T32 33 
P1	19 T33 34 
P4	22 T34 35 
P6	22 T35 36 
P3	24 T36 33 
NMec = 97880
Viable Sol. = 16889240071
Profit = 21
T = 37
P = 10
Profits ignored
Solution time = 1.432e+02
Task data
00    1  13     1
01    1  20     1
02    1  24     1
03    2  14     1
04    2  16     1
05    2  21     1
06    3  12     1
07    3  19     1
08    3  21     1
09    4  14     1
10    5  12     1
11    5  16     1
12    5  20     1
13    5  26     1
14    6  26     1
15    7  17     1
16    7  23     1
17    8  29     1
18    9  11     1
19    9  18     1
20    9  22     1
21   10  24     1
22   12  35     1
23   13  29     1
24   14  18     1
25   14  19     1
26   14  25     1
27   14  25     1
28   15  18     1
29   15  22     1
30   15  23     1
31   16  25     1
32   19  33     1
33   19  34     1
34   22  35     1
35   22  36     1
36   24  33     1
End
