P0	1 T0 6 
P1	1 T1 7 
P-1	1 T2 22 
P-1	3 T3 12 
P-1	5 T4 29 
P2	6 T5 17 
P0	7 T6 18 
P-1	7 T7 39 
P1	8 T8 15 
P3	8 T9 25 
P4	9 T10 12 
P5	9 T11 13 
P6	9 T12 20 
P7	11 T13 20 
P-1	12 T14 28 
P8	12 T15 28 
P-1	13 T16 35 
P-1	13 T17 37 
P-1	17 T18 30 
P1	18 T19 20 
P-1	18 T20 34 
P-1	18 T21 40 
P-1	19 T22 40 
P-1	20 T23 29 
P0	21 T24 30 
P-1	21 T25 33 
P-1	21 T26 40 
P1	23 T27 29 
P2	23 T28 41 
P4	24 T29 36 
P5	25 T30 32 
P6	25 T31 35 
P7	25 T32 36 
P3	27 T33 35 
P8	29 T34 38 
P0	31 T35 39 
P1	32 T36 35 
P5	35 T37 40 
NMec = 97880
Viable Sol. = 67644836016
Profit = 24
T = 38
P = 9
Profits ignored
Solution time = 6.072e+02
Task data
00    1   6     1
01    1   7     1
02    1  22     1
03    3  12     1
04    5  29     1
05    6  17     1
06    7  18     1
07    7  39     1
08    8  15     1
09    8  25     1
10    9  12     1
11    9  13     1
12    9  20     1
13   11  20     1
14   12  28     1
15   12  28     1
16   13  35     1
17   13  37     1
18   17  30     1
19   18  20     1
20   18  34     1
21   18  40     1
22   19  40     1
23   20  29     1
24   21  30     1
25   21  33     1
26   21  40     1
27   23  29     1
28   23  41     1
29   24  36     1
30   25  32     1
31   25  35     1
32   25  36     1
33   27  35     1
34   29  38     1
35   31  39     1
36   32  35     1
37   35  40     1
End
