P0	19 T0 29 
P0	35 T1 244 
P-1	41 T2 56 
P-1	57 T3 68 
P-1	74 T4 88 
P-1	75 T5 79 
P-1	94 T6 111 
P-1	123 T7 134 
P-1	133 T8 149 
P-1	146 T9 160 
P-1	155 T10 157 
P-1	163 T11 297 
P-1	170 T12 187 
P-1	171 T13 196 
P-1	174 T14 236 
P-1	175 T15 186 
P-1	175 T16 193 
P-1	179 T17 206 
P-1	183 T18 203 
P-1	185 T19 192 
P-1	185 T20 198 
P-1	193 T21 208 
P-1	194 T22 203 
P-1	203 T23 212 
P-1	218 T24 231 
P-1	223 T25 231 
P-1	228 T26 246 
P0	246 T27 258 
P-1	257 T28 266 
P-1	257 T29 280 
P0	278 T30 302 
P-1	295 T31 299 
P-1	306 T32 319 
P-1	307 T33 318 
P0	318 T34 334 
P0	349 T35 354 
P-1	356 T36 368 
P0	363 T37 378 
NMec = 97880
Viable Sol. = 9557520
Profit = 68993
T = 38
P = 1
Profits not ignored
Solution time = 9.945e-02
Task data
00   19  29  1629
01   35 244 54003
02   41  56  2750
03   57  68  1766
04   74  88  2524
05   75  79  1365
06   94 111  2893
07  123 134  1701
08  133 149  4033
09  146 160  2565
10  155 157   238
11  163 297 14319
12  170 187  4008
13  171 196  3791
14  174 236  7254
15  175 186  1564
16  175 193  2992
17  179 206  2302
18  183 203  1354
19  185 192  1457
20  185 198  2743
21  193 208  3319
22  194 203  2257
23  203 212  2653
24  218 231  3432
25  223 231   892
26  228 246  3857
27  246 258  1224
28  257 266   857
29  257 280  1762
30  278 302  5233
31  295 299  1022
32  306 319  2351
33  307 318  2398
34  318 334  3096
35  349 354   681
36  356 368  2084
37  363 378  3127
End
