P0	1 T0 7 
P1	4 T1 19 
P-1	13 T2 26 
P-1	16 T3 33 
P0	19 T4 27 
P2	19 T5 43 
P1	26 T6 45 
P-1	28 T7 105 
P-1	32 T8 84 
P-1	34 T9 49 
P-1	40 T10 51 
P0	42 T11 51 
P-1	42 T12 59 
P-1	42 T13 62 
P-1	45 T14 54 
P-1	47 T15 56 
P1	47 T16 66 
P2	49 T17 58 
P0	54 T18 61 
P-1	59 T19 68 
P-1	61 T20 84 
P-1	63 T21 75 
P-1	63 T22 84 
P-1	64 T23 80 
P0	67 T24 79 
P1	67 T25 86 
P2	68 T26 75 
P-1	68 T27 88 
P-1	80 T28 100 
P-1	83 T29 89 
P0	85 T30 97 
P2	86 T31 102 
P1	87 T32 97 
P-1	88 T33 111 
P-1	88 T34 115 
P0	102 T35 119 
P1	110 T36 125 
P2	111 T37 125 
NMec = 97880
Viable Sol. = 992966398
Profit = 18
T = 38
P = 3
Profits ignored
Solution time = 8.186e+00
Task data
00    1   7     1
01    4  19     1
02   13  26     1
03   16  33     1
04   19  27     1
05   19  43     1
06   26  45     1
07   28 105     1
08   32  84     1
09   34  49     1
10   40  51     1
11   42  51     1
12   42  59     1
13   42  62     1
14   45  54     1
15   47  56     1
16   47  66     1
17   49  58     1
18   54  61     1
19   59  68     1
20   61  84     1
21   63  75     1
22   63  84     1
23   64  80     1
24   67  79     1
25   67  86     1
26   68  75     1
27   68  88     1
28   80 100     1
29   83  89     1
30   85  97     1
31   86 102     1
32   87  97     1
33   88 111     1
34   88 115     1
35  102 119     1
36  110 125     1
37  111 125     1
End
