P-1	2 T0 19 
P-1	2 T1 21 
P0	3 T2 10 
P1	4 T3 11 
P-1	8 T4 31 
P0	11 T5 26 
P1	13 T6 20 
P1	22 T7 30 
P0	29 T8 32 
P-1	29 T9 65 
P-1	39 T10 48 
P0	39 T11 52 
P1	42 T12 50 
P-1	43 T13 117 
P-1	45 T14 59 
P-1	48 T15 69 
P-1	53 T16 72 
P0	57 T17 61 
P1	59 T18 68 
P0	67 T19 89 
P1	73 T20 91 
P-1	92 T21 100 
P0	95 T22 97 
P-1	97 T23 120 
P0	98 T24 102 
P1	99 T25 109 
P0	108 T26 112 
P1	111 T27 130 
P0	116 T28 130 
P0	132 T29 143 
P-1	142 T30 154 
P0	145 T31 155 
P1	146 T32 148 
P1	149 T33 154 
P-1	149 T34 175 
P-1	157 T35 175 
P0	164 T36 184 
P1	166 T37 181 
NMec = 97880
Viable Sol. = 2012616528
Profit = 24
T = 38
P = 2
Profits ignored
Solution time = 1.647e+01
Task data
00    2  19     1
01    2  21     1
02    3  10     1
03    4  11     1
04    8  31     1
05   11  26     1
06   13  20     1
07   22  30     1
08   29  32     1
09   29  65     1
10   39  48     1
11   39  52     1
12   42  50     1
13   43 117     1
14   45  59     1
15   48  69     1
16   53  72     1
17   57  61     1
18   59  68     1
19   67  89     1
20   73  91     1
21   92 100     1
22   95  97     1
23   97 120     1
24   98 102     1
25   99 109     1
26  108 112     1
27  111 130     1
28  116 130     1
29  132 143     1
30  142 154     1
31  145 155     1
32  146 148     1
33  149 154     1
34  149 175     1
35  157 175     1
36  164 184     1
37  166 181     1
End
