P0	19 T0 29 
P0	41 T1 56 
P0	57 T2 68 
P0	75 T3 79 
P-1	74 T4 88 
P0	94 T5 111 
P0	123 T6 134 
P-1	133 T7 149 
P0	155 T8 157 
P-1	146 T9 160 
P0	175 T10 186 
P-1	170 T11 187 
P-1	185 T12 192 
P-1	175 T13 193 
P-1	171 T14 196 
P-1	185 T15 198 
P-1	183 T16 203 
P0	194 T17 203 
P-1	179 T18 206 
P-1	193 T19 208 
P-1	203 T20 212 
P0	218 T21 231 
P-1	223 T22 231 
P-1	174 T23 236 
P-1	35 T24 244 
P-1	228 T25 246 
P0	246 T26 258 
P-1	257 T27 266 
P-1	257 T28 280 
P-1	163 T29 297 
P0	295 T30 299 
P-1	278 T31 302 
P0	307 T32 318 
P-1	306 T33 319 
P-1	318 T34 334 
P0	349 T35 354 
P0	356 T36 368 
P-1	363 T37 378 
NMec = 97880
Viable Sol. = 0
Profit = 15
T = 38
P = 1
Profits ignored
Solution time = 6.494e-06
Task data
00   19  29     1
01   41  56     1
02   57  68     1
03   75  79     1
04   74  88     1
05   94 111     1
06  123 134     1
07  133 149     1
08  155 157     1
09  146 160     1
10  175 186     1
11  170 187     1
12  185 192     1
13  175 193     1
14  171 196     1
15  185 198     1
16  183 203     1
17  194 203     1
18  179 206     1
19  193 208     1
20  203 212     1
21  218 231     1
22  223 231     1
23  174 236     1
24   35 244     1
25  228 246     1
26  246 258     1
27  257 266     1
28  257 280     1
29  163 297     1
30  295 299     1
31  278 302     1
32  307 318     1
33  306 319     1
34  318 334     1
35  349 354     1
36  356 368     1
37  363 378     1
End
