P0	1 T0 7 
P1	4 T1 19 
P0	13 T2 26 
P-1	16 T3 33 
P2	19 T4 27 
P-1	19 T5 43 
P1	26 T6 45 
P0	28 T7 105 
P2	32 T8 84 
P-1	34 T9 49 
P-1	40 T10 51 
P-1	42 T11 51 
P-1	42 T12 59 
P-1	42 T13 62 
P-1	45 T14 54 
P1	47 T15 56 
P-1	47 T16 66 
P-1	49 T17 58 
P-1	54 T18 61 
P-1	59 T19 68 
P-1	61 T20 84 
P1	63 T21 75 
P-1	63 T22 84 
P-1	64 T23 80 
P-1	67 T24 79 
P-1	67 T25 86 
P-1	68 T26 75 
P-1	68 T27 88 
P1	80 T28 100 
P-1	83 T29 89 
P-1	85 T30 97 
P-1	86 T31 102 
P-1	87 T32 97 
P-1	88 T33 111 
P2	88 T34 115 
P1	102 T35 119 
P-1	110 T36 125 
P0	111 T37 125 
NMec = 97880
Viable Sol. = 992966398
Profit = 53294
T = 38
P = 3
Profits not ignored
Solution time = 1.074e+01
Task data
00    1   7   856
01    4  19  2961
02   13  26  1998
03   16  33  1475
04   19  27   792
05   19  43  2984
06   26  45  4380
07   28 105 10991
08   32  84 11912
09   34  49  3540
10   40  51  1402
11   42  51  1730
12   42  59  1902
13   42  62  3801
14   45  54  1331
15   47  56  2732
16   47  66  1519
17   49  58  1574
18   54  61   906
19   59  68   872
20   61  84  2411
21   63  75  1199
22   63  84  2713
23   64  80  1194
24   67  79  1115
25   67  86  2720
26   68  75   888
27   68  88  4173
28   80 100  3857
29   83  89   636
30   85  97  1583
31   86 102  2084
32   87  97  1162
33   88 111  2903
34   88 115  6859
35  102 119  2827
36  110 125  1615
37  111 125  1930
End
