P-1	0 T0 10 
P0	1 T1 12 
P-1	3 T2 26 
P-1	3 T3 42 
P-1	4 T4 24 
P-1	5 T5 57 
P1	6 T6 14 
P2	7 T7 11 
P3	10 T8 14 
P4	10 T9 18 
P5	10 T10 25 
P0	13 T11 31 
P2	14 T12 24 
P1	16 T13 31 
P3	17 T14 33 
P4	24 T15 31 
P2	26 T16 37 
P-1	26 T17 46 
P-1	26 T18 58 
P-1	27 T19 41 
P5	28 T20 37 
P-1	28 T21 52 
P-1	30 T22 40 
P-1	30 T23 46 
P-1	31 T24 39 
P-1	33 T25 45 
P-1	33 T26 46 
P-1	34 T27 39 
P0	34 T28 41 
P1	34 T29 43 
P3	35 T30 40 
P4	36 T31 58 
P2	38 T32 56 
P5	39 T33 42 
P0	45 T34 51 
P1	48 T35 61 
P0	54 T36 55 
P3	54 T37 60 
NMec = 97880
Viable Sol. = 13892026632
Profit = 23
T = 38
P = 6
Profits ignored
Solution time = 1.058e+02
Task data
00    0  10     1
01    1  12     1
02    3  26     1
03    3  42     1
04    4  24     1
05    5  57     1
06    6  14     1
07    7  11     1
08   10  14     1
09   10  18     1
10   10  25     1
11   13  31     1
12   14  24     1
13   16  31     1
14   17  33     1
15   24  31     1
16   26  37     1
17   26  46     1
18   26  58     1
19   27  41     1
20   28  37     1
21   28  52     1
22   30  40     1
23   30  46     1
24   31  39     1
25   33  45     1
26   33  46     1
27   34  39     1
28   34  41     1
29   34  43     1
30   35  40     1
31   36  58     1
32   38  56     1
33   39  42     1
34   45  51     1
35   48  61     1
36   54  55     1
37   54  60     1
End
