P0	0 T0 10 
P1	1 T1 12 
P2	3 T2 26 
P-1	3 T3 42 
P3	4 T4 24 
P4	5 T5 57 
P5	6 T6 14 
P-1	7 T7 11 
P-1	10 T8 14 
P-1	10 T9 18 
P-1	10 T10 25 
P0	13 T11 31 
P1	14 T12 24 
P-1	16 T13 31 
P5	17 T14 33 
P-1	24 T15 31 
P-1	26 T16 37 
P1	26 T17 46 
P-1	26 T18 58 
P2	27 T19 41 
P-1	28 T20 37 
P3	28 T21 52 
P-1	30 T22 40 
P-1	30 T23 46 
P-1	31 T24 39 
P-1	33 T25 45 
P0	33 T26 46 
P-1	34 T27 39 
P-1	34 T28 41 
P-1	34 T29 43 
P-1	35 T30 40 
P5	36 T31 58 
P-1	38 T32 56 
P-1	39 T33 42 
P2	45 T34 51 
P0	48 T35 61 
P1	54 T36 55 
P2	54 T37 60 
NMec = 97880
Viable Sol. = 13892026632
Profit = 55477
T = 38
P = 6
Profits not ignored
Solution time = 1.268e+02
Task data
00    0  10  1661
01    1  12  2031
02    3  26  4813
03    3  42  3406
04    4  24  5460
05    5  57 11532
06    6  14  1793
07    7  11   424
08   10  14   731
09   10  18  1967
10   10  25  1308
11   13  31  2870
12   14  24  1483
13   16  31  1614
14   17  33  2239
15   24  31  1959
16   26  37  1096
17   26  46  3358
18   26  58  2775
19   27  41  2919
20   28  37   991
21   28  52  4824
22   30  40  2222
23   30  46  2450
24   31  39  2072
25   33  45  2362
26   33  46  2461
27   34  39   895
28   34  41  2003
29   34  43  1779
30   35  40  1329
31   36  58  2469
32   38  56  2102
33   39  42   944
34   45  51  1424
35   48  61  2845
36   54  55   177
37   54  60  1118
End
