P0	1 T0 2 
P1	2 T1 23 
P0	6 T2 20 
P-1	9 T3 81 
P2	12 T4 20 
P-1	14 T5 32 
P-1	20 T6 41 
P-1	21 T7 37 
P-1	21 T8 52 
P0	23 T9 39 
P1	24 T10 36 
P2	25 T11 39 
P3	25 T12 43 
P-1	25 T13 91 
P-1	31 T14 89 
P-1	32 T15 55 
P-1	35 T16 50 
P-1	36 T17 51 
P-1	37 T18 45 
P-1	38 T19 54 
P0	43 T20 57 
P1	44 T21 53 
P2	45 T22 51 
P3	45 T23 58 
P1	55 T24 64 
P-1	55 T25 74 
P2	56 T26 72 
P-1	57 T27 78 
P-1	58 T28 74 
P-1	62 T29 73 
P-1	62 T30 79 
P0	63 T31 77 
P1	70 T32 86 
P3	71 T33 75 
P2	73 T34 89 
P0	78 T35 83 
P3	82 T36 92 
P0	87 T37 90 
NMec = 97880
Viable Sol. = 2746298700
Profit = 21
T = 38
P = 4
Profits ignored
Solution time = 2.129e+01
Task data
00    1   2     1
01    2  23     1
02    6  20     1
03    9  81     1
04   12  20     1
05   14  32     1
06   20  41     1
07   21  37     1
08   21  52     1
09   23  39     1
10   24  36     1
11   25  39     1
12   25  43     1
13   25  91     1
14   31  89     1
15   32  55     1
16   35  50     1
17   36  51     1
18   37  45     1
19   38  54     1
20   43  57     1
21   44  53     1
22   45  51     1
23   45  58     1
24   55  64     1
25   55  74     1
26   56  72     1
27   57  78     1
28   58  74     1
29   62  73     1
30   62  79     1
31   63  77     1
32   70  86     1
33   71  75     1
34   73  89     1
35   78  83     1
36   82  92     1
37   87  90     1
End
