P0	0 T0 47 
P1	1 T1 6 
P2	1 T2 19 
P3	3 T3 24 
P4	3 T4 46 
P5	5 T5 12 
P6	5 T6 32 
P7	6 T7 15 
P-1	7 T8 29 
P-1	8 T9 12 
P-1	8 T10 33 
P-1	9 T11 29 
P-1	10 T12 31 
P1	10 T13 33 
P-1	10 T14 39 
P-1	11 T15 16 
P-1	11 T16 22 
P-1	11 T17 28 
P5	13 T18 16 
P-1	14 T19 23 
P-1	14 T20 29 
P-1	15 T21 21 
P-1	15 T22 28 
P-1	15 T23 30 
P-1	15 T24 37 
P-1	16 T25 32 
P7	16 T26 34 
P-1	20 T27 28 
P2	20 T28 38 
P5	21 T29 45 
P-1	22 T30 33 
P-1	24 T31 37 
P3	25 T32 43 
P6	33 T33 37 
P1	36 T34 43 
P7	36 T35 47 
P6	38 T36 46 
P2	43 T37 47 
NMec = 97880
Viable Sol. = 12002984608
Profit = 55043
T = 38
P = 8
Profits not ignored
Solution time = 1.163e+02
Task data
00    0  47  8413
01    1   6   622
02    1  19  2803
03    3  24  5862
04    3  46  5731
05    5  12  1517
06    5  32  4995
07    6  15  1084
08    7  29  2205
09    8  12   625
10    8  33  1970
11    9  29  2049
12   10  31  3339
13   10  33  4798
14   10  39  3404
15   11  16   896
16   11  22  2141
17   11  28  3250
18   13  16  1000
19   14  23  1173
20   14  29  2467
21   15  21   780
22   15  28  2265
23   15  30  2417
24   15  37  2674
25   16  32  2759
26   16  34  3193
27   20  28  1828
28   20  38  2415
29   21  45  3896
30   22  33  1881
31   24  37  1469
32   25  43  2192
33   33  37   607
34   36  43  1510
35   36  47  2311
36   38  46  1721
37   43  47   373
End
