P-1	0 T0 10 
P-1	0 T1 11 
P0	1 T2 11 
P-1	1 T3 13 
P-1	1 T4 16 
P-1	2 T5 19 
P1	2 T6 20 
P2	2 T7 20 
P-1	2 T8 23 
P3	4 T9 17 
P4	4 T10 22 
P5	6 T11 14 
P6	6 T12 16 
P-1	7 T13 24 
P7	8 T14 18 
P-1	8 T15 27 
P8	10 T16 14 
P9	10 T17 22 
P-1	11 T18 31 
P-1	11 T19 34 
P0	12 T20 19 
P-1	13 T21 31 
P-1	13 T22 36 
P-1	13 T23 37 
P5	15 T24 19 
P-1	16 T25 32 
P6	17 T26 31 
P8	17 T27 34 
P0	20 T28 34 
P1	21 T29 35 
P2	22 T30 27 
P3	22 T31 27 
P5	22 T32 34 
P4	23 T33 28 
P7	23 T34 30 
P9	23 T35 35 
P2	29 T36 35 
P3	32 T37 37 
NMec = 97880
Viable Sol. = 90874515256
Profit = 24
T = 38
P = 10
Profits ignored
Solution time = 8.265e+02
Task data
00    0  10     1
01    0  11     1
02    1  11     1
03    1  13     1
04    1  16     1
05    2  19     1
06    2  20     1
07    2  20     1
08    2  23     1
09    4  17     1
10    4  22     1
11    6  14     1
12    6  16     1
13    7  24     1
14    8  18     1
15    8  27     1
16   10  14     1
17   10  22     1
18   11  31     1
19   11  34     1
20   12  19     1
21   13  31     1
22   13  36     1
23   13  37     1
24   15  19     1
25   16  32     1
26   17  31     1
27   17  34     1
28   20  34     1
29   21  35     1
30   22  27     1
31   22  27     1
32   22  34     1
33   23  28     1
34   23  30     1
35   23  35     1
36   29  35     1
37   32  37     1
End
