P0	0 T0 3 
P1	0 T1 8 
P2	1 T2 114 
P-1	6 T3 23 
P-1	7 T4 13 
P0	12 T5 33 
P1	12 T6 64 
P-1	15 T7 123 
P-1	22 T8 25 
P-1	23 T9 98 
P-1	28 T10 35 
P-1	29 T11 41 
P-1	31 T12 34 
P-1	31 T13 55 
P-1	33 T14 45 
P-1	38 T15 57 
P0	40 T16 111 
P-1	49 T17 63 
P-1	55 T18 59 
P-1	55 T19 66 
P-1	56 T20 72 
P-1	59 T21 73 
P-1	63 T22 79 
P-1	70 T23 84 
P-1	71 T24 116 
P-1	73 T25 81 
P1	74 T26 79 
P-1	77 T27 79 
P-1	78 T28 86 
P1	80 T29 92 
P-1	90 T30 94 
P-1	90 T31 109 
P-1	91 T32 108 
P1	95 T33 106 
P-1	97 T34 107 
P-1	101 T35 104 
P-1	102 T36 113 
P1	108 T37 122 
P0	115 T38 127 
NMec = 97880
Viable Sol. = 2678570020
Profit = 71061
T = 39
P = 3
Profits not ignored
Solution time = 2.508e+01
Task data
00    0   3   538
01    0   8   806
02    1 114 23205
03    6  23  1599
04    7  13   637
05   12  33  6390
06   12  64 14304
07   15 123 19275
08   22  25   545
09   23  98 13766
10   28  35  1099
11   29  41  1486
12   31  34   551
13   31  55  2725
14   33  45  2649
15   38  57  1129
16   40 111 15334
17   49  63  1949
18   55  59   530
19   55  66   942
20   56  72  2268
21   59  73  1005
22   63  79  2390
23   70  84  2474
24   71 116  6905
25   73  81  2336
26   74  79   918
27   77  79   517
28   78  86  1159
29   80  92  3102
30   90  94   990
31   90 109  3631
32   91 108  2017
33   95 106  3002
34   97 107  2312
35  101 104   470
36  102 113  1388
37  108 122  2584
38  115 127   878
End
