P0	0 T0 3 
P1	0 T1 8 
P-1	1 T2 114 
P0	6 T3 23 
P2	7 T4 13 
P-1	12 T5 33 
P-1	12 T6 64 
P-1	15 T7 123 
P1	22 T8 25 
P-1	23 T9 98 
P-1	28 T10 35 
P-1	29 T11 41 
P0	31 T12 34 
P1	31 T13 55 
P2	33 T14 45 
P0	38 T15 57 
P-1	40 T16 111 
P-1	49 T17 63 
P-1	55 T18 59 
P2	55 T19 66 
P1	56 T20 72 
P0	59 T21 73 
P-1	63 T22 79 
P-1	70 T23 84 
P-1	71 T24 116 
P-1	73 T25 81 
P0	74 T26 79 
P1	77 T27 79 
P2	78 T28 86 
P0	80 T29 92 
P1	90 T30 94 
P-1	90 T31 109 
P-1	91 T32 108 
P-1	95 T33 106 
P0	97 T34 107 
P1	101 T35 104 
P2	102 T36 113 
P0	108 T37 122 
P1	115 T38 127 
NMec = 97880
Viable Sol. = 2678570020
Profit = 22
T = 39
P = 3
Profits ignored
Solution time = 1.985e+01
Task data
00    0   3     1
01    0   8     1
02    1 114     1
03    6  23     1
04    7  13     1
05   12  33     1
06   12  64     1
07   15 123     1
08   22  25     1
09   23  98     1
10   28  35     1
11   29  41     1
12   31  34     1
13   31  55     1
14   33  45     1
15   38  57     1
16   40 111     1
17   49  63     1
18   55  59     1
19   55  66     1
20   56  72     1
21   59  73     1
22   63  79     1
23   70  84     1
24   71 116     1
25   73  81     1
26   74  79     1
27   77  79     1
28   78  86     1
29   80  92     1
30   90  94     1
31   90 109     1
32   91 108     1
33   95 106     1
34   97 107     1
35  101 104     1
36  102 113     1
37  108 122     1
38  115 127     1
End
