P0	2 T0 5 
P1	2 T1 49 
P2	5 T2 9 
P3	5 T3 49 
P-1	6 T4 14 
P0	7 T5 27 
P-1	8 T6 22 
P4	9 T7 10 
P5	9 T8 26 
P-1	9 T9 47 
P2	10 T10 20 
P-1	10 T11 28 
P-1	11 T12 28 
P-1	12 T13 20 
P-1	12 T14 33 
P4	12 T15 38 
P-1	13 T16 20 
P-1	17 T17 36 
P-1	20 T18 23 
P-1	20 T19 35 
P-1	20 T20 38 
P-1	21 T21 38 
P2	22 T22 50 
P-1	24 T23 37 
P0	30 T24 40 
P5	32 T25 37 
P-1	34 T26 44 
P-1	34 T27 54 
P-1	37 T28 48 
P-1	38 T29 41 
P5	38 T30 63 
P-1	40 T31 52 
P0	41 T32 60 
P4	42 T33 63 
P-1	49 T34 56 
P1	50 T35 55 
P3	50 T36 64 
P1	59 T37 62 
P2	60 T38 63 
NMec = 97880
Viable Sol. = 38260588168
Profit = 57624
T = 39
P = 6
Profits not ignored
Solution time = 3.867e+02
Task data
00    2   5  1099
01    2  49  7058
02    5   9   468
03    5  49  7985
04    6  14  1169
05    7  27  4371
06    8  22  2167
07    9  10   142
08    9  26  3550
09    9  47  4720
10   10  20  2783
11   10  28  1889
12   11  28  3343
13   12  20  1304
14   12  33  3782
15   12  38  5829
16   13  20   521
17   17  36  1738
18   20  23   562
19   20  35  2087
20   20  38  1667
21   21  38  2213
22   22  50  6632
23   24  37   961
24   30  40  2118
25   32  37  1634
26   34  44  2023
27   34  54  2767
28   37  48  1271
29   38  41   681
30   38  63  3241
31   40  52  1454
32   41  60  2253
33   42  63  2609
34   49  56   724
35   50  55   514
36   50  64  3798
37   59  62   551
38   60  63   989
End
