P0	0 T0 10 
P-1	0 T1 11 
P1	0 T2 12 
P2	0 T3 37 
P-1	0 T4 43 
P3	1 T5 5 
P4	1 T6 8 
P5	2 T7 9 
P-1	3 T8 26 
P-1	4 T9 10 
P6	4 T10 21 
P7	4 T11 26 
P-1	6 T12 21 
P3	7 T13 17 
P-1	7 T14 18 
P8	7 T15 24 
P-1	7 T16 29 
P-1	8 T17 25 
P-1	9 T18 15 
P-1	9 T19 15 
P-1	9 T20 17 
P4	9 T21 23 
P-1	10 T22 23 
P0	11 T23 28 
P5	11 T24 31 
P1	14 T25 36 
P-1	15 T26 27 
P-1	17 T27 31 
P-1	17 T28 34 
P-1	19 T29 29 
P-1	20 T30 24 
P3	21 T31 39 
P-1	22 T32 34 
P-1	23 T33 33 
P4	24 T34 33 
P6	24 T35 39 
P8	26 T36 42 
P7	28 T37 41 
P0	38 T38 41 
NMec = 97880
Viable Sol. = 80849683996
Profit = 59371
T = 39
P = 9
Profits not ignored
Solution time = 7.064e+02
Task data
00    0  10  3189
01    0  11  1142
02    0  12  3122
03    0  37  8537
04    0  43  4232
05    1   5   525
06    1   8  1047
07    2   9  1933
08    3  26  1819
09    4  10   996
10    4  21  3560
11    4  26  3830
12    6  21  1123
13    7  17  1580
14    7  18  1291
15    7  24  3109
16    7  29  2943
17    8  25  2017
18    9  15   824
19    9  15  1348
20    9  17  1209
21    9  23  3655
22   10  23  1098
23   11  28  3166
24   11  31  4361
25   14  36  5573
26   15  27  2395
27   17  31  1057
28   17  34  1360
29   19  29  1183
30   20  24   581
31   21  39  3281
32   22  34  1741
33   23  33   879
34   24  33  2091
35   24  39  2133
36   26  42  2152
37   28  41  2130
38   38  41   397
End
