P-1	1 T0 53 
P-1	2 T1 21 
P0	3 T2 8 
P1	5 T3 14 
P2	7 T4 15 
P3	7 T5 20 
P-1	7 T6 47 
P-1	9 T7 34 
P-1	10 T8 15 
P-1	11 T9 16 
P0	11 T10 31 
P4	12 T11 22 
P-1	14 T12 35 
P-1	15 T13 21 
P-1	15 T14 28 
P1	15 T15 33 
P-1	15 T16 36 
P2	19 T17 38 
P-1	20 T18 65 
P-1	21 T19 44 
P3	21 T20 50 
P4	25 T21 50 
P-1	27 T22 35 
P-1	28 T23 46 
P-1	30 T24 35 
P-1	31 T25 37 
P-1	31 T26 40 
P-1	33 T27 46 
P-1	35 T28 48 
P0	35 T29 57 
P1	37 T30 59 
P2	43 T31 51 
P-1	46 T32 56 
P-1	50 T33 57 
P2	52 T34 67 
P3	54 T35 60 
P4	56 T36 69 
P0	59 T37 66 
P1	64 T38 73 
NMec = 97880
Viable Sol. = 5464798812
Profit = 50598
T = 39
P = 5
Profits not ignored
Solution time = 5.154e+01
Task data
00    1  53  5917
01    2  21  1581
02    3   8   594
03    5  14  1713
04    7  15  1001
05    7  20  2748
06    7  47  3969
07    9  34  3021
08   10  15   547
09   11  16   560
10   11  31  4428
11   12  22  2800
12   14  35  3980
13   15  21   754
14   15  28  2298
15   15  33  3636
16   15  36  2495
17   19  38  4674
18   20  65  4323
19   21  44  1689
20   21  50  4481
21   25  50  5321
22   27  35  2299
23   28  46  1459
24   30  35   944
25   31  37   495
26   31  40  2474
27   33  46  1448
28   35  48  1428
29   35  57  5023
30   37  59  4429
31   43  51  1102
32   46  56  1775
33   50  57   798
34   52  67  3405
35   54  60  1423
36   56  69  1940
37   59  66  1020
38   64  73   860
End
