P-1	0 T0 13 
P-1	0 T1 91 
P0	3 T2 13 
P-1	3 T3 16 
P-1	5 T4 95 
P-1	7 T5 17 
P1	9 T6 16 
P2	11 T7 20 
P3	12 T8 19 
P-1	13 T9 95 
P-1	16 T10 24 
P0	16 T11 26 
P1	17 T12 23 
P-1	17 T13 90 
P3	20 T14 32 
P2	23 T15 31 
P-1	32 T16 48 
P-1	32 T17 53 
P0	34 T18 46 
P1	35 T19 50 
P-1	38 T20 58 
P2	41 T21 42 
P3	41 T22 54 
P-1	44 T23 67 
P2	45 T24 53 
P0	54 T25 60 
P1	54 T26 62 
P2	54 T27 67 
P0	61 T28 78 
P1	64 T29 71 
P-1	66 T30 88 
P3	67 T31 76 
P2	71 T32 79 
P-1	74 T33 83 
P1	77 T34 96 
P3	78 T35 91 
P0	81 T36 97 
P2	82 T37 96 
P3	92 T38 94 
NMec = 97880
Viable Sol. = 15457551873
Profit = 25
T = 39
P = 4
Profits ignored
Solution time = 1.190e+02
Task data
00    0  13     1
01    0  91     1
02    3  13     1
03    3  16     1
04    5  95     1
05    7  17     1
06    9  16     1
07   11  20     1
08   12  19     1
09   13  95     1
10   16  24     1
11   16  26     1
12   17  23     1
13   17  90     1
14   20  32     1
15   23  31     1
16   32  48     1
17   32  53     1
18   34  46     1
19   35  50     1
20   38  58     1
21   41  42     1
22   41  54     1
23   44  67     1
24   45  53     1
25   54  60     1
26   54  62     1
27   54  67     1
28   61  78     1
29   64  71     1
30   66  88     1
31   67  76     1
32   71  79     1
33   74  83     1
34   77  96     1
35   78  91     1
36   81  97     1
37   82  96     1
38   92  94     1
End
