P-1	0 T0 10 
P-1	0 T1 13 
P0	5 T2 12 
P1	9 T3 14 
P-1	13 T4 174 
P-1	14 T5 31 
P0	16 T6 30 
P1	23 T7 25 
P-1	26 T8 50 
P1	27 T9 39 
P-1	28 T10 49 
P0	31 T11 41 
P-1	36 T12 54 
P1	40 T13 47 
P0	43 T14 54 
P0	61 T15 73 
P1	72 T16 87 
P-1	84 T17 95 
P0	87 T18 98 
P1	94 T19 105 
P0	100 T20 107 
P1	106 T21 113 
P-1	108 T22 116 
P0	108 T23 117 
P-1	111 T24 175 
P1	114 T25 122 
P-1	118 T26 128 
P0	123 T27 128 
P-1	125 T28 135 
P1	126 T29 136 
P0	129 T30 142 
P-1	134 T31 153 
P1	137 T32 149 
P0	144 T33 153 
P-1	165 T34 181 
P0	169 T35 181 
P-1	170 T36 187 
P1	180 T37 184 
P0	183 T38 192 
NMec = 97880
Viable Sol. = 4590705328
Profit = 24
T = 39
P = 2
Profits ignored
Solution time = 3.667e+01
Task data
00    0  10     1
01    0  13     1
02    5  12     1
03    9  14     1
04   13 174     1
05   14  31     1
06   16  30     1
07   23  25     1
08   26  50     1
09   27  39     1
10   28  49     1
11   31  41     1
12   36  54     1
13   40  47     1
14   43  54     1
15   61  73     1
16   72  87     1
17   84  95     1
18   87  98     1
19   94 105     1
20  100 107     1
21  106 113     1
22  108 116     1
23  108 117     1
24  111 175     1
25  114 122     1
26  118 128     1
27  123 128     1
28  125 135     1
29  126 136     1
30  129 142     1
31  134 153     1
32  137 149     1
33  144 153     1
34  165 181     1
35  169 181     1
36  170 187     1
37  180 184     1
38  183 192     1
End
