P-1	1 T0 53 
P-1	2 T1 21 
P0	3 T2 8 
P1	5 T3 14 
P-1	7 T4 15 
P-1	7 T5 20 
P-1	7 T6 47 
P-1	9 T7 34 
P-1	10 T8 15 
P-1	11 T9 16 
P0	11 T10 31 
P2	12 T11 22 
P-1	14 T12 35 
P1	15 T13 21 
P3	15 T14 28 
P4	15 T15 33 
P-1	15 T16 36 
P-1	19 T17 38 
P-1	20 T18 65 
P-1	21 T19 44 
P-1	21 T20 50 
P-1	25 T21 50 
P-1	27 T22 35 
P-1	28 T23 46 
P1	30 T24 35 
P2	31 T25 37 
P3	31 T26 40 
P0	33 T27 46 
P4	35 T28 48 
P-1	35 T29 57 
P-1	37 T30 59 
P1	43 T31 51 
P2	46 T32 56 
P0	50 T33 57 
P1	52 T34 67 
P3	54 T35 60 
P4	56 T36 69 
P0	59 T37 66 
P2	64 T38 73 
NMec = 97880
Viable Sol. = 5464798812
Profit = 20
T = 39
P = 5
Profits ignored
Solution time = 4.503e+01
Task data
00    1  53     1
01    2  21     1
02    3   8     1
03    5  14     1
04    7  15     1
05    7  20     1
06    7  47     1
07    9  34     1
08   10  15     1
09   11  16     1
10   11  31     1
11   12  22     1
12   14  35     1
13   15  21     1
14   15  28     1
15   15  33     1
16   15  36     1
17   19  38     1
18   20  65     1
19   21  44     1
20   21  50     1
21   25  50     1
22   27  35     1
23   28  46     1
24   30  35     1
25   31  37     1
26   31  40     1
27   33  46     1
28   35  48     1
29   35  57     1
30   37  59     1
31   43  51     1
32   46  56     1
33   50  57     1
34   52  67     1
35   54  60     1
36   56  69     1
37   59  66     1
38   64  73     1
End
