P0	0 T0 33 
P1	1 T1 20 
P-1	1 T2 22 
P2	2 T3 6 
P3	2 T4 18 
P4	3 T5 11 
P5	3 T6 12 
P-1	3 T7 20 
P6	3 T8 21 
P7	3 T9 38 
P8	4 T10 16 
P9	5 T11 23 
P-1	6 T12 7 
P-1	7 T13 31 
P2	8 T14 14 
P-1	9 T15 28 
P-1	10 T16 22 
P-1	10 T17 25 
P-1	10 T18 37 
P-1	11 T19 22 
P-1	11 T20 27 
P-1	13 T21 19 
P-1	14 T22 24 
P4	14 T23 26 
P5	14 T24 31 
P-1	15 T25 22 
P2	16 T26 23 
P-1	16 T27 27 
P8	17 T28 38 
P-1	19 T29 22 
P3	19 T30 29 
P-1	20 T31 27 
P1	21 T32 23 
P1	26 T33 32 
P2	26 T34 36 
P4	27 T35 29 
P6	27 T36 32 
P9	28 T37 38 
P3	30 T38 33 
NMec = 97880
Viable Sol. = 103584703624
Profit = 52387
T = 39
P = 10
Profits not ignored
Solution time = 8.404e+02
Task data
00    0  33  5272
01    1  20  2594
02    1  22  2206
03    2   6  1433
04    2  18  3938
05    3  11   915
06    3  12   583
07    3  20  1426
08    3  21  4078
09    3  38  4443
10    4  16  3310
11    5  23  3504
12    6   7   223
13    7  31  2017
14    8  14   663
15    9  28  1792
16   10  22  1994
17   10  25  1650
18   10  37  2922
19   11  22  1752
20   11  27  1867
21   13  19   908
22   14  24  1230
23   14  26  2610
24   14  31  3887
25   15  22  1426
26   16  23  2168
27   16  27  2012
28   17  38  1339
29   19  22   490
30   19  29  2790
31   20  27   658
32   21  23   753
33   26  32   908
34   26  36  2367
35   27  29   292
36   27  32  1207
37   28  38  2638
38   30  33   695
End
