P0	6 T0 332 
P-1	12 T1 19 
P-1	15 T2 24 
P-1	15 T3 30 
P-1	36 T4 45 
P-1	47 T5 50 
P-1	54 T6 72 
P-1	73 T7 100 
P-1	86 T8 95 
P-1	101 T9 115 
P-1	124 T10 140 
P-1	129 T11 141 
P-1	129 T12 142 
P-1	140 T13 160 
P-1	141 T14 150 
P-1	142 T15 162 
P-1	143 T16 163 
P-1	157 T17 172 
P-1	159 T18 172 
P-1	162 T19 180 
P-1	165 T20 170 
P-1	180 T21 206 
P-1	203 T22 225 
P-1	208 T23 236 
P-1	214 T24 223 
P-1	245 T25 255 
P-1	245 T26 256 
P-1	273 T27 282 
P-1	295 T28 310 
P-1	310 T29 317 
P-1	311 T30 324 
P-1	313 T31 323 
P-1	321 T32 334 
P0	336 T33 347 
P-1	352 T34 356 
P0	356 T35 373 
P-1	360 T36 365 
P-1	361 T37 367 
P-1	367 T38 383 
P0	383 T39 392 
NMec = 97880
Viable Sol. = 127733796
Profit = 46422
T = 40
P = 1
Profits not ignored
Solution time = 1.531e+00
Task data
00    6 332 39208
01   12  19  1962
02   15  24  1108
03   15  30  1499
04   36  45  1796
05   47  50   845
06   54  72  2179
07   73 100  4090
08   86  95   981
09  101 115   805
10  124 140  2798
11  129 141  3739
12  129 142  2168
13  140 160  5145
14  141 150  1378
15  142 162  2671
16  143 163  2223
17  157 172  1927
18  159 172  1287
19  162 180  1881
20  165 170   831
21  180 206  3230
22  203 225  2432
23  208 236  2811
24  214 223  1089
25  245 255  2894
26  245 256  2061
27  273 282  1418
28  295 310  2556
29  310 317  1222
30  311 324  2690
31  313 323  1539
32  321 334  1117
33  336 347  2858
34  352 356   567
35  356 373  3427
36  360 365  1655
37  361 367   757
38  367 383  1219
39  383 392   929
End
