P0	2 T0 20 
P1	4 T1 11 
P2	11 T2 29 
P1	12 T3 28 
P-1	19 T4 27 
P-1	21 T5 35 
P0	28 T6 46 
P1	30 T7 49 
P-1	34 T8 85 
P2	37 T9 44 
P-1	42 T10 54 
P-1	45 T11 62 
P0	50 T12 72 
P1	50 T13 130 
P2	53 T14 75 
P-1	56 T15 70 
P-1	58 T16 72 
P-1	60 T17 72 
P-1	63 T18 82 
P0	79 T19 88 
P-1	80 T20 97 
P2	82 T21 92 
P-1	87 T22 93 
P-1	88 T23 93 
P0	91 T24 98 
P2	93 T25 106 
P-1	96 T26 99 
P-1	97 T27 108 
P0	99 T28 117 
P-1	103 T29 115 
P-1	107 T30 116 
P2	107 T31 129 
P-1	107 T32 130 
P-1	108 T33 128 
P-1	112 T34 117 
P-1	112 T35 123 
P0	118 T36 124 
P-1	125 T37 131 
P0	127 T38 131 
P1	131 T39 133 
NMec = 97880
Viable Sol. = 30279063644
Profit = 66068
T = 40
P = 3
Profits not ignored
Solution time = 2.943e+02
Task data
00    2  20  1458
01    4  11  1497
02   11  29  4203
03   12  28  3042
04   19  27   857
05   21  35  1581
06   28  46  4897
07   30  49  2299
08   34  85  6002
09   37  44  1329
10   42  54  1370
11   45  62  1991
12   50  72  4884
13   50 130 22790
14   53  75  5686
15   56  70  1483
16   58  72  1948
17   60  72  2050
18   63  82  1882
19   79  88  2331
20   80  97  1968
21   82  92  1295
22   87  93   952
23   88  93  1756
24   91  98   721
25   93 106  1588
26   96  99   307
27   97 108   825
28   99 117  3257
29  103 115  1810
30  107 116  1715
31  107 129  2883
32  107 130  2022
33  108 128  1757
34  112 117   783
35  112 123  1242
36  118 124   553
37  125 131   709
38  127 131   986
39  131 133   369
End
