P0	0 T0 26 
P1	1 T1 22 
P2	8 T2 11 
P-1	8 T3 45 
P3	10 T4 12 
P2	12 T5 27 
P4	12 T6 74 
P-1	14 T7 24 
P-1	16 T8 25 
P-1	19 T9 29 
P3	22 T10 41 
P-1	23 T11 26 
P-1	23 T12 47 
P1	24 T13 39 
P0	29 T14 52 
P-1	30 T15 42 
P2	30 T16 49 
P-1	31 T17 48 
P-1	31 T18 58 
P-1	34 T19 59 
P-1	35 T20 46 
P-1	35 T21 51 
P-1	35 T22 51 
P-1	36 T23 58 
P-1	36 T24 63 
P-1	38 T25 57 
P-1	38 T26 59 
P-1	38 T27 60 
P-1	40 T28 53 
P1	41 T29 56 
P3	43 T30 57 
P-1	48 T31 55 
P-1	51 T32 58 
P2	52 T33 68 
P0	53 T34 60 
P-1	55 T35 64 
P-1	56 T36 69 
P1	59 T37 76 
P3	60 T38 67 
P0	67 T39 79 
NMec = 97880
Viable Sol. = 5900251512
Profit = 45914
T = 40
P = 5
Profits not ignored
Solution time = 5.367e+01
Task data
00    0  26  3040
01    1  22  3101
02    8  11   812
03    8  45  3290
04   10  12   328
05   12  27  1215
06   12  74  7437
07   14  24  1128
08   16  25   826
09   19  29  1062
10   22  41  3724
11   23  26   290
12   23  47  2644
13   24  39  2475
14   29  52  4242
15   30  42  1665
16   30  49  4082
17   31  48  1977
18   31  58  4059
19   34  59  4463
20   35  46   836
21   35  51  2066
22   35  51  2234
23   36  58  4275
24   36  63  4744
25   38  57  4017
26   38  59  2082
27   38  60  3373
28   40  53  1413
29   41  56  2345
30   43  57  2952
31   48  55   981
32   51  58  1070
33   52  68  2871
34   53  60  1676
35   55  64  1497
36   56  69  1860
37   59  76  2940
38   60  67   975
39   67  79  1699
End
