P0	0 T0 18 
P1	2 T1 36 
P-1	4 T2 19 
P-1	4 T3 26 
P2	4 T4 28 
P3	4 T5 29 
P4	5 T6 9 
P5	5 T7 16 
P6	7 T8 14 
P-1	7 T9 16 
P7	7 T10 48 
P-1	11 T11 16 
P4	11 T12 22 
P-1	11 T13 25 
P-1	11 T14 31 
P-1	14 T15 40 
P0	19 T16 30 
P-1	19 T17 30 
P-1	21 T18 28 
P-1	21 T19 40 
P5	21 T20 41 
P-1	22 T21 29 
P-1	22 T22 32 
P-1	22 T23 48 
P-1	22 T24 48 
P-1	23 T25 33 
P4	23 T26 40 
P6	23 T27 45 
P-1	26 T28 36 
P-1	26 T29 47 
P-1	28 T30 39 
P-1	28 T31 43 
P2	30 T32 46 
P0	31 T33 45 
P-1	32 T34 36 
P-1	34 T35 43 
P-1	36 T36 41 
P-1	36 T37 42 
P3	36 T38 45 
P1	37 T39 40 
NMec = 97880
Viable Sol. = 70897118052
Profit = 60065
T = 40
P = 8
Profits not ignored
Solution time = 6.594e+02
Task data
00    0  18  3297
01    2  36  7080
02    4  19  1062
03    4  26  2522
04    4  28  5015
05    4  29  6081
06    5   9   487
07    5  16  2163
08    7  14  1750
09    7  16  1618
10    7  48  7031
11   11  16  1438
12   11  22  3137
13   11  25  2671
14   11  31  3170
15   14  40  4123
16   19  30  2966
17   19  30  1324
18   21  28   911
19   21  40  2619
20   21  41  4900
21   22  29   931
22   22  32  1298
23   22  48  3585
24   22  48  1947
25   23  33  1093
26   23  40  4282
27   23  45  5134
28   26  36  1028
29   26  47  3289
30   28  39  2722
31   28  43  2718
32   30  46  2811
33   31  45  1844
34   32  36   672
35   34  43   756
36   36  41   571
37   36  42   813
38   36  45  1738
39   37  40   349
End
