P-1	0 T0 10 
P-1	1 T1 392 
P-1	3 T2 402 
P0	4 T3 17 
P-1	16 T4 403 
P0	24 T5 39 
P-1	47 T6 65 
P0	58 T7 321 
P-1	59 T8 239 
P-1	80 T9 91 
P-1	88 T10 103 
P-1	90 T11 97 
P-1	94 T12 95 
P-1	99 T13 113 
P-1	159 T14 166 
P-1	161 T15 181 
P-1	185 T16 203 
P-1	194 T17 207 
P-1	202 T18 221 
P-1	238 T19 261 
P-1	256 T20 399 
P-1	273 T21 288 
P-1	274 T22 278 
P-1	298 T23 307 
P-1	298 T24 308 
P-1	309 T25 320 
P-1	315 T26 337 
P-1	320 T27 339 
P0	329 T28 336 
P-1	340 T29 350 
P0	342 T30 358 
P-1	350 T31 353 
P-1	350 T32 356 
P-1	354 T33 366 
P-1	358 T34 374 
P0	363 T35 372 
P-1	365 T36 373 
P0	373 T37 378 
P-1	382 T38 394 
P0	384 T39 393 
P0	395 T40 400 
NMec = 97880
Viable Sol. = 35997275
Profit = 65064
T = 41
P = 1
Profits not ignored
Solution time = 2.873e-01
Task data
00    0  10  3167
01    1 392 46197
02    3 402 64859
03    4  17  3909
04   16 403 49701
05   24  39  1032
06   47  65  2398
07   58 321 50320
08   59 239 20863
09   80  91  3253
10   88 103  3245
11   90  97   740
12   94  95   237
13   99 113  1872
14  159 166  1466
15  161 181  3200
16  185 203  3400
17  194 207  1585
18  202 221  2180
19  238 261  3005
20  256 399 27148
21  273 288  3542
22  274 278   909
23  298 307  2300
24  298 308  1680
25  309 320  2214
26  315 337  2391
27  320 339  3609
28  329 336  1515
29  340 350  1855
30  342 358  3232
31  350 353   925
32  350 356  1865
33  354 366  1370
34  358 374  1571
35  363 372  1782
36  365 373  1217
37  373 378   480
38  382 394  1266
39  384 393  2102
40  395 400   692
End
