P0	1 T0 5 
P1	1 T1 12 
P2	2 T2 36 
P3	3 T3 22 
P-1	4 T4 15 
P-1	6 T5 9 
P0	6 T6 14 
P-1	7 T7 25 
P-1	7 T8 26 
P-1	7 T9 27 
P4	8 T10 19 
P-1	8 T11 31 
P5	9 T12 20 
P6	9 T13 21 
P-1	9 T14 24 
P-1	9 T15 34 
P-1	10 T16 18 
P-1	11 T17 26 
P-1	12 T18 22 
P-1	13 T19 22 
P-1	14 T20 22 
P1	14 T21 52 
P-1	18 T22 34 
P0	19 T23 32 
P-1	20 T24 23 
P4	20 T25 35 
P5	22 T26 32 
P3	25 T27 31 
P6	25 T28 36 
P-1	27 T29 37 
P3	32 T30 57 
P0	35 T31 58 
P4	36 T32 47 
P-1	36 T33 50 
P2	37 T34 50 
P5	37 T35 51 
P6	40 T36 56 
P-1	41 T37 46 
P-1	45 T38 57 
P-1	46 T39 58 
P4	48 T40 53 
NMec = 97880
Viable Sol. = 176761126470
Profit = 58359
T = 41
P = 7
Profits not ignored
Solution time = 1.736e+03
Task data
00    1   5   894
01    1  12  3219
02    2  36  4105
03    3  22  2292
04    4  15  1347
05    6   9   244
06    6  14  1448
07    7  25  2527
08    7  26  1635
09    7  27  1905
10    8  19  1939
11    8  31  2857
12    9  20  3122
13    9  21  3067
14    9  24  2253
15    9  34  3229
16   10  18  1055
17   11  26  1943
18   12  22   946
19   13  22  1006
20   14  22  1202
21   14  52  9989
22   18  34  1087
23   19  32  2006
24   20  23   675
25   20  35  2115
26   22  32  2445
27   25  31   740
28   25  36  2219
29   27  37   750
30   32  57  4068
31   35  58  4290
32   36  47  1082
33   36  50  1168
34   37  50  2864
35   37  51  2620
36   40  56  2752
37   41  46  1009
38   45  57  1999
39   46  58  1869
40   48  53  1083
End
