P0	2 T0 4 
P-1	8 T1 20 
P-1	10 T2 25 
P0	10 T3 29 
P-1	10 T4 32 
P1	12 T5 185 
P0	33 T6 180 
P-1	35 T7 39 
P-1	40 T8 57 
P-1	52 T9 56 
P-1	55 T10 68 
P-1	63 T11 72 
P-1	63 T12 80 
P-1	68 T13 79 
P-1	69 T14 93 
P-1	72 T15 74 
P-1	73 T16 80 
P-1	81 T17 86 
P-1	83 T18 90 
P-1	90 T19 100 
P-1	97 T20 113 
P-1	99 T21 110 
P-1	100 T22 108 
P-1	121 T23 137 
P-1	122 T24 140 
P-1	123 T25 132 
P-1	135 T26 142 
P-1	135 T27 157 
P-1	136 T28 159 
P-1	139 T29 142 
P-1	150 T30 158 
P-1	150 T31 173 
P-1	154 T32 179 
P-1	155 T33 166 
P-1	161 T34 187 
P-1	173 T35 187 
P-1	176 T36 193 
P-1	180 T37 190 
P0	186 T38 195 
P-1	189 T39 193 
P1	189 T40 200 
NMec = 97880
Viable Sol. = 4429421110
Profit = 70732
T = 41
P = 2
Profits not ignored
Solution time = 3.894e+01
Task data
00    2   4   381
01    8  20  3112
02   10  25  2763
03   10  29  3632
04   10  32  2167
05   12 185 34631
06   33 180 28065
07   35  39   962
08   40  57  2496
09   52  56   629
10   55  68  1275
11   63  72  1498
12   63  80  2703
13   68  79  1387
14   69  93  2143
15   72  74   272
16   73  80  1457
17   81  86   894
18   83  90  1264
19   90 100   776
20   97 113  2389
21   99 110  3225
22  100 108  2350
23  121 137  3895
24  122 140  2717
25  123 132  1685
26  135 142  1740
27  135 157  2526
28  136 159  1549
29  139 142   382
30  150 158  1406
31  150 173  3396
32  154 179  3729
33  155 166  1781
34  161 187  4579
35  173 187  3291
36  176 193  2637
37  180 190  1065
38  186 195  1582
39  189 193   926
40  189 200  2441
End
