P0	0 T0 16 
P1	2 T1 20 
P2	2 T2 20 
P3	3 T3 9 
P4	6 T4 28 
P-1	9 T5 32 
P5	9 T6 64 
P-1	11 T7 19 
P-1	13 T8 21 
P-1	13 T9 36 
P-1	14 T10 26 
P-1	15 T11 16 
P-1	15 T12 25 
P-1	15 T13 46 
P-1	16 T14 17 
P-1	16 T15 46 
P3	16 T16 67 
P0	18 T17 36 
P-1	20 T18 37 
P1	21 T19 22 
P1	24 T20 46 
P-1	25 T21 33 
P-1	28 T22 39 
P-1	29 T23 38 
P2	29 T24 49 
P-1	30 T25 34 
P-1	30 T26 43 
P-1	30 T27 53 
P-1	31 T28 44 
P4	33 T29 45 
P-1	35 T30 56 
P-1	39 T31 43 
P0	41 T32 49 
P1	47 T33 58 
P-1	48 T34 59 
P-1	50 T35 56 
P-1	50 T36 57 
P0	50 T37 60 
P2	51 T38 59 
P4	51 T39 66 
P1	59 T40 60 
NMec = 97880
Viable Sol. = 89980695078
Profit = 63682
T = 41
P = 6
Profits not ignored
Solution time = 7.623e+02
Task data
00    0  16  3317
01    2  20  5489
02    2  20  3216
03    3   9   781
04    6  28  4447
05    9  32  2244
06    9  64 12208
07   11  19  1470
08   13  21   763
09   13  36  5475
10   14  26  1119
11   15  16   323
12   15  25  1041
13   15  46  4010
14   16  17   221
15   16  46  4858
16   16  67  9461
17   18  36  2441
18   20  37  2265
19   21  22   201
20   24  46  6742
21   25  33   895
22   28  39   825
23   29  38  1120
24   29  49  3459
25   30  34   745
26   30  43  1374
27   30  53  2951
28   31  44  2602
29   33  45  3068
30   35  56  2129
31   39  43   666
32   41  49  1436
33   47  58  1805
34   48  59   709
35   50  56   893
36   50  57   825
37   50  60  1818
38   51  59  1306
39   51  66  1955
40   59  60   532
End
