P0	10 T0 26 
P-1	15 T1 33 
P-1	31 T2 40 
P0	39 T3 196 
P-1	42 T4 49 
P-1	43 T5 370 
P-1	72 T6 86 
P-1	87 T7 100 
P-1	89 T8 94 
P-1	90 T9 95 
P-1	115 T10 128 
P-1	123 T11 146 
P-1	124 T12 134 
P-1	128 T13 348 
P-1	145 T14 164 
P-1	163 T15 174 
P-1	168 T16 192 
P-1	189 T17 369 
P-1	191 T18 195 
P-1	198 T19 209 
P-1	202 T20 227 
P0	204 T21 332 
P-1	208 T22 215 
P-1	208 T23 230 
P-1	223 T24 236 
P-1	228 T25 255 
P-1	245 T26 251 
P-1	249 T27 260 
P-1	282 T28 291 
P-1	298 T29 315 
P-1	303 T30 376 
P-1	309 T31 318 
P-1	313 T32 331 
P-1	321 T33 332 
P-1	330 T34 333 
P0	348 T35 354 
P-1	362 T36 383 
P-1	363 T37 372 
P0	372 T38 383 
P-1	373 T39 377 
P0	395 T40 404 
P-1	403 T41 404 
NMec = 97880
Viable Sol. = 47314977
Profit = 66588
T = 42
P = 1
Profits not ignored
Solution time = 3.829e-01
Task data
00   10  26  1934
01   15  33  1278
02   31  40  1977
03   39 196 24219
04   42  49  1715
05   43 370 41288
06   72  86  1948
07   87 100  1036
08   89  94  1331
09   90  95   928
10  115 128  2281
11  123 146  2692
12  124 134  1565
13  128 348 14723
14  145 164  3411
15  163 174  1634
16  168 192  3029
17  189 369 28907
18  191 195  1481
19  198 209  1501
20  202 227  3191
21  204 332 35347
22  208 215   738
23  208 230  1403
24  223 236  1061
25  228 255  2244
26  245 251  1118
27  249 260  1163
28  282 291   558
29  298 315  3507
30  303 376  8307
31  309 318  2252
32  313 331  1640
33  321 332  2815
34  330 333   687
35  348 354  1021
36  362 383  1194
37  363 372  1580
38  372 383  2790
39  373 377  1016
40  395 404  1277
41  403 404   196
End
