P0	1 T0 88 
P-1	2 T1 23 
P-1	4 T2 23 
P-1	10 T3 24 
P-1	10 T4 29 
P1	12 T5 161 
P-1	17 T6 40 
P-1	20 T7 39 
P-1	22 T8 28 
P-1	25 T9 28 
P-1	27 T10 32 
P-1	34 T11 38 
P-1	34 T12 42 
P-1	37 T13 47 
P-1	37 T14 49 
P-1	50 T15 188 
P-1	76 T16 79 
P-1	77 T17 84 
P0	92 T18 100 
P-1	99 T19 151 
P0	102 T20 115 
P-1	105 T21 124 
P-1	107 T22 118 
P-1	107 T23 123 
P-1	109 T24 111 
P-1	109 T25 123 
P-1	111 T26 125 
P-1	113 T27 124 
P-1	118 T28 127 
P0	121 T29 142 
P-1	125 T30 138 
P-1	126 T31 139 
P-1	128 T32 146 
P-1	134 T33 153 
P-1	138 T34 148 
P-1	141 T35 157 
P-1	142 T36 147 
P0	150 T37 159 
P0	174 T38 199 
P-1	179 T39 184 
P1	179 T40 206 
P-1	192 T41 198 
NMec = 97880
Viable Sol. = 544044415
Profit = 57109
T = 42
P = 2
Profits not ignored
Solution time = 3.964e+00
Task data
00    1  88 18423
01    2  23  2578
02    4  23  2250
03   10  24  2278
04   10  29  2893
05   12 161 18758
06   17  40  6557
07   20  39  1367
08   22  28  1481
09   25  28   327
10   27  32   784
11   34  38   717
12   34  42  1013
13   37  47  1123
14   37  49  2348
15   50 188 11974
16   76  79   617
17   77  84   775
18   92 100  1521
19   99 151  9397
20  102 115  3266
21  105 124  3750
22  107 118  1416
23  107 123  2078
24  109 111   331
25  109 123  1008
26  111 125  1253
27  113 124  2558
28  118 127  1826
29  121 142  4232
30  125 138  2042
31  126 139  1855
32  128 146  1892
33  134 153  3863
34  138 148  1543
35  141 157  1962
36  142 147   650
37  150 159  1956
38  174 199  2084
39  179 184   427
40  179 206  6869
41  192 198  1121
End
