P0	1 T0 5 
P1	1 T1 9 
P0	7 T2 40 
P1	10 T3 14 
P2	10 T4 19 
P3	11 T5 16 
P4	11 T6 26 
P5	12 T7 26 
P6	13 T8 28 
P-1	13 T9 42 
P1	16 T10 23 
P-1	17 T11 30 
P-1	18 T12 29 
P2	20 T13 43 
P-1	21 T14 26 
P3	21 T15 30 
P-1	22 T16 34 
P-1	23 T17 26 
P-1	24 T18 30 
P-1	24 T19 37 
P-1	24 T20 42 
P-1	25 T21 30 
P-1	26 T22 40 
P1	26 T23 44 
P-1	27 T24 44 
P4	28 T25 42 
P-1	28 T26 44 
P5	29 T27 40 
P3	32 T28 44 
P-1	35 T29 42 
P6	35 T30 44 
NMec = 2020
Viable Sol. = 335657308
Profit = 35944
T = 31
P = 7
Profits not ignored
Solution time = 4.713e+00
Task data
00    1   5   433
01    1   9   518
02    7  40  5623
03   10  14  1107
04   10  19   875
05   11  16  1289
06   11  26  2091
07   12  26  3386
08   13  28  2093
09   13  42  2842
10   16  23   525
11   17  30  1175
12   18  29   982
13   20  43  3585
14   21  26  1326
15   21  30  2168
16   22  34  1111
17   23  26   738
18   24  30  1056
19   24  37  2572
20   24  42  2989
21   25  30   452
22   26  40  1693
23   26  44  3303
24   27  44  1301
25   28  42  2244
26   28  44  1142
27   29  40  2436
28   32  44  2764
29   35  42   624
30   35  44  1504
End
