P0	1 T0 45 
P1	2 T1 17 
P2	2 T2 19 
P3	2 T3 37 
P-1	3 T4 25 
P4	3 T5 25 
P5	4 T6 23 
P-1	5 T7 31 
P-1	6 T8 12 
P-1	7 T9 18 
P6	8 T10 43 
P-1	10 T11 41 
P-1	11 T12 25 
P-1	13 T13 24 
P-1	14 T14 24 
P-1	14 T15 32 
P-1	16 T16 33 
P-1	17 T17 21 
P-1	18 T18 43 
P1	19 T19 28 
P2	22 T20 29 
P-1	24 T21 38 
P4	26 T22 29 
P-1	27 T23 29 
P5	27 T24 36 
P1	29 T25 45 
P2	31 T26 41 
P4	32 T27 40 
P-1	36 T28 42 
P-1	36 T29 43 
P3	38 T30 39 
P5	38 T31 45 
NMec = 2020
Viable Sol. = 706715319
Profit = 44644
T = 32
P = 7
Profits not ignored
Solution time = 9.026e+00
Task data
00    1  45  5614
01    2  17  3191
02    2  19  2217
03    2  37  6006
04    3  25  2094
05    3  25  4434
06    4  23  3289
07    5  31  2989
08    6  12  1087
09    7  18  1409
10    8  43  5210
11   10  41  4126
12   11  25  1650
13   13  24  1184
14   14  24  1964
15   14  32  2669
16   16  33  2816
17   17  21   777
18   18  43  2752
19   19  28  1412
20   22  29  1469
21   24  38  2024
22   26  29   458
23   27  29   363
24   27  36  2441
25   29  45  2337
26   31  41  2438
27   32  40  2028
28   36  42   796
29   36  43  1243
30   38  39   215
31   38  45  1885
End
