P0	1 T0 17 
P1	1 T1 20 
P2	2 T2 13 
P3	2 T3 16 
P-1	2 T4 20 
P4	2 T5 21 
P5	3 T6 9 
P-1	3 T7 22 
P6	6 T8 8 
P-1	6 T9 13 
P7	6 T10 14 
P8	7 T11 17 
P-1	8 T12 14 
P-1	9 T13 30 
P5	10 T14 18 
P-1	10 T15 20 
P-1	11 T16 22 
P-1	12 T17 21 
P-1	13 T18 23 
P-1	13 T19 26 
P6	13 T20 31 
P-1	13 T21 33 
P2	14 T22 29 
P7	15 T23 25 
P-1	17 T24 26 
P0	18 T25 26 
P3	18 T26 27 
P5	20 T27 26 
P8	20 T28 30 
P1	22 T29 35 
P4	26 T30 33 
P7	26 T31 34 
P0	29 T32 35 
NMec = 2020
Viable Sol. = -1804889630
Profit = 36006
T = 33
P = 9
Profits not ignored
Solution time = 2.862e+01
Task data
00    1  17  2239
01    1  20  2788
02    2  13  1645
03    2  16  1538
04    2  20  2005
05    2  21  3093
06    3   9   593
07    3  22  1200
08    6   8   463
09    6  13  1311
10    6  14  2060
11    7  17  1681
12    8  14   503
13    9  30  2546
14   10  18  1730
15   10  20   932
16   11  22   692
17   12  21  1932
18   13  23  2213
19   13  26  1706
20   13  31  3304
21   13  33  1749
22   14  29  1562
23   15  25  1772
24   17  26  1164
25   18  26  1726
26   18  27  2185
27   20  26  1747
28   20  30  1466
29   22  35  1886
30   26  33   895
31   26  34   905
32   29  35   728
End
