P0	0 T0 17 
P1	1 T1 2 
P2	1 T2 15 
P3	1 T3 16 
P4	2 T4 5 
P1	5 T5 21 
P4	6 T6 45 
P-1	7 T7 14 
P-1	7 T8 26 
P5	9 T9 37 
P6	9 T10 45 
P-1	10 T11 30 
P-1	12 T12 23 
P-1	13 T13 29 
P-1	14 T14 24 
P-1	16 T15 27 
P2	16 T16 32 
P0	20 T17 25 
P3	20 T18 32 
P-1	21 T19 41 
P-1	22 T20 46 
P-1	23 T21 41 
P1	23 T22 42 
P-1	26 T23 28 
P-1	26 T24 37 
P-1	26 T25 40 
P0	26 T26 43 
P-1	27 T27 30 
P-1	27 T28 36 
P-1	34 T29 40 
P2	34 T30 47 
P3	35 T31 45 
P1	43 T32 46 
NMec = 2020
Viable Sol. = 1326783632
Profit = 53475
T = 33
P = 7
Profits not ignored
Solution time = 1.713e+01
Task data
00    0  17  3749
01    1   2   334
02    1  15  3255
03    1  16  2343
04    2   5   492
05    5  21  2427
06    6  45  5699
07    7  14  1354
08    7  26  2037
09    9  37  5732
10    9  45  7261
11   10  30  3151
12   12  23  1115
13   13  29  3160
14   14  24  1669
15   16  27  1420
16   16  32  2863
17   20  25  1717
18   20  32  3278
19   21  41  2151
20   22  46  2727
21   23  41  1632
22   23  42  5126
23   26  28   787
24   26  37  2489
25   26  40  2855
26   26  43  4006
27   27  30   503
28   27  36  1134
29   34  40   730
30   34  47  3150
31   35  45  1313
32   43  46   730
End
