P0	0 T0 17 
P1	0 T1 17 
P2	0 T2 18 
P3	1 T3 8 
P4	3 T4 11 
P-1	3 T5 18 
P-1	3 T6 21 
P5	4 T7 20 
P-1	4 T8 27 
P6	5 T9 22 
P-1	6 T10 20 
P7	7 T11 11 
P-1	8 T12 19 
P3	10 T13 21 
P8	11 T14 16 
P9	11 T15 19 
P-1	11 T16 22 
P-1	11 T17 25 
P-1	11 T18 31 
P4	12 T19 19 
P7	12 T20 20 
P-1	12 T21 28 
P-1	13 T22 26 
P-1	17 T23 25 
P8	17 T24 30 
P0	18 T25 26 
P1	18 T26 32 
P2	20 T27 31 
P4	21 T28 26 
P5	21 T29 27 
P7	21 T30 30 
P3	23 T31 28 
P6	23 T32 30 
NMec = 2020
Viable Sol. = -907550612
Profit = 47276
T = 33
P = 10
Profits not ignored
Solution time = 4.052e+01
Task data
00    0  17  4800
01    0  17  3631
02    0  18  2681
03    1   8   839
04    3  11  1247
05    3  18  1624
06    3  21  1401
07    4  20  4342
08    4  27  2342
09    5  22  3621
10    6  20  1799
11    7  11   416
12    8  19  1346
13   10  21  2570
14   11  16  1002
15   11  19  2418
16   11  22  1577
17   11  25  1345
18   11  31  1701
19   12  19  2109
20   12  20  2492
21   12  28  2046
22   13  26  1487
23   17  25   825
24   17  30  2656
25   18  26  2073
26   18  32  1817
27   20  31  1980
28   21  26   431
29   21  27  1787
30   21  30  2505
31   23  28   897
32   23  30   962
End
