P0	2 T0 11 
P1	2 T1 14 
P-1	2 T2 21 
P-1	3 T3 14 
P2	5 T4 15 
P-1	5 T5 17 
P3	5 T6 18 
P4	5 T7 31 
P-1	6 T8 17 
P5	6 T9 17 
P-1	6 T10 28 
P-1	9 T11 26 
P-1	11 T12 27 
P-1	12 T13 20 
P0	12 T14 22 
P1	17 T15 53 
P2	18 T16 32 
P5	18 T17 34 
P-1	18 T18 36 
P3	19 T19 36 
P-1	21 T20 38 
P0	24 T21 26 
P-1	26 T22 35 
P-1	29 T23 37 
P0	29 T24 47 
P-1	30 T25 49 
P-1	31 T26 41 
P4	32 T27 52 
P2	35 T28 38 
P3	37 T29 48 
P5	38 T30 56 
P2	39 T31 51 
P-1	40 T32 44 
P-1	44 T33 51 
NMec = 2020
Viable Sol. = -1639284172
Profit = 46754
T = 34
P = 6
Profits not ignored
Solution time = 3.048e+01
Task data
00    2  11  2247
01    2  14  2011
02    2  21  1644
03    3  14  1041
04    5  15  2052
05    5  17  1233
06    5  18  1924
07    5  31  3074
08    6  17  1074
09    6  17  1728
10    6  28  2058
11    9  26  1349
12   11  27  1317
13   12  20   957
14   12  22  2076
15   17  53  5162
16   18  32  2671
17   18  34  3666
18   18  36  1848
19   19  36  4462
20   21  38  2290
21   24  26   444
22   26  35  1221
23   29  37  2124
24   29  47  4816
25   30  49  1843
26   31  41  2084
27   32  52  3182
28   35  38   882
29   37  48  1627
30   38  56  1449
31   39  51  3281
32   40  44   692
33   44  51  1119
End
