P0	0 T0 16 
P1	0 T1 17 
P-1	0 T2 21 
P-1	0 T3 30 
P2	1 T4 12 
P3	1 T5 23 
P-1	1 T6 24 
P4	1 T7 31 
P-1	2 T8 17 
P-1	2 T9 22 
P-1	2 T10 22 
P5	2 T11 25 
P6	4 T12 12 
P-1	5 T13 12 
P7	6 T14 18 
P8	6 T15 27 
P9	6 T16 27 
P-1	7 T17 16 
P-1	8 T18 18 
P-1	9 T19 11 
P-1	10 T20 19 
P-1	11 T21 21 
P2	13 T22 23 
P-1	13 T23 26 
P-1	14 T24 21 
P6	15 T25 32 
P-1	17 T26 20 
P-1	18 T27 20 
P0	19 T28 22 
P1	19 T29 28 
P-1	20 T30 26 
P7	20 T31 29 
P0	23 T32 32 
P2	24 T33 26 
NMec = 2020
Viable Sol. = 9180138
Profit = 49589
T = 34
P = 10
Profits not ignored
Solution time = 4.568e+01
Task data
00    0  16  3066
01    0  17  2777
02    0  21  2904
03    0  30  2610
04    1  12  3362
05    1  23  4954
06    1  24  2985
07    1  31  4157
08    2  17  1857
09    2  22  2940
10    2  22  2864
11    2  25  5105
12    4  12  2683
13    5  12  1379
14    6  18  2215
15    6  27  6299
16    6  27  3273
17    7  16  1551
18    8  18  1765
19    9  11   630
20   10  19  1468
21   11  21  1086
22   13  23  1628
23   13  26  1243
24   14  21   587
25   15  32  5065
26   17  20   658
27   18  20   359
28   19  22   809
29   19  28  1168
30   20  26   683
31   20  29   825
32   23  32  1682
33   24  26   521
End
