P0	0 T0 119 
P-1	2 T1 28 
P1	4 T2 14 
P-1	4 T3 109 
P2	5 T4 15 
P-1	10 T5 17 
P-1	11 T6 25 
P-1	11 T7 67 
P-1	11 T8 110 
P-1	13 T9 39 
P-1	18 T10 29 
P1	19 T11 21 
P1	22 T12 43 
P2	22 T13 113 
P-1	23 T14 43 
P-1	25 T15 27 
P-1	25 T16 33 
P-1	38 T17 53 
P-1	47 T18 67 
P-1	48 T19 64 
P-1	53 T20 72 
P-1	55 T21 64 
P-1	56 T22 69 
P1	56 T23 81 
P-1	60 T24 76 
P-1	61 T25 82 
P-1	62 T26 63 
P-1	64 T27 89 
P-1	78 T28 92 
P-1	80 T29 99 
P-1	82 T30 101 
P-1	86 T31 93 
P1	91 T32 107 
P-1	92 T33 117 
P-1	102 T34 109 
P1	108 T35 111 
NMec = 2020
Viable Sol. = 98205483
Profit = 53976
T = 36
P = 3
Profits not ignored
Solution time = 9.668e-01
Task data
00    0 119 20769
01    2  28  4221
02    4  14  1591
03    4 109 10441
04    5  15  2281
05   10  17   642
06   11  25  2215
07   11  67  8489
08   11 110  7624
09   13  39  2514
10   18  29   961
11   19  21   290
12   22  43  4790
13   22 113 14649
14   23  43  4137
15   25  27   471
16   25  33  1097
17   38  53  1637
18   47  67  2622
19   48  64  3539
20   53  72  2440
21   55  64  1056
22   56  69  2688
23   56  81  5944
24   60  76  3537
25   61  82  2766
26   62  63   361
27   64  89  2327
28   78  92  3246
29   80  99  1955
30   82 101  1851
31   86  93  1336
32   91 107  2950
33   92 117  3460
34  102 109   868
35  108 111   712
End
