P0	10 T0 18 
P-1	18 T1 30 
P0	20 T2 23 
P-1	21 T3 31 
P-1	23 T4 27 
P1	23 T5 156 
P0	25 T6 63 
P-1	29 T7 37 
P-1	39 T8 50 
P-1	42 T9 56 
P-1	43 T10 49 
P-1	47 T11 58 
P-1	56 T12 72 
P-1	60 T13 72 
P-1	64 T14 82 
P0	67 T15 77 
P-1	76 T16 96 
P-1	76 T17 98 
P0	78 T18 101 
P-1	82 T19 83 
P-1	85 T20 91 
P-1	87 T21 100 
P-1	89 T22 98 
P-1	94 T23 111 
P-1	101 T24 111 
P-1	101 T25 115 
P-1	108 T26 118 
P0	108 T27 124 
P-1	123 T28 127 
P0	125 T29 142 
P-1	138 T30 144 
P0	151 T31 156 
NMec = 2020
Viable Sol. = 45066032
Profit = 39356
T = 32
P = 2
Profits not ignored
Solution time = 3.835e-01
Task data
00   10  18  2114
01   18  30  2581
02   20  23   805
03   21  31  1840
04   23  27   378
05   23 156 19522
06   25  63  5902
07   29  37   720
08   39  50  1818
09   42  56  1313
10   43  49  1450
11   47  58  1166
12   56  72  3078
13   60  72  1886
14   64  82  1634
15   67  77  1285
16   76  96  2283
17   76  98  4282
18   78 101  4610
19   82  83   245
20   85  91  1580
21   87 100  3143
22   89  98   824
23   94 111  1068
24  101 111  3105
25  101 115  2183
26  108 118  2094
27  108 124  2715
28  123 127   465
29  125 142  1563
30  138 144   897
31  151 156   840
End
