P0	1 T0 12 
P1	2 T1 107 
P-1	6 T2 13 
P2	7 T3 19 
P-1	9 T4 24 
P-1	13 T5 29 
P-1	16 T6 28 
P0	17 T7 32 
P2	21 T8 38 
P-1	22 T9 23 
P-1	22 T10 31 
P-1	31 T11 86 
P-1	34 T12 50 
P0	35 T13 43 
P2	41 T14 50 
P-1	41 T15 59 
P-1	42 T16 63 
P-1	44 T17 52 
P-1	46 T18 64 
P-1	47 T19 71 
P0	47 T20 102 
P-1	49 T21 51 
P2	55 T22 64 
P-1	55 T23 71 
P-1	62 T24 77 
P2	65 T25 77 
P-1	66 T26 81 
P-1	71 T27 85 
P-1	74 T28 88 
P-1	81 T29 92 
P-1	84 T30 96 
P2	86 T31 107 
P-1	98 T32 100 
NMec = 2020
Viable Sol. = 121801336
Profit = 56312
T = 33
P = 3
Profits not ignored
Solution time = 1.387e+00
Task data
00    1  12  1395
01    2 107 17460
02    6  13  1334
03    7  19  3207
04    9  24  1940
05   13  29  3000
06   16  28  2264
07   17  32  3593
08   21  38  3089
09   22  23   288
10   22  31  1277
11   31  86  5557
12   34  50  1774
13   35  43   607
14   41  50  1911
15   41  59  2268
16   42  63  2302
17   44  52  1024
18   46  64  2671
19   47  71  4305
20   47 102 15963
21   49  51   576
22   55  64  1351
23   55  71  1514
24   62  77  3777
25   65  77  3147
26   66  81  2385
27   71  85  1770
28   74  88  2790
29   81  92  1785
30   84  96  2966
31   86 107  4589
32   98 100   485
End
