P-1	6 T0 111 
P0	9 T1 24 
P1	9 T2 33 
P-1	15 T3 24 
P-1	18 T4 90 
P0	26 T5 46 
P1	40 T6 150 
P0	49 T7 64 
P-1	55 T8 68 
P-1	64 T9 79 
P-1	66 T10 86 
P0	68 T11 125 
P-1	74 T12 88 
P-1	75 T13 138 
P-1	76 T14 84 
P-1	77 T15 89 
P-1	77 T16 93 
P-1	90 T17 112 
P-1	96 T18 109 
P-1	97 T19 106 
P-1	106 T20 108 
P-1	107 T21 116 
P-1	110 T22 122 
P-1	118 T23 125 
P-1	118 T24 134 
P-1	119 T25 129 
P0	129 T26 135 
P-1	139 T27 152 
P-1	141 T28 145 
P-1	141 T29 154 
P0	144 T30 160 
P-1	145 T31 169 
P-1	147 T32 155 
P1	151 T33 161 
P-1	152 T34 159 
NMec = 2020
Viable Sol. = 28267512
Profit = 54726
T = 35
P = 2
Profits not ignored
Solution time = 5.117e-01
Task data
00    6 111 12068
01    9  24  3077
02    9  33  4771
03   15  24  2066
04   18  90  7332
05   26  46  5353
06   40 150 23599
07   49  64  2360
08   55  68  2269
09   64  79  1997
10   66  86  3325
11   68 125  9816
12   74  88  1575
13   75 138  9163
14   76  84   754
15   77  89  2043
16   77  93  1509
17   90 112  2848
18   96 109  2886
19   97 106  1992
20  106 108   366
21  107 116  1114
22  110 122  1458
23  118 125  1049
24  118 134  1907
25  119 129  1024
26  129 135   386
27  139 152  1605
28  141 145  1047
29  141 154  2483
30  144 160  3183
31  145 169  1763
32  147 155  1473
33  151 161  2181
34  152 159  1402
End
