P0	0 T0 64 
P1	1 T1 19 
P2	3 T2 8 
P-1	4 T3 57 
P-1	4 T4 68 
P-1	9 T5 21 
P2	10 T6 67 
P-1	11 T7 17 
P-1	13 T8 26 
P-1	13 T9 32 
P-1	15 T10 33 
P3	15 T11 68 
P-1	16 T12 30 
P4	16 T13 58 
P-1	20 T14 37 
P-1	21 T15 46 
P-1	23 T16 37 
P-1	24 T17 36 
P-1	24 T18 41 
P-1	25 T19 33 
P1	25 T20 45 
P-1	27 T21 50 
P-1	28 T22 45 
P-1	34 T23 43 
P-1	34 T24 45 
P-1	37 T25 52 
P-1	47 T26 54 
P-1	47 T27 59 
P1	47 T28 68 
P-1	49 T29 53 
P-1	49 T30 57 
P-1	49 T31 68 
P-1	50 T32 58 
P-1	54 T33 65 
P0	65 T34 68 
NMec = 2020
Viable Sol. = 398552880
Profit = 54991
T = 35
P = 5
Profits not ignored
Solution time = 4.715e+00
Task data
00    0  64  8411
01    1  19  2780
02    3   8  1123
03    4  57  3491
04    4  68  7905
05    9  21  1768
06   10  67 12061
07   11  17   601
08   13  26  1390
09   13  32  2122
10   15  33  2605
11   15  68 11562
12   16  30  1686
13   16  58  8578
14   20  37  2315
15   21  46  2185
16   23  37  1246
17   24  36  2101
18   24  41  1055
19   25  33   828
20   25  45  5265
21   27  50  2325
22   28  45  2229
23   34  43   764
24   34  45  2703
25   37  52  1337
26   47  54  1717
27   47  59  2943
28   47  68  4691
29   49  53   775
30   49  57  1547
31   49  68  2269
32   50  58  1695
33   54  65  1773
34   65  68   520
End
