P0	0 T0 9 
P1	1 T1 8 
P2	1 T2 22 
P-1	1 T3 29 
P3	2 T4 15 
P4	2 T5 18 
P5	6 T6 17 
P6	7 T7 15 
P-1	7 T8 28 
P-1	7 T9 32 
P-1	8 T10 28 
P0	10 T11 40 
P1	16 T12 19 
P3	17 T13 19 
P6	17 T14 24 
P4	19 T15 28 
P1	20 T16 32 
P-1	20 T17 42 
P3	21 T18 35 
P-1	21 T19 35 
P5	21 T20 43 
P-1	22 T21 31 
P-1	25 T22 32 
P2	25 T23 43 
P6	27 T24 32 
P-1	27 T25 37 
P-1	27 T26 42 
P-1	27 T27 46 
P-1	29 T28 37 
P-1	29 T29 37 
P4	29 T30 46 
P1	33 T31 43 
P-1	35 T32 39 
P3	36 T33 46 
P6	37 T34 45 
NMec = 2020
Viable Sol. = 408760847
Profit = 41848
T = 35
P = 7
Profits not ignored
Solution time = 6.170e+01
Task data
00    0   9   873
01    1   8   706
02    1  22  2518
03    1  29  2987
04    2  15  2096
05    2  18  2685
06    6  17  2664
07    7  15  1138
08    7  28  1293
09    7  32  2529
10    8  28  2422
11   10  40  4799
12   16  19   880
13   17  19   639
14   17  24  1597
15   19  28  2069
16   20  32  1979
17   20  42  2373
18   21  35  1725
19   21  35  1602
20   21  43  2951
21   22  31   958
22   25  32   637
23   25  43  2090
24   27  32   721
25   27  37  1052
26   27  42  1560
27   27  46  1380
28   29  37  1671
29   29  37   843
30   29  46  3771
31   33  43  1710
32   35  39   371
33   36  46  2341
34   37  45  1896
End
