P0	1 T0 6 
P1	1 T1 7 
P-1	3 T2 16 
P2	3 T3 17 
P-1	4 T4 38 
P3	6 T5 19 
P-1	7 T6 14 
P0	7 T7 16 
P-1	9 T8 22 
P1	10 T9 24 
P4	11 T10 30 
P0	21 T11 28 
P-1	22 T12 61 
P2	23 T13 36 
P-1	25 T14 31 
P1	25 T15 65 
P3	26 T16 42 
P-1	26 T17 44 
P0	30 T18 38 
P-1	30 T19 49 
P4	31 T20 55 
P-1	33 T21 49 
P2	37 T22 43 
P-1	38 T23 53 
P0	40 T24 46 
P-1	42 T25 53 
P3	43 T26 49 
P-1	43 T27 60 
P2	45 T28 49 
P0	47 T29 58 
P-1	49 T30 57 
P2	50 T31 63 
P3	51 T32 67 
P4	56 T33 69 
P0	59 T34 67 
P1	66 T35 71 
NMec = 2020
Viable Sol. = 176343464
Profit = 48923
T = 36
P = 5
Profits not ignored
Solution time = 8.592e+01
Task data
00    1   6   918
01    1   7  1459
02    3  16  1570
03    3  17  3192
04    4  38  2691
05    6  19  2222
06    7  14   831
07    7  16  1769
08    9  22  1766
09   10  24  2191
10   11  30  2526
11   21  28  1528
12   22  61  3768
13   23  36  2930
14   25  31  1785
15   25  65  8395
16   26  42  3119
17   26  44  2094
18   30  38  1234
19   30  49  2018
20   31  55  3336
21   33  49  1265
22   37  43   733
23   38  53  2119
24   40  46   753
25   42  53  1895
26   43  49  1436
27   43  60  2073
28   45  49   568
29   47  58  3191
30   49  57  1435
31   50  63  2079
32   51  67  1385
33   56  69  2253
34   59  67  1139
35   66  71   567
End
