P-1	0 T0 10 
P0	1 T1 12 
P1	1 T2 64 
P2	2 T3 5 
P3	2 T4 26 
P-1	4 T5 9 
P-1	4 T6 16 
P2	7 T7 33 
P-1	8 T8 12 
P-1	12 T9 27 
P0	14 T10 26 
P-1	19 T11 22 
P-1	24 T12 41 
P-1	25 T13 29 
P-1	25 T14 30 
P-1	26 T15 30 
P-1	26 T16 47 
P0	33 T17 39 
P-1	35 T18 41 
P-1	35 T19 51 
P2	39 T20 45 
P0	40 T21 48 
P3	40 T22 86 
P-1	44 T23 53 
P-1	44 T24 89 
P-1	47 T25 64 
P-1	48 T26 50 
P0	49 T27 74 
P-1	50 T28 59 
P2	50 T29 70 
P-1	54 T30 73 
P-1	61 T31 78 
P-1	64 T32 66 
P1	67 T33 75 
P2	72 T34 86 
P0	75 T35 87 
NMec = 2020
Viable Sol. = 487837476
Profit = 51893
T = 36
P = 4
Profits not ignored
Solution time = 5.728e+01
Task data
00    0  10   900
01    1  12  2731
02    1  64  8030
03    2   5   508
04    2  26  3446
05    4   9   538
06    4  16  1001
07    7  33  5956
08    8  12  1073
09   12  27  1989
10   14  26  2023
11   19  22   377
12   24  41  1047
13   25  29   634
14   25  30  1050
15   26  30   320
16   26  47  1918
17   33  39   918
18   35  41   590
19   35  51  2306
20   39  45  1022
21   40  48  1862
22   40  86 11071
23   44  53  1237
24   44  89  3525
25   47  64  2625
26   48  50   669
27   49  74  4664
28   50  59  2585
29   50  70  4341
30   54  73  2219
31   61  78  2747
32   64  66   336
33   67  75  1397
34   72  86  1567
35   75  87  2357
End
